Sample size N: 100
73.08617
90.40989
3.70409
91.18918
88.64572
93.08058
17.09939
82.60810
45.89351
4.98233
73.81884
8.81339
84.59301
4.35061
7.92188
51.66720
67.57211
22.93443
39.62895
21.31096
85.02468
65.48535
79.51896
49.22126
0.58782
97.54501
53.36633
52.25576
75.05316
11.35741
34.74505
41.50289
28.04189
12.41806
58.16916
7.50042
75.24251
56.22759
79.60593
28.13796
66.21719
54.56240
88.33136
22.59983
56.13102
28.30592
11.79152
28.61259
29.97401
27.07605
90.71090
59.23173
89.23742
7.98400
11.35001
68.80737
11.70163
77.99221
5.07244
49.11648
42.85132
19.96491
71.58839
23.90251
33.02176
0.46090
32.57617
71.59303
76.68728
30.38850
54.92269
99.89769
25.85716
66.18929
85.60477
34.19828
43.93211
87.74984
78.50738
49.46402
24.06969
24.04466
62.75687
46.94241
61.68275
94.48786
34.66873
11.52365
66.41200
18.88347
23.23580
42.91358
31.01799
77.46796
74.36614
17.47091
57.18983
34.19026
15.24413
48.52656
