Sample size N: 1000
38.46777
30.57584
1.94548
19.16115
60.53400
77.23900
48.14422
54.74513
64.82357
82.26193
33.04117
86.48355
60.74713
66.71463
78.34847
86.03649
79.39514
74.88679
49.56365
9.94492
5.06611
13.94947
29.17657
42.56731
48.46869
78.27693
75.42820
65.05382
34.26268
69.04465
15.92316
88.78615
6.43886
16.54510
55.75855
13.26956
83.47688
86.26417
91.86806
84.05350
1.05746
25.19554
23.53403
98.31058
57.26551
30.81643
11.94746
17.15331
92.39084
54.61099
48.64718
63.98790
40.60160
60.08582
9.96380
75.18272
54.17422
20.01782
34.45361
76.04121
65.82017
84.76100
92.87132
28.57771
9.95882
24.30427
26.79220
97.77219
63.97775
94.31943
6.90245
58.15025
0.17411
8.90459
77.08034
76.82146
55.64169
47.57016
42.95725
61.27586
87.42572
28.22779
31.47907
27.28508
69.45001
25.97508
38.00148
93.98664
81.24419
54.00318
62.19485
97.21929
20.65689
39.82240
63.66021
7.50804
84.12752
66.65168
59.53854
83.93401
23.76009
53.06683
15.41790
94.94507
41.60300
5.50822
25.74601
2.21180
13.27589
48.60501
54.33391
73.53967
20.32307
65.89837
30.02914
92.67319
46.34513
7.79827
52.95839
49.39695
68.36899
77.09159
26.23115
86.61601
84.91817
57.12975
74.79819
61.11642
43.31530
2.47342
44.90492
19.59972
59.29758
78.73568
59.43544
41.78511
76.94945
98.93660
32.32829
46.19869
78.79941
34.38691
39.16946
33.06581
63.28191
10.64861
21.70957
19.97330
84.54227
91.24591
69.68544
44.39946
56.04175
89.88157
33.34032
22.35275
82.23201
6.89582
19.92943
77.59294
91.58235
17.12179
17.64955
45.01984
47.35800
76.27715
4.08794
6.20216
78.53891
29.42417
68.51066
52.50966
71.16214
11.84721
96.72522
37.73201
61.00069
37.30519
73.94318
77.77590
12.85805
82.98689
23.98113
80.39575
44.51932
94.21571
13.51611
26.50241
60.96436
27.80649
36.84913
57.45765
13.47425
50.95379
24.60822
53.52818
11.47723
16.16146
75.53559
0.10197
79.23224
90.01036
32.93933
5.56257
21.66080
46.00023
3.76260
55.27547
37.71751
1.10536
75.07126
51.66870
22.30396
42.79924
0.33178
32.21145
92.80370
4.32429
20.44337
42.63286
78.15125
19.62923
41.61838
26.63160
80.56241
41.88596
90.95264
46.48175
6.02369
64.38097
47.74387
15.37899
9.60669
32.21383
91.39305
24.41512
52.43141
39.41537
10.19270
4.91568
96.57889
92.19459
13.85800
66.07031
76.18785
62.03375
58.41038
7.61780
50.80416
88.75809
97.66854
36.21750
7.40312
82.52257
77.54414
78.37681
96.29412
73.65262
52.55262
61.27011
4.27995
25.65556
13.40249
82.49517
64.32023
82.97988
25.21191
39.99751
93.85994
98.76800
16.42913
66.87282
69.74422
9.57402
33.56566
62.02216
10.99740
7.85499
57.57459
85.61521
99.42399
29.85981
73.60594
51.59655
37.72555
46.34185
12.46639
52.31202
29.01861
66.30880
12.97353
13.68064
73.13290
92.04740
2.00634
9.31513
63.12907
0.73502
37.58571
61.27453
5.97702
7.59225
81.71841
58.30653
7.82069
17.73016
20.17284
23.76290
73.74339
44.03849
50.44483
85.47584
62.79506
60.54986
4.51964
18.96981
49.96583
42.24006
18.07654
83.90785
11.25309
28.45921
40.14507
54.33322
90.25950
56.45642
38.53198
57.55648
17.18311
57.31024
97.78546
49.54880
83.71803
92.81824
46.58718
94.83465
98.67245
69.66525
96.51398
81.09642
12.08404
61.29751
7.64463
95.02490
52.87370
7.35733
44.65175
1.17892
32.75871
80.71332
39.58002
8.52994
71.06249
89.90458
43.09785
10.01966
28.73049
58.16836
29.65380
87.29553
32.90423
83.24896
67.42838
99.84583
48.48620
28.72994
30.93437
7.87359
25.53794
68.95946
86.35635
72.63568
27.79739
96.30714
46.20740
16.66208
73.01804
88.72489
52.44846
32.37532
62.05215
86.97510
78.44808
37.92261
0.46368
66.32402
88.87394
83.01141
30.98687
17.12853
13.55578
7.11562
3.47195
66.21818
30.88506
60.00648
93.64549
72.27173
72.19528
25.46054
37.98526
52.70194
87.77384
0.68797
17.89332
9.46783
86.88675
36.29378
20.36410
21.80391
22.15743
37.94759
6.81098
69.70605
19.13104
53.41023
34.82156
20.27975
63.13322
89.00044
76.76583
47.62399
0.55965
90.61928
20.44615
79.18820
25.41662
32.56327
53.55382
4.92447
60.91064
95.04263
85.16721
18.20436
26.83390
9.54976
47.66142
42.08359
17.71537
53.10087
34.56960
89.75952
48.86823
25.08940
56.25488
51.15828
31.60527
26.39905
60.71224
60.19040
42.32320
1.68322
35.31912
6.14333
22.67896
10.40624
86.35731
28.15327
50.36741
48.05956
62.97880
73.57511
35.05161
34.35657
32.41697
19.80483
90.28978
30.47040
34.77675
59.72833
31.84606
45.17879
78.92470
39.41575
5.97776
86.62077
62.38635
52.84775
61.27633
23.84981
11.92382
32.62358
24.87988
67.02869
78.25835
8.46137
27.32675
60.09443
0.67053
11.25814
23.53675
46.05698
88.71772
51.97377
95.44203
96.18709
90.86044
80.36545
35.58789
48.96487
31.87482
99.07970
64.11874
70.27279
12.78730
79.91915
57.80088
43.11740
55.17658
66.12295
5.79110
9.01505
25.80173
98.05668
74.12727
8.36915
13.55925
65.59337
41.94329
79.89484
38.48736
58.36506
95.53835
71.51607
97.07685
65.36924
40.94954
74.60682
70.13039
1.47538
21.22227
79.16657
45.22680
54.28047
45.76884
77.09610
9.17463
70.42334
62.20146
57.33980
41.84533
10.98460
24.88115
91.51999
70.95510
70.41038
26.36740
92.73125
39.68935
83.33980
20.84890
82.11133
16.11817
92.00900
96.59090
18.36696
15.55248
5.15417
20.07037
14.44112
80.34354
0.17312
23.27557
53.82220
47.47842
11.42320
96.14953
84.08276
45.98148
67.80648
78.78462
18.37449
15.72577
68.54432
41.99412
89.99453
75.34033
98.76542
2.55486
78.12445
35.27370
96.99272
5.61612
27.29012
53.96960
81.59553
60.38406
33.05881
19.43254
33.66006
1.94476
96.35543
62.34023
36.02315
98.25927
89.28266
27.68213
56.44612
61.98872
91.33939
59.72344
79.51635
85.02858
69.56308
93.47275
76.75966
94.01694
24.80608
43.22927
74.73504
90.57316
22.89902
27.12283
23.51720
39.43188
33.01874
69.02727
12.13535
5.11122
6.53822
46.55548
45.40647
94.91612
12.70067
87.81398
70.26916
57.87929
84.24568
98.40131
50.47076
15.90045
78.14441
42.68160
72.22547
45.23539
31.61996
94.91873
42.39593
82.05074
65.23146
5.36049
75.71186
86.65224
8.48362
12.07600
28.48548
36.65189
37.97652
65.10640
20.38257
49.67552
91.45839
22.31079
96.08105
91.54541
37.84157
79.11022
67.71207
0.93875
65.20461
13.05592
55.20114
17.70381
77.02834
35.17503
51.20727
73.09766
38.53867
35.16224
33.64387
54.00360
18.14502
76.81640
36.73369
15.82541
98.46421
81.77268
39.94422
58.06098
59.44883
13.79447
41.91695
27.19251
83.99268
33.93167
1.07770
95.85939
90.64377
84.08463
7.53913
34.97885
85.39174
21.03020
67.38446
45.59589
28.91193
26.18462
40.38315
93.56139
68.84215
53.42412
77.91751
85.96816
17.90065
49.16102
17.07512
92.08485
73.81616
1.39257
78.90360
96.65917
4.27289
67.19946
15.00682
45.87745
8.01653
13.90172
35.70040
27.91116
5.07274
37.22812
87.60798
15.98493
42.06042
52.81136
98.31553
46.59720
56.97319
67.79222
38.45326
20.76937
59.63084
65.80387
11.29571
17.59757
50.40538
65.16044
29.87631
74.63697
39.57869
24.05729
42.50750
20.90151
98.21125
33.39753
86.99460
84.66854
86.20578
19.90883
83.33264
94.80542
4.95549
30.43024
18.96786
44.33268
8.07408
17.09168
93.41757
30.20143
57.23312
85.24373
8.28070
78.30092
62.99515
59.91977
29.55600
94.98809
6.41158
90.60417
65.55328
38.95771
79.86730
2.69055
44.63216
33.89925
71.31776
98.61699
65.03286
74.61642
54.83818
41.50114
4.33459
33.15292
16.85335
23.90104
20.38697
54.59779
43.57453
98.15532
58.07132
1.23902
46.68053
32.74908
74.18125
81.27684
7.22855
85.40378
46.45545
5.74073
93.93455
69.41927
15.20006
55.06445
34.45064
2.44427
4.63079
49.19592
54.97459
3.77671
71.45834
85.73134
56.75120
83.57977
5.60623
24.57913
27.85514
27.29961
70.11346
81.26565
95.14780
71.80838
56.17200
71.80791
80.68164
93.54020
86.89381
79.15630
4.01712
94.12714
79.89292
39.30717
8.19978
16.45050
40.57976
74.22484
75.04790
10.19423
61.83899
2.73600
72.54666
4.60774
34.27668
92.91458
39.09953
79.09984
60.09377
40.11497
52.66193
74.97686
17.06762
92.75884
59.07801
30.37445
42.74800
92.28520
88.14578
42.31335
72.33576
57.39571
20.98393
33.83042
91.35016
5.43870
7.01671
76.02524
65.80561
45.28497
23.56908
41.60506
11.89913
39.31959
48.93706
2.83721
73.78137
91.45876
56.15797
0.71176
89.20672
86.53899
88.43493
16.84974
23.24815
87.07552
57.35458
54.80950
29.96451
3.68310
62.95729
25.03209
94.20260
75.54905
83.32052
13.51486
64.47161
78.47499
22.27502
63.26494
83.63664
83.56933
28.44820
1.98220
32.04782
96.73802
44.32231
68.92755
11.95240
17.94958
70.44042
99.32263
1.00212
58.33249
30.57044
58.31432
21.52454
94.83430
11.26296
64.25235
9.02038
43.04702
22.40285
27.36359
23.91982
67.08697
56.05595
79.90280
72.59061
3.84322
4.32051
5.81421
84.08147
53.27132
66.45339
13.34928
43.83667
85.77697
65.10366
36.36620
97.02859
55.26302
59.16758
32.58960
80.79993
13.40711
85.79919
48.61093
95.05955
9.60133
88.65217
73.83796
44.10226
52.82264
43.23823
65.44596
0.06536
77.15486
62.78082
12.71277
59.12064
8.51406
15.64305
32.78902
81.19915
15.87846
40.51852
70.74539
58.09844
95.82107
29.71917
15.44151
89.48769
21.64903
96.15264
69.02312
82.57555
4.36984
26.73347
47.63955
78.14727
79.90294
63.26921
72.62636
8.01380
94.76590
93.97916
1.68078
48.60078
2.87474
72.07477
44.10683
27.23907
48.43851
81.52784
87.42609
1.63995
77.09233
40.12084
32.73568
80.47744
70.69977
49.02932
