Sample size N: 10000
34.82964
56.58436
66.86273
98.15652
7.13497
65.27476
15.05454
56.23530
65.29333
80.72696
10.03607
89.03281
57.06358
69.00677
94.62458
13.63884
48.04488
55.73800
20.77897
8.54094
35.97475
42.49355
29.19074
13.46035
30.10826
66.48808
58.86245
33.77617
25.41235
35.60869
27.28068
8.54610
97.54197
92.22999
89.12510
73.34492
2.94016
24.56797
56.60507
82.70472
62.67276
54.97493
55.78396
42.13189
45.30436
33.94377
59.98233
34.38376
45.82185
48.54509
53.56500
52.68994
17.78751
64.52708
43.27395
3.23361
54.55414
72.73474
70.55843
64.44846
97.91302
19.80257
7.11530
66.71392
68.72062
97.76343
61.33143
83.71654
84.89893
24.27669
40.01101
23.51461
8.32200
8.71592
53.96133
96.68799
52.98532
55.78689
36.28469
30.12788
13.30816
25.38056
53.23259
98.93762
66.84736
93.63801
25.61681
55.06033
35.73505
13.32384
20.78150
65.28946
6.27676
91.07102
37.15243
4.85870
72.39880
7.43029
95.01654
11.62072
38.08728
5.69162
47.71700
39.31018
24.86108
63.03445
13.18578
57.33605
92.12616
52.71967
16.98625
8.40264
19.28684
35.10285
97.26733
68.59998
53.05822
90.14746
89.91082
72.61963
18.56358
76.68954
75.06546
31.39420
94.77563
45.05077
35.97993
53.34653
67.12874
61.09401
11.84772
26.08071
14.12767
88.53921
92.16532
66.05487
95.69486
35.65747
33.58453
19.41156
19.28895
13.54786
95.55310
68.84670
65.04957
14.00145
35.99011
41.58376
97.03103
43.98587
63.84620
98.46238
14.86510
69.67378
35.16065
74.74702
87.11471
47.40670
20.01069
4.34183
60.92844
97.09939
48.61413
78.33447
73.30537
14.84166
11.99223
5.17134
78.20536
55.07809
59.08895
8.46088
20.91621
93.57264
31.25072
21.68266
91.31364
12.93354
45.04461
71.47918
96.36097
84.18237
80.33754
0.18634
74.73515
80.51933
99.94318
45.67039
21.70399
10.46067
69.58236
78.24847
38.51206
5.51746
6.75346
51.58956
15.68314
12.55785
88.40891
74.68053
40.04721
9.59960
32.98633
77.97841
92.58367
81.35287
0.44258
73.92162
39.50769
79.86062
11.50205
77.23674
72.58186
45.42651
82.06103
55.77455
12.40894
1.17096
49.40538
77.03467
29.83144
57.25053
22.46590
67.85257
20.67029
99.13606
10.38565
48.07922
20.64517
95.95143
78.45621
56.46229
22.77052
80.93726
59.44749
9.17181
16.07777
34.80731
78.33142
98.93987
4.08267
95.97235
19.18110
19.20597
0.22324
55.38175
87.39450
41.24296
85.10964
42.86314
10.76205
59.37437
49.29960
29.20697
8.21221
81.47053
45.98941
90.30787
80.74121
14.80941
41.34947
36.91144
6.08486
49.51541
50.98225
68.21538
44.55622
62.95879
0.38019
80.33128
86.47017
10.13100
72.83433
38.67104
68.13078
91.86104
55.94821
5.29630
31.15873
23.51540
27.05112
28.17369
6.51310
7.69319
58.20597
79.29412
37.20785
20.80490
50.75489
59.59621
43.03937
65.67359
80.45054
79.32191
71.99792
87.15720
80.31249
21.08926
96.75713
47.46973
76.94477
13.30423
65.57912
79.25704
58.12801
99.50580
71.62353
74.98031
17.64759
95.30632
74.97026
15.49808
80.18240
22.51583
99.23379
78.33176
53.33037
47.22021
60.02251
82.04874
58.54553
15.10859
91.07819
61.30905
1.80140
71.15980
21.67896
86.67693
75.87317
19.03736
99.79329
12.94070
55.58081
73.34743
91.95295
73.65093
88.70438
96.37614
22.66819
6.57846
91.61670
6.00109
50.52379
3.42518
27.77040
15.22354
30.89693
56.15102
16.54167
43.59232
34.31378
93.29675
45.44176
95.78174
81.53178
78.01463
84.03064
74.66249
89.23143
11.88807
32.91046
98.67135
86.57184
80.75442
8.22851
92.65135
44.71373
2.50442
81.77803
17.66284
19.00807
62.50066
29.03569
54.98301
60.71646
80.71123
34.58805
30.41926
61.88740
62.42156
1.65447
7.91906
9.38091
97.72483
75.06555
13.02571
7.43525
52.41795
38.03973
50.87083
77.22961
87.48276
15.99859
87.63981
33.06251
33.01211
56.01683
33.66776
67.24054
60.45040
93.86287
50.32026
98.39174
86.30241
81.18035
76.85232
14.94788
33.55098
44.07675
21.18165
9.89249
78.37723
51.93259
79.85132
42.77079
19.22268
58.86888
50.37051
57.83075
62.86899
92.99527
84.96705
5.17554
67.99624
72.22143
81.05841
82.87881
89.35819
46.02683
29.03924
18.13277
82.38169
20.97118
58.39154
91.37974
89.76452
75.64313
76.43599
65.43035
79.42282
86.30241
24.34016
86.52553
15.19774
52.20318
78.05223
58.36129
56.86352
85.28254
15.60362
94.23373
93.77266
9.36836
4.81781
78.18380
28.19782
82.62657
41.68186
10.58750
55.15307
61.26588
15.36175
31.68801
85.77011
30.95583
75.38781
11.64439
14.81847
60.02716
66.36903
96.19876
63.93087
24.61199
41.21515
2.43826
4.62101
80.07822
74.52944
30.58644
59.41130
94.68790
62.48459
46.43534
58.00943
12.56985
48.60562
27.10554
57.58199
43.74826
45.08572
98.76569
15.85021
15.57905
42.46046
24.38956
87.11635
3.96477
86.60792
37.09312
19.39241
59.83075
36.23372
64.03381
3.09003
88.15661
87.91193
79.43982
12.32718
42.66287
23.59128
12.87302
16.34455
74.34913
21.13237
19.61079
94.96045
98.21066
49.91995
14.73359
81.01048
11.99450
86.49450
16.64305
48.21537
93.38546
31.50842
56.29186
30.18285
91.08434
51.20460
5.20313
29.11280
62.21557
70.16290
71.99125
37.19983
37.60180
49.20517
71.44547
65.58786
18.89522
64.44382
11.43648
17.70228
26.21512
31.06811
23.78738
96.91986
77.36208
78.53257
84.54727
90.48541
48.37910
73.81767
43.78966
56.69073
52.59297
88.31653
41.36373
72.62290
85.07775
41.78268
98.89406
2.88384
77.90093
96.61092
0.27745
79.47902
26.76486
84.35096
83.51844
55.38573
34.60258
73.06526
60.76117
62.59023
12.31997
47.25766
6.76589
88.03238
45.55354
0.21840
23.11553
5.11212
74.77778
17.27497
21.08253
56.15745
25.55532
48.31320
74.35123
85.20393
97.88298
94.63203
39.21426
14.42130
89.00408
23.19480
65.57023
80.44424
96.54858
21.46209
63.32791
48.66504
81.37827
42.18750
14.19986
29.41132
90.12290
58.32164
39.29336
24.16253
35.36194
26.03395
15.24105
13.13704
69.72672
61.78486
67.18112
56.41370
16.68868
2.34643
5.73110
8.37784
63.15241
60.68872
0.11417
39.60605
51.34801
64.15978
70.31486
1.68402
37.58652
26.98566
10.87903
40.11634
91.13634
20.59045
85.25144
81.83164
94.53428
65.88550
12.10196
51.22255
34.95061
6.70973
62.83397
10.52809
73.73927
74.23790
77.26909
24.79451
92.97134
72.63494
66.42608
28.11241
10.72316
89.58690
58.83153
44.39850
53.40155
50.92620
93.67327
0.35756
5.94963
61.88978
6.91091
94.91979
23.59573
72.83007
84.27634
35.62833
36.90324
48.12605
63.93612
33.83224
92.34760
74.60879
49.12491
96.17388
7.94271
17.16883
42.01457
32.30721
51.86009
37.42674
90.25259
49.80812
32.15879
77.88235
0.03985
94.26202
79.13319
63.40191
60.50050
34.07500
22.05879
8.96576
41.35402
90.05223
19.46111
22.85544
22.38407
49.87875
74.01640
26.35085
76.69207
7.34278
15.58245
3.42333
7.50786
77.49190
69.42397
7.10839
35.77168
32.39913
86.90109
79.78924
22.75505
81.96351
41.44809
84.68831
84.00860
12.17410
11.07978
10.62856
11.48305
96.95287
37.50757
93.10435
93.94973
89.31095
74.06051
93.95659
92.52876
20.70376
1.55550
40.38114
19.55507
34.58336
30.60282
5.47216
60.91064
98.73181
74.62715
53.93655
61.78992
65.84842
63.30342
3.58357
43.61306
70.78235
93.29607
68.96332
53.16413
25.95315
12.77875
26.00985
94.94764
48.32445
5.82334
36.06399
55.47067
47.19161
13.35727
98.50677
8.75796
48.80629
81.72428
38.73835
42.93623
62.86833
58.27116
23.02838
80.77533
47.95900
4.13105
12.31237
72.00745
53.76534
34.01701
70.69832
39.56337
68.36320
31.75334
80.97886
90.33862
67.87432
17.67894
14.84289
8.92673
80.45584
29.24276
9.24633
49.93486
66.73569
11.55229
99.58767
56.29174
0.68924
31.16656
38.65235
9.36905
88.73108
75.27894
20.11897
62.78070
11.44604
44.04258
88.52300
36.15477
45.68858
28.60436
79.23508
61.72977
18.91074
37.88604
72.44220
13.09009
81.75205
85.55641
40.40548
74.50309
84.51402
84.49066
97.27427
59.39212
92.82900
57.44505
81.98413
51.19874
24.68654
78.10721
80.63814
98.04549
73.77139
91.54501
96.18197
90.26049
30.38067
74.07336
8.78042
27.72383
43.36915
93.61630
37.70581
42.71533
35.51810
16.02884
34.82755
84.77955
36.46004
92.86796
52.72214
45.73214
72.75418
32.63541
76.63662
83.79487
10.71768
53.17653
39.26505
84.56726
39.24098
38.89051
59.32577
72.36303
47.33745
68.58890
30.28956
49.82119
36.11865
89.86147
41.27470
59.97124
13.20334
43.83344
38.91254
37.50964
39.23602
92.30188
40.52611
8.27939
57.82315
37.46215
55.30842
46.06523
29.21267
87.97950
81.62111
29.39118
94.37703
44.67301
88.29119
64.03389
9.94321
17.24124
30.90095
94.37751
29.55309
60.42505
71.64206
51.07560
33.85623
77.29253
97.47887
29.61853
83.16550
43.30001
27.13340
74.85082
77.58322
54.38378
36.26123
51.32287
93.61674
64.35231
56.86356
16.30091
97.34858
76.92312
42.84382
65.66902
97.53101
64.65623
19.68441
74.42518
48.86925
39.26003
62.93367
52.37383
68.03019
72.50692
86.09216
14.39747
90.26220
58.51744
94.08184
28.72802
51.30322
20.65882
26.21979
93.95790
56.43278
78.82916
30.56233
79.00883
32.78434
1.63527
13.29375
77.92238
22.28042
64.85054
60.96494
79.60167
24.77376
30.54424
25.10542
37.65863
92.56672
37.26293
52.28226
61.30278
0.85979
14.46600
5.55926
54.26164
96.88755
80.65735
21.05882
42.40547
15.81828
13.14005
56.16971
91.90453
65.95238
46.40016
95.62262
74.74667
99.15442
51.33625
65.06125
7.76240
65.65344
68.65683
89.15061
27.00168
52.16149
74.45482
11.42968
2.29866
56.04083
12.38730
33.41813
75.04236
16.11522
91.86994
49.59074
32.35321
49.24555
83.33054
69.21768
83.81226
94.24272
2.10926
56.13601
5.36133
28.66346
74.48968
82.94291
80.41022
43.95519
19.09291
14.41325
98.65885
80.81937
20.80061
81.51983
53.91517
7.89037
86.21085
14.89637
0.88137
55.49484
31.70104
1.47045
76.34067
88.58174
87.17656
8.60027
97.25864
4.10236
33.20401
62.65252
66.15584
52.93373
41.31726
23.54266
94.08590
84.23997
48.48037
11.21949
8.30619
1.30245
54.05760
21.36032
58.73591
47.92717
11.60793
77.80813
3.93080
60.62473
16.60521
75.31540
11.71243
71.53407
74.60161
16.59029
23.73872
17.79880
33.07101
26.01752
54.12516
77.68103
65.34575
66.89336
38.88651
49.41230
60.56852
34.03874
14.12321
3.55413
5.05593
24.36471
58.77751
21.54453
8.42665
96.79381
39.54016
95.00255
55.78224
91.05051
20.05086
36.45788
82.08809
90.44631
34.76422
50.08000
96.33062
87.73031
22.04719
37.20267
18.96621
65.60524
22.90374
53.91655
99.97742
33.88693
26.81951
66.00813
62.92838
62.32653
40.88265
87.18420
32.81061
61.79694
28.08531
8.63170
3.07119
98.85587
2.79561
70.66957
84.57633
1.92088
86.97695
55.39534
55.55912
97.12454
5.24883
80.93539
99.54099
51.31939
3.70144
55.46925
8.82727
88.53945
76.12130
9.98801
60.30217
12.95888
44.72947
88.33729
38.17444
33.99233
76.57982
0.95704
33.92579
94.74376
65.05091
17.80038
19.57587
34.55478
84.69618
52.85192
49.26410
0.66077
84.96122
75.01625
15.58152
23.27072
33.09915
64.92306
51.20078
36.26972
59.88231
27.29662
46.24496
27.07356
10.45863
61.20482
73.08946
77.75727
38.16043
0.82486
77.42022
38.29472
11.15293
94.45603
65.80117
78.13547
64.10287
88.42338
36.97015
94.68421
44.95050
42.38632
92.03266
50.20868
54.94420
79.04176
57.22856
61.94434
64.60628
98.17449
90.36648
32.46630
49.01170
70.97920
87.97579
13.94517
52.47141
93.16984
96.30956
59.83646
30.36406
35.82897
34.51576
71.72000
10.92853
10.32469
72.72178
27.68260
4.10768
43.40796
77.76756
11.69539
46.95152
15.07282
71.04679
21.28949
76.58165
10.01968
25.26267
26.47825
38.45651
93.13024
36.54235
29.07244
97.09258
76.75173
39.73312
39.90971
31.90095
55.08742
65.31640
75.23819
41.23402
29.96904
30.41768
92.73382
66.84640
5.84491
14.16513
95.38249
25.80788
35.18453
93.82356
67.52854
73.06055
14.10290
92.93918
65.63561
92.54667
40.20998
97.25995
53.34075
46.08713
86.73076
22.25588
65.35446
8.74150
28.39763
55.84308
94.34632
64.39583
60.51141
16.63152
63.39711
73.43265
75.15909
39.64773
12.41347
78.91665
64.29958
30.39889
0.87695
75.41442
16.46991
47.36586
11.40840
5.74647
52.20843
94.17286
2.50262
41.98392
22.04919
65.80800
56.70578
78.78982
74.75054
92.46519
20.17886
19.08003
59.82143
62.25301
67.25902
3.45255
95.56751
74.09390
12.52463
73.88810
20.21290
87.08735
97.12607
15.63295
57.21937
59.12681
72.29674
71.20725
35.60462
34.74568
44.28489
84.85682
50.97654
20.08397
88.32065
30.43093
75.02239
9.42095
87.80677
36.29919
79.36498
56.13485
99.66125
94.53138
49.63983
47.36789
88.23127
31.59734
45.49955
0.51811
5.06999
54.55084
65.00397
19.21933
33.74603
66.69595
54.97520
12.15622
8.40035
96.39117
5.40470
18.06580
61.73404
13.15067
35.31306
95.91892
8.97992
45.75819
4.70842
85.87593
65.98502
33.45680
0.85003
62.70429
69.39140
87.95248
79.34673
8.80579
10.27171
52.45826
36.22134
1.27198
29.69644
0.24159
4.90521
51.02649
76.21319
94.38610
74.35192
90.24212
42.64278
55.89778
71.68633
96.68672
25.93896
75.93348
51.86420
18.35932
10.50020
62.63041
0.76744
2.71693
25.75810
41.04805
27.04905
15.74016
20.80655
12.94661
63.59444
86.50412
5.33349
70.94739
80.17474
23.88745
11.65025
73.45587
94.35995
41.33466
89.98047
59.44017
51.05810
74.17058
93.41079
9.84972
87.22912
53.77483
6.65337
35.54177
0.83254
54.04504
47.24765
8.77400
20.67894
39.57838
37.65522
56.95448
95.98744
0.17202
22.56193
85.42634
53.90704
42.45695
84.30454
76.78787
54.06722
47.78611
19.77268
74.30633
0.68023
96.27566
25.58221
62.69345
76.71896
26.04872
4.25010
16.14640
9.35344
61.37567
13.81755
94.86525
74.22458
84.01931
31.12285
93.78957
49.57599
14.02357
66.30134
31.08413
16.21419
69.64177
25.20653
5.87423
33.59687
12.02055
82.42040
3.05930
24.39788
99.99892
32.73840
58.61000
0.90509
54.28132
31.75683
70.83775
70.06437
50.50827
83.88067
87.31960
67.49469
60.67487
19.34012
44.29110
79.32438
84.97224
0.03459
19.19834
86.89546
68.19774
91.79112
67.64808
9.70469
93.76785
66.74194
72.29653
47.05639
74.69530
57.62531
41.79144
97.65712
30.89589
79.53573
78.94979
77.69224
50.40451
62.48016
25.38008
31.51457
20.81954
3.20980
95.85167
1.29763
28.09858
20.92716
23.73359
75.08958
12.99588
7.54773
25.16875
18.30201
63.55515
72.66927
70.99135
50.49402
73.95524
58.39518
40.29845
34.65458
8.63731
96.59379
47.06654
58.79920
31.93311
88.36052
87.81283
79.75048
87.63750
51.41955
10.36720
87.59904
7.21266
44.23024
75.63413
47.46008
36.11916
82.51570
8.00657
95.30554
43.16127
64.39769
82.43358
69.19898
16.38169
40.45584
82.14502
20.98656
40.68179
8.70172
18.37229
64.29685
58.76271
65.87533
33.61555
46.91546
61.94757
78.96470
16.94182
31.00296
54.74624
42.61601
69.92887
92.80595
55.90680
35.91963
31.47429
15.52276
90.74645
92.02482
83.26593
36.78106
19.72607
52.83622
74.30400
28.37212
61.51775
74.94929
4.91652
74.12511
1.83830
79.32491
60.90817
20.97055
81.25134
86.50895
96.39985
95.84836
75.23247
42.78669
55.35638
7.76291
73.60552
25.50485
71.07477
61.44470
1.09360
39.18413
34.36415
37.47078
64.37763
44.80490
28.74500
59.54386
43.60598
43.35696
65.18699
14.11304
81.79981
50.42615
54.26500
81.01102
12.26735
0.67019
30.79661
89.85984
10.90032
87.25008
69.86048
40.87503
58.63121
10.15135
96.13957
65.33497
10.40236
2.58810
38.83199
36.68197
23.31830
49.12170
40.95382
34.02219
63.27879
32.28867
29.57930
10.03532
74.46604
98.05527
61.64345
10.51115
99.40651
87.18589
24.03261
53.52278
78.09402
5.18742
0.38241
89.28984
92.24621
63.62090
48.28737
11.94410
68.63060
17.14319
21.45299
93.28607
19.14737
94.43198
45.47608
5.42494
56.95928
86.54717
21.96911
17.65118
89.20826
71.47639
96.70219
64.13069
10.53547
4.25521
8.24267
66.14909
64.57444
18.69541
96.07009
33.90725
3.69509
20.60987
50.14137
63.46620
31.30549
28.29525
53.90746
59.93844
92.58253
95.22443
6.91125
72.80161
53.38625
53.67651
71.98720
3.91987
91.93373
24.70310
8.52432
51.20155
94.22432
20.00639
54.87158
87.03860
28.01804
52.02821
39.47627
66.29431
89.43219
24.99975
54.98707
36.16322
58.89665
86.05078
42.75814
81.00718
75.45356
90.78578
35.81317
62.73856
97.92663
15.21317
29.33860
65.75605
94.29262
95.13730
34.66223
23.10353
64.10363
40.41757
33.83890
49.14725
35.47809
9.40547
39.74120
56.08375
12.24677
76.65567
56.74298
40.16786
73.55506
16.85621
24.66312
40.09705
79.28079
90.36104
27.78088
22.94407
42.76590
63.01969
90.57247
93.42361
3.40092
34.36445
56.69898
24.94646
17.14149
12.40617
57.47104
1.81687
75.24617
73.15831
29.80313
85.82998
0.49480
88.57126
81.60092
18.62314
72.49537
8.20035
58.47692
64.55309
9.85156
55.57895
55.98410
91.30000
77.77475
1.46608
80.45703
99.60578
25.76583
58.24327
61.57936
41.33261
80.25643
13.12371
90.30161
56.07401
70.46893
48.33455
97.32689
16.06485
18.05985
69.06578
90.86507
80.17997
50.97801
46.98718
39.82712
56.87129
68.78314
38.06880
80.60300
50.88211
35.05611
7.76611
54.59059
4.61655
29.09617
32.68345
11.88808
91.61195
42.77989
85.80775
70.46593
70.43755
19.96946
38.50386
27.80032
39.18161
28.70180
86.15913
65.53389
7.66998
7.40144
32.89490
51.79670
18.72573
4.85460
55.40000
75.88875
94.49963
46.78461
25.48826
44.92139
44.54817
19.73198
49.94257
33.28903
45.41027
67.13139
8.58240
30.56945
39.33942
78.85062
5.75343
78.16154
21.09762
91.31198
60.86471
44.70319
63.17296
40.67912
80.43477
23.43340
64.75153
74.41948
41.79108
90.37469
74.28378
67.34042
29.79884
77.26722
70.90183
5.75772
26.52152
99.55401
30.98072
32.87825
76.57699
94.16133
18.86135
92.53933
30.82363
63.38270
78.03423
77.32855
29.00106
36.96067
20.27284
38.72338
27.85545
28.00577
38.12493
90.42218
26.05645
90.28669
95.35907
86.96886
97.34304
73.67447
50.21599
1.10675
64.17648
57.32879
31.47854
27.37449
21.28798
41.62584
44.71716
98.98971
31.19434
15.11963
16.79913
32.33234
56.99453
60.95081
87.60922
61.83475
60.98885
71.06253
78.01930
66.14969
59.91731
6.37082
60.18936
51.21182
17.23996
89.62556
38.48819
30.41083
61.67620
17.23056
5.45145
31.83413
37.58675
29.89512
96.72051
44.91990
25.35252
73.78164
4.95503
52.76038
97.40506
20.34949
66.85281
71.28821
60.16837
74.24465
60.25453
69.96749
80.29896
14.18206
84.16670
46.21384
95.18611
72.18430
21.46760
56.02047
26.31092
45.76068
3.75162
6.66264
69.96974
56.62140
30.57338
67.93327
61.72042
12.32566
73.62105
9.20295
99.77817
25.97849
59.07849
92.33218
68.36748
91.59030
63.00711
64.79724
75.06383
43.67504
51.96218
55.78355
61.36305
55.03269
29.82353
97.06284
66.54342
8.64599
36.17627
6.38863
61.85276
57.28979
94.36349
28.21261
30.29652
31.95537
31.62124
68.56940
7.91592
44.11170
30.00984
27.90938
5.96301
35.25733
80.23711
46.74901
3.62946
9.63360
63.71925
81.00469
25.54521
78.53303
64.86355
75.40112
35.80771
89.93140
70.45087
57.79263
54.94156
17.26898
8.30851
5.13242
1.27579
12.72667
42.17215
97.03385
38.26903
98.23771
98.30601
60.54145
85.69902
8.03145
3.14173
54.04790
37.05525
26.22879
64.23235
12.80774
12.33152
52.08501
52.57091
31.67326
70.62471
12.65158
55.30433
82.76501
32.06455
10.94171
91.10001
43.39309
34.93883
96.96860
26.84492
63.14599
67.26443
72.57039
70.97151
79.37682
44.02502
33.57997
84.19479
51.27690
28.11332
98.50304
54.86320
80.72115
41.62504
4.02240
94.86955
56.80922
40.64354
83.85083
50.65646
87.61241
1.76744
78.15928
59.20730
86.06190
43.57918
29.46396
61.05382
13.07881
36.60886
82.62461
35.50890
33.12430
29.53561
16.11042
79.97708
77.50963
29.21166
99.90744
67.82764
40.64989
3.22251
5.61935
16.26414
23.08881
38.49773
38.51740
84.50965
56.72840
33.46918
46.32898
94.82090
91.80668
3.83179
77.38549
50.02575
77.25935
54.32612
72.07359
39.39157
20.45719
76.07682
11.84750
4.12426
64.95148
97.37545
11.92488
21.17550
2.30405
96.69908
6.76295
85.95329
43.30840
44.28462
3.80115
21.51370
96.87064
38.26621
38.04370
35.87320
98.39950
3.86836
19.06449
47.70493
65.91750
64.74353
90.70976
3.43276
85.22956
7.25294
5.50293
83.79307
23.25387
84.21509
99.33572
25.76086
27.34359
62.89803
25.53984
95.56361
62.24628
89.46400
7.19567
7.00897
61.37741
35.00036
74.78683
26.65922
76.90220
96.26855
60.53187
9.32327
75.95584
67.68008
94.39199
87.69236
89.74404
31.46049
28.22792
95.71911
54.37166
31.45012
48.37844
96.16744
60.40525
74.42621
85.36355
58.12271
62.64231
18.66846
48.50238
36.72166
78.56611
56.56185
17.18459
2.47532
26.96794
73.22972
90.27563
55.67849
49.89183
94.72396
11.65510
2.86027
10.62859
44.83921
30.93456
56.99099
39.36535
33.00325
56.58038
80.89502
50.89555
2.45705
34.89013
8.71564
65.87065
42.89611
25.82647
54.76034
20.82347
46.67145
10.42184
99.27222
40.55248
52.39595
17.78740
9.23846
38.96841
49.44557
52.80574
98.62552
3.36575
69.58664
72.11590
13.86262
54.39751
81.03412
42.97235
63.68311
76.64195
64.53944
56.45244
51.05868
39.20632
9.14499
20.32472
78.57431
46.90375
18.87743
7.17975
21.00864
21.91350
5.78428
18.19978
19.51791
52.29508
97.13634
1.52216
63.48499
86.59175
75.30381
10.45236
11.29873
32.01805
58.93324
62.36881
3.53466
25.82281
2.23868
41.59367
24.03927
65.14101
42.49722
62.87698
31.10555
17.75624
76.27685
3.62348
39.49322
91.56663
19.22721
94.33984
85.47404
1.77920
77.82669
47.22676
58.17513
48.70411
78.89658
5.88924
81.46441
6.70125
81.32673
39.40045
33.47045
94.55794
52.25681
14.00150
32.80783
7.65769
52.67494
79.07079
54.57002
36.26608
94.38146
69.20419
1.65465
52.53093
48.25513
18.57945
78.56785
91.24625
10.10598
64.93847
26.32533
25.57525
55.16738
45.77750
64.99355
90.13046
98.11039
29.32394
76.31534
2.20895
90.77171
35.07100
63.34648
71.13876
88.85200
66.73058
79.70417
79.83314
72.10230
97.47906
65.76362
20.98961
55.23413
64.71891
67.78932
82.89072
59.18624
75.24042
71.37133
68.18563
99.90684
58.81521
55.11993
76.90625
39.32306
49.52587
16.46861
90.66006
32.37806
94.71651
89.46324
85.54314
35.05610
60.54385
74.66150
57.24675
39.56505
95.69021
17.56417
53.18188
87.19948
73.10188
44.85498
68.71486
91.68389
17.48415
45.02187
1.52686
13.07376
69.77665
44.64489
7.41184
74.13129
24.61871
40.66224
80.96642
97.57373
21.61230
19.28784
95.96822
83.03586
13.00468
88.39661
35.34283
72.91019
60.53116
95.69014
16.31291
74.74405
4.56368
0.78379
82.13285
5.04144
90.16022
42.53928
93.45330
45.15599
80.16568
6.90313
10.22092
89.87257
30.46465
4.30898
60.44872
43.93271
18.09021
72.14004
47.46926
33.21699
39.33286
25.44875
73.34046
38.52937
62.03946
64.23198
64.23338
12.27620
53.04876
9.89759
93.25429
32.84155
23.35532
90.48309
91.59194
88.30021
88.45517
94.92354
0.66109
16.10981
58.54063
96.75683
0.63614
59.55189
36.57881
5.61302
51.59327
72.78713
54.63660
29.16302
0.83774
10.47240
36.45256
60.08173
19.78420
30.53239
95.19799
23.95320
94.79527
68.56196
30.17979
95.60449
2.17597
41.10990
50.80150
82.60013
52.84249
34.89056
63.86027
15.78025
87.32796
78.50115
1.00057
44.85198
94.24325
78.30095
35.49395
17.82785
9.79184
28.70405
8.91192
78.24631
88.11149
43.88471
81.64225
87.38091
20.00455
97.89735
86.08172
35.93029
47.77895
72.08396
99.10834
16.15853
1.14130
54.19468
37.32854
92.60859
77.78331
31.29079
93.95442
60.48104
33.25664
43.10424
87.61282
42.17112
3.05597
39.74305
47.70188
25.79251
16.66107
11.91713
85.09326
78.34009
86.79831
77.19266
73.02918
53.26898
8.29106
22.45076
34.46149
65.88717
28.36762
91.64434
37.10124
22.37314
63.57455
12.12680
2.41095
76.46177
40.59111
43.91491
83.43111
96.93407
19.51910
22.62476
9.90113
14.39668
1.38996
92.61124
88.97654
2.33482
25.62951
43.78346
62.76059
47.07274
49.95728
8.75195
5.18078
17.65257
98.62727
56.91328
54.83726
79.76083
48.07515
95.92764
26.28132
80.34717
18.97861
85.82244
76.75547
3.91237
46.63151
41.77049
74.49419
78.24180
2.41645
61.46675
41.11773
98.92699
49.09760
59.57874
75.81791
13.79239
3.94454
22.01859
48.21780
80.40848
85.99772
60.57424
7.52611
82.79074
70.36331
53.64279
17.15589
2.55116
88.11015
44.39051
47.94110
56.96177
19.58133
26.56636
58.68118
28.01200
36.06500
77.00588
3.03773
59.51182
19.51911
1.68603
13.54620
69.33755
39.15310
91.78035
83.22286
39.44172
9.10929
36.03842
87.81197
17.80499
65.02177
3.29483
84.41504
37.74895
78.09962
44.68511
96.28222
42.44418
62.42565
47.51284
35.61401
20.65579
33.53572
32.69077
96.81989
74.38259
70.31759
54.68656
12.30604
45.35771
72.34593
95.71512
49.34478
71.63066
92.84572
58.50309
22.27206
43.10834
22.75752
42.88957
22.57703
92.18462
43.27627
40.00067
84.79397
79.05634
48.68133
7.17313
90.19915
23.98315
95.23090
14.63904
6.36623
82.76638
45.19815
82.70410
3.55821
99.61177
73.75532
91.53086
4.26282
51.77109
87.72081
2.58549
73.90081
92.10528
91.77659
20.17776
42.53626
83.71778
67.91711
92.20772
72.01407
65.93884
3.01341
91.94323
91.09295
16.99075
72.38516
8.50277
18.62720
39.36254
51.16490
4.74309
91.75660
88.11087
76.20684
81.65780
83.94464
36.94132
66.40306
0.30927
30.15557
31.02925
67.60580
51.63451
87.56557
13.59645
93.53535
89.91317
14.33408
10.33245
14.33969
93.05263
64.51774
82.00796
42.90290
7.36723
40.84724
39.92691
6.45341
14.90371
13.39629
64.15874
20.20656
59.79343
34.58959
53.37531
49.31207
53.68834
10.44709
29.44568
5.99065
34.36297
1.57147
52.25663
8.89565
60.23357
82.98463
0.11511
14.82244
38.47368
19.47942
82.34950
12.56727
99.22066
52.14240
72.92307
21.82796
18.49531
17.07290
46.99737
71.43260
45.79275
51.13417
48.05314
19.57098
37.79749
41.21400
15.21375
21.32942
95.12756
57.57309
51.97764
89.97413
84.02053
40.60768
26.32551
50.84029
41.83869
25.41390
41.21252
79.74547
86.95164
4.14817
27.55890
12.51629
54.38544
40.57083
3.58559
50.14432
84.51994
88.94873
91.08657
57.65807
48.85206
3.61750
26.23055
17.72537
12.99185
48.30450
24.59823
89.59206
95.63940
82.78002
48.44307
4.66192
29.39989
54.26468
54.85016
27.70760
51.80953
55.78664
69.51373
46.30325
72.42475
80.25806
6.04246
28.35053
81.68160
51.34722
13.14815
39.25099
60.90626
93.87753
66.10938
97.60498
89.52363
66.68963
0.41213
21.09133
54.31232
31.91681
32.59938
39.10404
97.76093
81.25154
90.77743
20.33851
12.46405
3.15271
61.19090
24.81812
9.39102
47.00064
31.75062
8.76424
70.79113
27.54873
24.30783
39.75588
82.14179
82.06396
96.59082
1.10515
40.53281
68.42714
0.05902
86.37784
98.45922
90.24306
84.68117
36.75852
62.81417
24.63715
88.55711
73.75133
98.12353
93.11225
90.08223
78.24154
81.19868
26.17091
7.37005
82.47776
26.19395
70.17776
65.39332
50.16908
24.01432
1.41962
90.36025
48.00802
42.12608
44.61257
22.82113
82.74917
89.38658
43.29004
96.80552
77.78068
44.48412
16.07544
14.26788
96.17563
47.27950
68.53360
46.51684
40.59282
4.39575
85.52407
58.35973
4.28113
94.94406
79.74653
0.53834
15.33149
53.22065
52.44209
75.56704
66.33891
62.58544
89.32573
1.20072
23.07477
33.67512
92.89728
95.99535
31.11983
77.74775
66.25038
59.68351
67.54547
66.09942
5.30507
27.90764
56.22747
80.54248
90.34642
44.65356
38.24064
55.55466
26.19219
1.16482
70.89450
14.46100
8.65171
5.35682
1.98648
74.61119
83.40696
14.61533
8.80301
49.22555
89.15705
47.59379
23.33368
18.32764
30.72060
26.05905
77.96883
65.46914
62.82581
62.02103
8.98490
35.89306
41.55257
6.03163
74.83578
30.53946
1.53089
51.07033
19.28557
90.62118
63.46417
77.56889
7.01772
22.31818
19.33065
30.30086
76.15422
59.57586
35.72604
1.27496
14.69732
89.23334
4.90064
4.20430
93.87196
25.31796
65.25170
47.30006
81.34308
0.43907
12.94008
10.12778
57.99564
95.45249
59.43001
74.77679
79.17246
23.00593
61.63825
67.75377
76.26884
93.82451
90.45517
33.86678
24.00503
89.54968
45.97646
23.59098
32.30946
0.43700
32.56619
32.02780
30.75039
15.04776
17.56520
73.26736
90.90677
6.62529
50.48267
39.62825
94.07785
8.66391
11.73148
55.81947
59.78605
94.50606
41.81382
17.08245
16.67791
14.84302
39.41058
31.03928
89.25524
67.39603
12.53422
23.96830
75.78219
19.00252
71.86527
71.77641
45.51797
95.65117
68.66237
97.86552
35.61605
12.00426
27.83835
80.98230
7.02024
75.37482
69.32774
58.48622
39.24762
48.20617
8.27604
66.86189
73.90486
48.28185
90.83490
17.90867
52.22243
72.81659
65.93509
36.22552
94.72833
93.75212
19.47118
56.27839
74.71583
3.60069
2.09896
68.61431
4.90272
80.54606
92.55197
80.63217
72.39702
61.20684
39.68676
31.60993
70.36991
48.28961
49.55184
17.61586
97.48824
66.64828
39.57144
15.85717
49.36979
10.35764
62.21435
94.16293
64.13288
60.10348
59.03191
39.41657
9.74517
88.83529
33.18092
22.48383
71.58239
63.02918
11.80645
19.29014
79.66574
27.34658
38.14519
83.60085
62.07383
17.63960
1.26355
28.58568
98.96222
75.24400
32.37475
74.18654
86.88550
17.71683
28.41701
63.53209
88.87557
89.87117
54.31300
11.56095
99.99288
37.88273
81.65440
20.43072
89.29958
29.86062
31.17178
93.24330
31.33458
26.96576
40.24113
59.62264
11.27059
79.36954
9.71912
86.56148
40.73918
12.54870
90.52573
63.08215
62.44510
45.95261
66.03742
49.38723
55.77454
34.58114
95.89938
79.33428
89.28922
9.15144
97.02844
42.32180
53.36384
84.04064
57.08212
75.85494
23.10894
70.01719
95.57896
69.50963
67.66862
33.14376
85.53550
18.01901
35.84746
0.62736
45.71513
31.97311
7.59828
7.13535
87.26510
44.18539
29.80543
17.57562
67.69857
56.23756
74.01497
52.24770
93.87443
89.05408
41.38459
15.32311
54.24755
25.76801
48.59191
41.92146
13.45883
45.19787
96.80137
62.36392
27.05552
31.71565
40.36528
94.38549
95.11833
68.33744
87.20571
66.16077
36.14702
61.74603
42.21280
12.08268
13.70485
11.90957
20.09321
8.15458
2.11934
81.13448
75.12768
69.40915
2.37093
25.14853
64.89044
7.55769
17.91087
32.38516
78.58707
19.27305
42.84907
45.37162
64.84877
42.19690
45.50071
64.43050
21.28210
48.75080
53.60764
3.63939
59.69691
80.86313
66.32375
58.23640
19.66176
13.39806
61.05833
11.25139
53.96411
72.67820
53.75210
27.56040
49.68091
86.08104
18.40776
32.14624
26.74838
17.56898
92.15772
43.72207
45.65046
60.08262
34.16096
23.76054
33.23281
13.74288
91.49215
74.94364
37.79506
57.11496
94.18621
12.34938
81.55099
45.93649
79.19322
8.01644
68.93497
42.14951
71.77482
35.16778
63.59573
18.40695
48.04054
90.50534
3.45181
27.87293
50.84309
85.79504
23.85920
8.24888
32.80997
20.97497
78.38688
5.35420
80.92151
98.73902
73.79571
50.80413
97.14976
30.95149
23.73098
1.45877
63.88564
72.42752
8.28764
28.93413
20.50062
47.96109
37.91417
83.51353
70.06095
73.21905
22.84111
29.38688
99.25804
86.55140
78.40453
78.79023
72.49052
30.61125
90.94954
60.78873
38.75035
41.47997
61.92039
74.65086
59.69696
85.25579
71.15734
15.68188
63.23646
32.01004
44.51116
40.04376
31.01061
66.28199
60.38878
78.42026
16.94341
26.03199
52.12297
70.53966
17.04408
10.49001
41.81234
45.79286
59.34227
49.77651
48.35971
18.97868
63.25156
1.40427
42.71212
11.82516
12.67925
52.13814
22.83726
86.06405
46.17045
93.77730
25.34947
32.55274
15.66745
95.70270
65.77850
57.19015
34.86042
7.25487
21.78836
38.45372
4.32545
72.76119
8.82678
90.90861
35.22837
88.10667
39.45270
42.06778
98.44755
25.71056
49.50171
10.79449
3.90933
56.08391
24.37817
94.72609
31.43261
71.00514
94.26560
80.89782
24.52105
74.63999
62.49239
66.83067
62.39185
78.19980
47.53884
36.34070
60.48365
99.62823
25.04052
5.49275
28.70935
34.33667
48.21890
89.48061
14.41467
4.37000
84.01903
47.43296
85.16707
46.97490
19.87162
25.22652
69.17338
36.11349
14.91463
94.09551
7.89116
38.57734
39.71850
84.69493
83.02845
57.48649
92.93631
98.34565
85.15791
6.15350
27.36739
41.57980
67.52127
77.45826
64.88981
61.78488
95.01683
53.35586
29.16006
95.53651
54.72845
74.82364
24.67218
79.01314
85.76560
64.03350
79.09008
43.66225
15.94171
20.62210
76.13315
66.76247
90.09301
15.56011
16.73332
34.50053
14.17912
48.24681
32.46156
91.85617
27.79725
59.43760
47.36166
94.74579
42.16530
21.15391
17.66876
49.54650
95.88242
33.99832
33.93830
4.08116
12.77143
20.37635
78.31124
70.97175
51.32442
38.29397
66.63302
53.01140
1.24209
32.53729
47.23274
55.81251
51.19649
85.51704
93.33109
65.65574
23.15741
73.05120
47.45938
41.82239
59.46536
2.97567
97.85536
57.06345
43.47634
76.17231
95.86673
13.76337
98.46010
0.42474
91.32870
20.87028
50.38375
81.66810
21.52525
99.23885
61.78172
74.23244
7.09673
96.84919
19.17634
83.47609
12.54374
7.91231
57.30235
64.05919
20.12076
67.86288
44.98046
9.28154
27.85810
79.10872
83.24059
26.37190
79.44721
46.31013
48.96048
0.53920
65.96590
24.68672
98.92730
92.04576
58.99733
9.30087
31.70286
58.34631
1.84562
56.12847
10.63201
34.50246
55.98957
85.13942
2.40111
47.02530
77.77485
70.26433
21.17190
38.53116
47.40265
26.73413
56.91743
30.68123
51.00628
57.37484
89.30900
41.73951
33.01273
22.60155
5.83737
38.83646
39.32428
56.84030
88.58719
57.41370
26.77467
80.55038
80.62862
17.82246
51.25398
41.99419
30.93902
44.03947
21.51621
91.84615
66.66543
5.42090
3.85117
56.63482
54.74055
68.06443
37.39761
13.10596
91.93843
38.26160
24.89107
93.76931
42.07043
0.77655
50.73483
77.35034
95.03699
74.60726
0.68013
99.40795
19.79791
20.43097
99.93234
32.47856
63.19354
5.70491
12.73767
62.04486
97.44343
37.36483
2.56440
55.87390
54.48726
89.47064
63.68431
50.03327
11.60490
53.12260
40.89749
74.73699
92.00041
88.08181
61.43144
70.86901
72.56306
39.46297
83.04387
16.53384
66.30039
60.98215
6.46438
19.21721
14.44678
29.56928
87.24313
21.13023
85.63247
86.73428
38.17174
80.45110
35.70740
12.68275
18.27174
88.11744
64.93199
50.04535
23.39462
72.04363
47.14634
66.07739
8.04343
36.27926
99.05479
87.99990
87.79624
8.75308
14.53262
46.79264
58.16940
88.69780
42.38610
13.60195
0.80597
59.55380
70.73312
12.66397
33.36973
73.17004
62.00784
37.81527
94.65981
99.63694
74.11758
13.09422
40.10787
97.06177
74.87791
37.94851
74.89604
3.54771
46.80014
77.23557
87.92320
57.26455
67.81573
19.00786
87.54352
20.40574
41.18049
5.78473
17.25850
75.58754
97.71415
83.72549
87.65533
36.62957
75.40072
16.01416
52.50439
30.33843
45.23904
40.38295
20.82523
12.97118
6.53273
66.20015
3.48648
39.15891
38.14103
19.27769
62.30964
33.36354
89.31070
34.51971
98.14077
96.16202
48.36481
50.86256
41.45067
8.18748
29.42912
39.97777
46.72713
39.92408
2.15175
44.56336
10.59204
30.24560
37.13209
40.50167
92.86624
56.19120
31.15411
58.06550
76.97228
80.83144
46.30998
25.99630
56.51130
94.91547
30.95192
69.86210
92.03020
69.31998
23.39271
42.81932
49.86137
10.67397
5.83233
98.73127
16.59612
96.03436
72.75928
46.78578
50.57595
86.94016
36.27479
87.28195
53.52759
66.67284
22.96827
81.30586
25.06908
46.33283
20.62431
5.70754
38.41841
58.00160
34.65203
77.44671
18.76727
24.34897
16.98586
24.85025
83.62931
28.49914
85.92249
34.87606
7.93197
50.02838
92.63319
40.61195
77.10838
80.07562
18.91642
14.57075
2.26764
17.49938
47.21583
14.23479
60.83433
8.30669
39.00123
20.68500
71.60972
52.75846
91.92664
23.59757
80.17038
15.32157
23.44549
54.06331
63.12216
70.14008
45.38734
83.25981
69.10034
90.88314
23.10221
70.98990
68.27493
83.98050
5.49619
17.99680
82.75265
74.05235
3.25189
87.50524
73.32098
23.13851
39.68077
18.61801
60.81860
78.25219
68.22680
54.02809
29.22546
3.71591
69.88290
47.55323
92.65155
76.87823
61.77288
80.23037
25.33500
76.68485
98.71456
58.72781
0.90385
96.57916
23.11356
4.73683
19.84523
50.57295
99.09999
90.47647
29.84574
49.76596
13.08591
25.75224
21.64987
81.86912
95.82977
48.35771
54.62102
49.54269
91.70000
41.89295
62.56874
76.28371
26.03252
75.57842
30.03312
97.60182
97.26147
18.86806
34.10855
96.72802
35.36211
88.83310
6.60596
87.90164
18.79810
70.03489
45.54471
34.24454
79.98772
54.40626
39.20273
80.03289
99.83729
78.95780
64.58095
20.56530
67.48307
32.37012
46.26736
30.70224
58.04995
56.55566
76.74866
33.38910
33.73581
63.75483
83.91867
92.09355
36.21780
39.28814
84.04149
13.09414
87.01386
40.90701
24.30920
52.11921
80.54913
49.61942
3.10469
89.11100
98.32531
2.94818
9.97065
25.12119
39.48486
24.94575
80.75066
11.51052
81.07408
60.08192
85.47393
63.85656
68.57953
2.15818
74.63825
97.44198
36.37422
71.36325
3.86903
95.86949
35.90092
46.18126
57.83305
79.23650
8.74177
46.23079
69.54982
51.51181
3.45471
75.30746
94.77711
15.85047
22.19624
36.34182
47.62206
23.96202
86.61221
8.88402
4.08590
17.47269
30.80155
67.38649
93.99071
68.05818
10.78172
99.67245
42.59447
50.16503
41.57673
76.85163
69.05473
23.08239
0.68097
35.42843
1.52910
34.56054
15.10685
98.45011
59.73099
74.91743
31.24951
72.82441
4.11107
19.27371
95.45528
77.36403
71.81032
23.18792
5.17388
24.67581
75.86386
29.42040
33.06013
17.24625
52.81277
60.92199
25.29910
14.80451
3.34567
24.44869
65.29465
0.46552
37.59126
11.34641
8.04816
36.01700
8.92634
97.21055
53.50043
0.17400
91.98635
90.51088
84.86357
61.27687
80.37469
96.28294
59.57542
23.38955
66.66593
56.85116
30.21315
86.08911
65.31461
7.21575
91.36176
40.16915
37.08789
75.07813
17.53420
38.54112
27.82715
11.03352
64.28118
43.31782
75.63237
65.04591
62.91510
26.84812
3.29041
28.46596
96.16901
95.98275
61.85208
91.49661
26.10621
8.48800
63.18120
27.97146
65.40113
31.84728
20.92948
69.43869
27.32754
56.57163
59.32224
17.25555
34.39901
42.01756
4.57130
22.17777
85.16122
7.43392
46.68470
13.62577
51.11357
50.46504
28.28516
34.64791
21.80729
88.94883
35.68293
26.16567
49.03420
23.02725
33.20237
7.56295
18.30932
70.07042
18.20353
43.06345
70.75346
74.90128
92.79433
24.32205
46.43961
26.85444
48.80736
14.50370
8.70390
88.13313
90.22368
15.53786
34.84176
88.25293
72.29191
44.34923
4.39824
58.37473
3.46552
45.41984
23.20984
24.62471
56.20516
96.28249
28.18623
21.67875
75.55756
93.04785
73.50121
98.04245
33.53938
67.18860
61.09062
94.31018
94.96174
39.24063
48.38341
0.12847
77.92133
28.21292
15.83202
13.90009
39.55090
70.19452
23.71300
65.60091
21.98197
27.44882
16.63299
2.61073
24.32653
81.36781
77.86193
55.00450
16.42863
75.21854
46.14847
29.52166
30.64350
99.47637
87.57245
36.21738
65.67413
34.42782
30.01891
89.13021
28.77441
37.30233
39.20345
43.54301
4.97032
35.34734
13.20138
43.32742
95.58192
22.86177
96.51743
70.69208
81.79964
0.19113
63.12289
38.28033
79.01731
21.21864
47.83002
20.24490
91.06846
4.57482
22.90263
80.84544
37.61532
28.33938
50.62942
57.75279
6.18190
75.97597
88.86020
54.87039
7.21025
21.24658
50.15921
38.71220
82.43719
64.95127
94.77486
56.12716
34.74940
33.18179
10.74240
3.80543
42.33636
65.14958
33.83088
90.63273
60.17344
53.27737
67.33078
40.34199
3.52875
12.86751
52.77533
4.94414
7.91386
6.07643
85.69496
15.80626
48.92549
46.08332
89.92701
10.32419
94.98116
52.56278
36.10983
86.35652
39.19548
84.73719
13.99868
69.62184
40.74925
20.51355
57.68578
37.45646
97.42580
37.34819
88.13176
18.31059
42.04445
52.50676
49.34946
54.75079
45.01759
87.25460
78.74912
21.14264
64.35220
54.41332
90.28020
86.77770
79.78095
90.20984
30.01793
16.50264
26.86188
44.33960
60.83379
55.46076
37.95121
54.85086
72.54300
37.33257
18.59178
22.35136
23.13073
51.55286
25.08890
42.31200
8.44635
88.88513
2.06826
94.95081
39.64076
20.64422
38.45133
31.50691
52.55643
31.03520
79.39096
61.04589
7.80004
49.21487
81.43951
36.39736
16.44822
29.68685
65.60865
80.60820
70.76224
48.75154
80.99805
66.29337
82.39802
30.34883
80.53047
74.54747
22.50127
1.34828
99.33858
91.82631
55.98897
14.34269
4.01789
46.13989
42.46187
68.06308
20.16741
29.77672
23.61891
11.34252
79.26514
72.45707
99.14264
43.34571
72.49381
89.09380
50.02377
6.67000
29.37910
52.52713
35.02593
40.91426
76.41213
60.87433
15.17203
30.25526
73.92995
70.67443
16.95772
79.28058
55.50566
40.65786
62.38120
50.18361
32.93568
65.61378
54.37799
82.48353
6.27720
59.08463
77.30708
88.50031
88.08010
89.24271
63.61767
12.53620
60.93344
35.57416
71.58995
12.83655
75.26511
47.00205
61.70742
47.35900
2.94596
22.17060
58.30354
81.94521
94.23379
90.77763
65.26801
54.21092
12.24090
3.77447
58.50693
42.54682
77.52828
64.61210
46.22212
21.43355
32.29740
89.19018
39.26881
18.26958
85.82095
74.88383
0.94147
76.25347
79.46201
3.02259
49.56315
36.97190
53.21380
21.59633
49.15403
79.24046
63.10982
90.07292
51.77365
17.41492
3.97220
30.69052
72.00464
82.55971
14.96415
1.49104
44.38653
24.37941
70.34593
13.46971
71.61899
55.45052
25.58663
12.78971
93.05494
94.50064
63.02890
47.80862
79.42768
20.86628
44.36630
4.48306
40.44421
49.59055
70.83917
73.53997
27.29604
81.91164
63.16927
28.81984
99.90801
13.39041
86.73785
12.99968
6.46178
81.93242
49.00777
78.65920
12.41152
0.23453
70.01001
76.36969
94.99674
28.63620
69.80857
65.51252
89.47515
92.67816
11.69053
85.57019
64.17441
7.62717
14.50410
35.56689
28.57189
41.64493
33.06531
92.08595
96.57329
61.86632
26.71574
44.98685
39.87904
86.17145
84.45552
4.48031
80.17981
60.36737
13.49017
45.28685
45.85010
61.23653
66.12666
15.82063
54.59626
85.81614
1.69347
92.81659
71.41685
24.25640
15.29304
84.82011
53.57745
21.65270
64.41464
33.75503
22.42731
72.01286
62.79098
63.54672
14.81170
11.95548
90.00746
9.47760
65.92456
87.65753
51.24854
70.07941
41.44628
52.54647
71.46909
4.69268
76.24356
11.29244
98.98803
37.21768
97.29551
97.65234
92.78890
23.36370
92.27619
78.52385
86.34747
63.62425
39.51114
20.52404
28.88958
41.49237
10.08395
13.96114
44.13376
24.67268
59.52190
65.21515
22.36513
47.90024
49.20849
29.53030
45.96474
2.31706
75.18450
47.66257
21.77382
90.39348
83.35987
15.85603
4.45788
2.25525
81.95820
86.99585
44.30740
53.84363
43.96823
50.11530
14.42185
48.10267
78.06963
45.70817
80.47582
21.44109
89.04038
27.47115
65.72479
69.00503
60.70248
49.89233
96.95855
12.45503
51.86819
26.39911
28.12638
82.49985
0.98899
20.13922
55.63422
76.93989
72.04894
23.37177
67.83776
49.20962
9.53132
90.60595
42.55434
93.85577
55.26901
10.55529
93.43406
19.31068
26.21642
80.63966
93.88683
28.91082
57.97960
10.14397
1.51009
64.93402
46.22316
65.87296
62.88001
79.73021
90.77563
51.12130
84.17501
56.92914
96.21598
57.60825
11.41600
92.71530
17.63759
37.88722
42.25321
93.28633
50.65640
29.21145
2.57728
38.30439
68.92548
12.45293
89.86435
48.43658
7.35057
68.52374
56.11484
11.65471
23.35051
82.71660
54.91448
79.88428
27.11464
82.76415
86.17004
35.43166
85.05450
34.10116
10.22729
88.43897
28.51369
53.95806
14.21354
12.87731
66.51834
66.46227
80.33363
99.94895
45.91284
57.26814
73.81944
28.92814
91.00829
11.47481
97.60120
91.39424
12.20770
33.20617
76.97476
57.77897
86.92223
36.88730
61.96505
46.58628
83.75870
90.93907
1.15410
46.26716
74.32497
45.79871
85.50393
96.40637
96.82648
50.31958
27.26924
34.63428
42.20327
23.87811
32.71594
92.05499
76.89756
2.89421
3.21645
79.14818
84.89468
76.43324
61.83059
96.26668
85.69291
78.07532
91.47575
12.69726
82.40589
92.13782
20.71217
59.34504
73.65481
76.92578
57.45188
2.06850
28.56754
98.94573
44.17624
3.71258
45.68682
7.45425
6.08921
69.12421
4.58411
92.99281
26.27216
27.97776
95.62254
34.24359
27.00867
83.41373
42.41377
58.90721
27.97247
14.92835
84.90198
64.91780
91.91344
47.27432
65.69633
98.22372
25.66594
60.50792
52.58137
88.49105
17.01698
54.25889
26.54460
37.35892
47.44495
14.39288
88.00863
53.31819
40.85486
68.43543
31.06803
95.74045
58.22663
17.12175
17.19450
86.92791
12.14444
5.84343
87.73265
76.62943
13.45481
36.86073
54.95171
20.90642
56.49062
24.56985
32.36932
34.49315
47.65336
38.11832
27.77382
35.37912
52.64915
65.84390
90.53753
22.11962
14.57814
65.92757
24.37831
6.57837
2.54694
27.52798
80.81162
17.18386
87.85904
52.01912
74.48533
83.39911
65.34576
88.93584
69.41840
4.06212
71.20984
48.49534
88.68627
49.59589
49.60237
1.96900
26.54125
80.56713
5.11248
38.14989
68.23187
73.55405
33.89104
60.70324
93.13707
76.96531
48.26415
79.10214
99.35372
3.76292
24.23541
46.75877
66.34062
65.20028
89.76863
37.23156
41.70633
75.02380
59.71787
8.57196
12.40000
49.40834
22.77224
35.96898
61.79051
35.30001
38.86429
36.81048
76.77475
15.88156
73.74121
77.96536
53.42438
31.54835
65.86492
58.12593
11.07928
64.03433
14.26537
5.27888
63.01741
40.71236
35.07647
41.07684
33.39012
16.95501
91.09062
61.88523
9.62014
37.43830
46.03900
30.89501
56.61713
77.50874
6.97065
98.65648
78.94278
64.77550
83.17363
32.08263
43.00496
56.99095
47.58455
58.26082
4.87304
85.83890
18.06181
65.03470
49.70814
14.23076
85.56477
6.90989
48.46104
32.96886
53.72463
76.56841
0.50529
25.03217
42.92387
77.63728
65.80136
50.79998
92.56303
93.56013
59.94022
18.37506
66.59901
4.45784
67.44934
23.31459
61.59492
34.75638
1.67801
13.41478
51.85485
10.81123
99.54485
55.99461
8.21417
18.80841
16.93608
59.54833
8.95728
88.55135
99.50812
40.27558
56.89013
63.39844
38.62857
98.37067
76.73251
89.39215
74.47259
65.01914
61.78987
8.15505
5.74598
35.25954
40.82543
91.09882
61.20366
40.78854
95.06181
68.86833
66.41379
56.31134
74.87605
99.79395
55.75844
26.28907
49.45756
98.71855
94.01683
24.86743
45.49425
0.54279
0.34240
63.42696
28.22515
66.49069
54.51442
68.01437
8.36078
51.30968
46.91911
62.55835
38.05007
67.06772
58.51487
11.77564
27.14642
58.98965
18.10322
85.12754
97.50113
57.64129
98.96052
39.23414
57.57287
38.21389
7.28708
3.68574
62.54510
25.91883
49.69492
90.81603
85.85561
41.22449
33.69856
67.26411
31.58789
48.34248
2.93568
80.31435
75.06574
86.93062
61.58174
48.75242
16.38123
39.50465
94.95811
87.59468
76.18490
70.81594
35.02917
91.60244
88.73756
66.98699
31.00068
42.98740
58.28295
66.39203
29.40140
9.71302
58.10550
10.67192
29.22389
32.06139
48.20825
9.62748
74.37600
64.72684
49.89197
4.40881
58.89909
63.90739
26.28029
64.82029
65.02525
49.53893
78.48565
91.32057
59.10430
99.81072
5.71089
56.84576
73.67964
33.43909
67.62203
23.88232
84.90363
82.13324
60.93355
80.71342
79.61482
62.28591
99.12034
14.40639
24.39847
45.88610
64.46345
42.93197
56.50027
18.29306
72.30392
75.12703
71.23463
94.32616
51.16145
45.79320
12.23352
64.01942
25.45374
43.61982
4.24200
35.62004
25.87578
80.02897
15.50479
54.69252
54.06354
84.41640
80.58499
84.63968
0.03269
84.43614
32.62540
5.96023
1.26774
55.77597
93.23633
76.53009
42.35277
37.98552
49.70839
28.96298
0.49351
58.06055
59.32296
57.40290
64.93608
11.35070
81.11639
51.68687
62.20682
61.01843
68.77424
58.64240
97.71735
13.23362
73.57472
27.98309
53.39116
72.21774
97.03408
22.55068
96.66875
92.32883
98.54188
71.61357
40.66331
79.86052
11.48339
55.97649
95.83953
28.78204
83.56658
60.90692
29.72514
93.91957
4.84836
32.70185
79.42984
18.89374
88.49950
98.18302
40.70825
56.73831
76.99554
75.15424
96.62439
72.04030
6.39752
46.39054
51.63988
65.30324
27.60750
2.00230
34.06520
12.56554
29.55453
26.44227
14.87923
68.80597
0.23119
49.53564
41.50148
65.23293
58.15509
45.91402
35.97527
88.77010
42.06917
19.50619
51.89741
55.66692
67.54114
74.86917
84.50208
98.12910
48.87054
47.36717
37.07084
2.77095
60.77437
14.22023
89.42758
70.45126
57.46820
72.34409
35.04207
6.74498
52.57379
26.23685
7.33572
38.94620
70.04520
66.93385
39.87049
71.53370
27.19202
3.15832
97.15613
15.14233
47.30502
50.17438
70.64698
47.27671
53.38739
5.00189
72.80737
93.86849
60.61694
61.65007
15.08312
75.67115
15.26484
50.99441
97.25696
18.06734
97.60620
90.09471
41.43906
86.11693
49.81840
80.43955
59.25623
89.86607
16.67218
36.41639
69.18920
4.05035
32.95989
41.75596
7.53749
8.21343
62.88667
68.67073
63.84693
87.95403
69.62316
52.46049
64.13834
22.54611
42.96819
16.52073
46.57650
89.11311
97.24182
85.55366
94.26979
40.69539
78.92249
38.21940
46.55708
16.62290
96.48017
54.99651
73.33737
25.55193
86.81912
23.02469
15.72036
48.05511
44.94126
4.84139
78.43366
98.94176
64.40066
72.30624
0.03955
21.64960
96.96404
79.24705
77.83151
51.03871
3.78066
7.97520
93.75165
27.88909
86.94098
9.16420
23.22348
92.73879
18.33924
8.28365
51.84458
59.02068
94.84915
68.22449
78.83829
16.46777
31.04175
65.98040
51.67997
98.25656
36.75290
78.23728
66.61540
91.80828
19.26255
27.65455
58.52787
53.22110
43.82541
1.62507
90.83006
39.85112
71.26818
9.90226
8.56757
69.27878
58.37956
14.16772
35.65802
94.59312
36.25880
44.12996
67.99500
30.65205
36.23547
42.03300
63.02021
96.98440
43.90028
38.79177
54.04387
8.94077
77.11823
59.97977
4.77356
54.99761
9.75132
49.51599
96.98177
68.88387
45.05811
58.59103
25.92547
57.87211
3.86106
27.15382
99.23754
62.20208
12.00291
9.03764
67.24620
70.45497
45.57603
20.79185
25.43919
7.01778
54.60035
38.84202
6.35013
30.07868
26.08105
12.21530
21.83056
88.94069
72.18067
81.95739
46.89621
10.58981
43.16754
32.51012
6.01734
88.24374
79.08580
89.45445
29.49263
30.57966
71.02843
50.47468
72.78689
97.07201
27.31201
81.47598
83.00550
80.15614
28.20728
17.36013
74.50697
26.77732
33.06231
68.82872
81.49760
27.18735
21.79444
8.21257
85.62926
64.18470
20.03730
28.80976
32.60711
74.33379
20.17701
88.71246
36.01381
2.79818
30.15855
72.28245
54.96860
34.67626
95.29019
17.93670
18.45488
43.60981
14.56575
17.88911
23.23027
96.29051
42.87841
64.63342
69.06469
12.23328
47.77139
67.37350
97.57874
33.29269
92.17418
1.77084
14.71302
4.68246
52.72181
74.30231
33.71718
32.25309
74.06427
47.70563
59.37019
26.65533
15.55170
71.98585
26.76485
93.81989
60.47468
26.44212
6.76817
22.02851
11.76209
77.86806
34.62396
73.97134
53.77336
55.44490
82.72590
35.51276
31.21885
8.47546
23.85350
81.18014
21.76923
99.15860
14.52980
71.43686
26.72372
18.22072
5.90030
26.87279
14.84642
77.03779
44.40073
42.94272
48.10647
71.14759
5.85327
96.70017
74.23021
2.07656
16.91068
4.53162
36.64452
79.95180
38.36383
37.01375
60.99595
13.53223
47.18737
58.27077
2.64373
37.98622
28.42534
49.38760
81.99298
36.50652
93.27804
2.75989
57.29560
45.35349
4.92790
42.94580
84.04466
25.35658
24.49019
36.06453
35.34067
81.31864
72.08757
34.47364
97.84814
75.41416
2.19642
5.80715
81.44705
35.38731
23.18670
71.33981
52.29301
85.30419
77.40633
78.11374
10.48576
32.63267
13.81017
14.82530
10.09998
37.25024
15.09135
62.08268
17.33620
8.27405
20.09659
96.19986
72.83598
17.72965
81.26064
69.84968
14.51339
54.73605
82.46604
1.96027
39.32116
90.23984
44.00249
34.13127
55.87608
14.38355
73.54073
85.55591
99.50172
4.50232
6.89512
92.35829
46.94152
22.02549
93.21000
27.47954
33.99937
22.70569
80.58162
70.24242
4.28176
24.42727
39.32719
61.90009
51.13071
1.11695
37.22690
5.04754
23.80406
96.69701
47.74888
51.19887
47.90471
93.44049
57.64219
1.86896
59.35269
6.45342
49.21574
21.29664
9.64301
60.16086
80.78134
84.65771
31.57435
3.24141
43.46868
52.23579
42.99822
51.56667
71.24187
76.88586
45.79775
14.03325
40.45906
49.25391
48.68806
1.62244
34.68766
22.72740
47.54203
65.02733
21.86455
10.24509
60.79297
67.37126
89.77860
84.07358
65.13715
89.26396
94.93722
81.57558
93.50681
44.59919
96.98147
97.12072
92.09328
98.98155
45.29165
99.91653
91.26536
4.28643
27.27811
49.99938
59.17400
91.89960
38.25371
32.89272
7.91102
98.87168
17.62287
72.55277
6.78584
42.91350
30.14942
21.44612
23.91354
32.63550
84.52296
64.84598
98.38479
0.72749
73.11871
6.80196
90.67024
52.25829
91.51946
3.13173
65.58986
53.17928
51.19364
44.55004
49.01268
34.17192
62.74691
30.16548
69.62458
84.02472
57.19373
82.66166
65.42750
23.44209
5.94761
62.91071
67.97045
27.02251
52.90648
93.28140
64.83876
46.75743
6.64963
98.38857
66.88080
0.77615
85.27474
88.21927
71.30826
88.07203
69.64665
86.25955
1.66138
35.53640
72.55940
79.96150
26.69318
3.84695
10.19301
89.63647
99.77029
95.96110
62.74615
65.56282
93.02417
86.39265
0.17345
80.88617
35.26671
7.76607
35.93015
7.40142
74.00593
12.78728
51.31488
46.75164
0.43616
15.85619
96.43286
46.45090
32.99558
75.48694
8.35981
72.01150
68.14009
39.03191
69.68906
60.66834
53.39360
84.62675
41.21514
36.45223
98.04589
29.94067
31.06187
60.79591
30.56380
38.05931
64.13817
88.09438
75.51221
94.72228
0.05237
52.37762
56.47102
67.81462
34.82747
15.24415
67.19938
13.48277
79.79455
79.55126
96.11672
97.91772
53.52998
34.70317
15.56618
8.84050
57.11415
38.32200
51.35999
64.78087
51.40028
73.74953
38.33977
31.35650
12.50501
24.67897
52.68427
63.65512
80.95102
17.16399
43.56225
27.40752
27.11044
74.70250
12.18115
77.49765
71.30281
4.48456
5.70080
18.75463
63.81135
28.42957
36.34950
16.45542
27.84462
44.11076
71.86913
36.92310
97.71064
65.66025
38.55163
54.29398
57.58388
77.57111
68.96260
56.88682
22.58533
47.07648
58.86304
8.82257
85.64532
45.88719
37.98601
36.23641
31.17832
35.32226
56.74470
2.71072
87.48664
81.99751
5.51953
96.25508
78.36651
8.50324
30.70082
62.81384
20.82590
48.30903
32.76963
16.39540
95.04756
52.99415
58.24169
23.93019
2.69003
95.76715
9.54790
38.25240
67.29741
41.61378
7.82384
33.49375
0.85570
69.65216
66.14435
66.51579
95.93757
8.16205
61.93208
24.48310
49.77585
59.72052
75.05740
76.93424
20.08336
96.70221
81.80363
4.53083
72.01938
24.30349
87.64723
59.03719
14.65509
77.93803
64.76424
33.59886
95.70930
40.96182
12.70172
42.88414
98.73341
2.55173
71.23477
86.19385
72.93918
82.12826
81.04648
95.76540
93.06769
29.71140
6.26010
82.64270
24.56180
54.09407
89.19002
41.98620
4.10078
48.79263
44.90311
26.01245
14.62450
16.21144
69.70549
62.45484
68.25968
93.79569
22.01967
61.51180
71.89616
76.17102
0.04386
59.46477
35.33113
75.08061
68.31410
34.68049
27.11474
11.13280
45.49835
64.08603
92.54669
56.30575
74.02803
21.40026
77.89238
54.57754
64.93867
86.35352
47.14318
54.59585
61.71688
53.75758
61.93547
64.76329
22.03718
46.30522
61.86132
0.52729
41.15389
52.32809
17.74232
57.15906
8.00998
56.34082
48.40221
52.58740
20.99793
91.99916
67.71311
13.02502
99.46369
61.30233
66.19315
54.01828
87.83806
36.83723
69.98300
87.92270
56.13047
29.30041
97.66707
30.31533
73.58429
20.24593
13.07330
72.45315
15.26454
6.93287
94.22679
38.03928
47.21047
22.70120
55.47143
28.78854
73.32905
49.02061
97.60923
62.81836
49.71406
93.27178
67.44593
34.97380
95.55583
71.80592
2.36958
46.41597
72.90313
95.09630
24.24936
93.19267
98.81054
35.88054
14.95777
6.04016
90.87663
2.18847
84.22263
25.98262
71.75148
27.08107
72.26669
36.97347
72.35615
12.72358
9.65509
47.93270
91.63102
77.56325
36.16697
74.85558
44.38445
11.75413
80.02822
83.55954
9.71224
86.28079
7.60497
81.41301
98.62761
6.34454
49.26224
60.97440
58.43480
88.37734
53.46938
88.54765
90.54390
50.26357
22.98189
22.69109
85.36115
18.31084
60.38784
25.24673
31.11426
55.04868
74.64723
82.34797
85.80060
16.83850
60.26571
98.36652
56.95313
70.82954
16.75469
77.95572
54.52734
79.44926
59.27907
48.15745
53.68861
8.92793
34.58315
38.70999
13.82075
7.19770
68.12824
67.44698
95.12047
75.27406
60.02238
26.64425
61.99245
87.64371
90.93321
38.88537
34.96843
74.47623
34.26513
0.24466
22.25800
32.43451
7.99932
55.50030
70.18121
66.97631
80.36628
50.91356
67.20397
15.21487
19.07428
33.70944
20.37703
19.19169
94.07026
4.06732
86.85953
3.08183
53.67877
66.43247
89.85128
28.61324
74.93741
34.43743
34.36548
20.73011
71.64932
58.85279
71.77200
45.82169
11.37486
67.36324
72.77962
78.40662
77.26035
39.04321
60.85345
98.28562
59.14997
34.43939
82.13305
83.37084
97.89741
39.84722
37.71911
97.11413
47.36776
6.40552
66.05569
33.28054
31.36059
5.04918
45.56359
95.37519
29.69182
53.60529
29.58191
35.36488
93.33939
59.13598
49.48788
47.62027
39.87937
46.79629
94.84290
81.54479
18.95837
93.25176
14.56192
62.78141
50.57983
12.41096
35.59458
75.31456
97.64584
89.98599
47.90122
47.31963
56.34311
20.30514
28.56582
46.85519
51.23584
62.66412
30.55157
22.27927
73.27934
84.92094
71.07851
84.51664
19.31739
83.84791
38.69038
57.44813
3.71840
25.86054
32.02492
1.49560
67.83416
44.84577
92.55780
26.44431
23.05268
49.65993
36.04075
34.30099
93.42749
13.62218
8.55142
79.76589
58.61483
17.02341
90.01414
27.13788
74.96380
78.98860
66.55556
3.54731
44.71594
53.25189
26.06855
36.62241
15.02768
49.99733
20.57465
4.62243
55.59194
72.07604
32.81729
80.82836
58.35195
57.40565
35.67453
94.91080
26.64458
90.54898
41.76926
86.40087
10.99971
32.99202
64.82027
50.18725
13.36360
37.25344
66.82995
71.83587
8.97140
67.66161
31.01895
5.49422
81.20885
62.61625
60.34645
79.20547
77.27283
49.19025
74.57473
89.13154
82.48263
60.00315
58.89644
74.33219
18.54706
66.89629
81.13805
26.38021
88.39167
86.12973
82.70205
87.04459
83.52764
6.73669
46.33321
1.58234
81.54887
89.87714
7.79435
7.58883
44.81814
50.27305
71.12415
17.25684
11.05307
83.03268
98.45629
0.56519
1.42543
20.69701
55.61194
41.71755
89.94578
90.76295
86.26633
38.35872
96.32769
50.59524
24.49053
4.34183
65.52372
77.49177
25.39854
58.36133
21.73170
28.43083
71.64559
73.97878
43.09639
59.83316
27.02216
33.44609
11.43808
55.25139
15.31204
2.99988
76.91862
16.51727
45.35695
36.82871
42.48933
11.92945
34.38067
43.43692
69.53789
44.62709
6.26638
60.45291
42.00586
15.51235
28.49912
62.82074
75.85978
89.23668
53.06190
39.50670
92.57022
76.28160
12.00874
83.70976
69.29963
92.16945
40.94907
9.14642
94.74502
95.43261
21.76733
7.76990
91.55585
64.82089
49.60863
72.96649
31.10239
3.91142
10.72910
49.21036
25.71008
71.14246
85.82889
86.86509
75.21010
0.50731
70.26231
76.34010
96.50765
46.06245
22.97889
2.62104
47.07590
55.83493
59.73689
11.09796
11.05916
9.55095
34.56037
7.11668
65.10152
1.78527
60.91293
40.32635
44.32148
96.86875
41.05472
97.51004
91.77355
66.01311
82.18854
54.05818
53.19219
0.67081
22.82711
0.62205
27.15489
49.55447
50.40467
10.69159
7.26682
86.39517
9.73097
18.95304
53.95772
11.40909
37.39295
4.79575
33.08670
85.07686
56.28113
15.68546
26.94637
90.20270
84.67032
98.69113
95.23810
91.23334
79.31948
31.17366
11.46773
28.07122
39.85041
25.50510
93.83598
19.34013
73.00581
12.15761
68.06844
28.88235
99.59561
44.83921
39.79942
31.81498
52.54398
37.02158
8.44362
9.98252
8.75172
81.63754
23.64147
16.52875
75.25228
18.70688
29.09520
68.71869
10.39795
38.37328
35.50438
75.95925
14.41229
10.40708
35.31158
48.76913
32.64714
48.66392
56.10388
80.95494
98.52857
63.12722
13.57793
81.43440
45.73180
74.78065
36.45468
56.91728
55.87710
30.55055
35.16352
43.99692
16.48072
16.66920
1.66891
38.23322
85.88267
13.92230
23.40370
71.89108
17.97399
57.20752
77.62712
43.76363
3.70140
70.13367
20.43015
66.11434
72.54740
0.78837
28.91947
68.80390
9.15913
41.55724
6.89821
86.12237
96.45784
93.64445
32.57855
0.87626
93.02599
64.41548
57.06428
49.93933
45.08196
68.57223
54.85594
82.71154
12.47799
73.62509
37.13184
79.01939
86.74444
40.26062
20.00935
29.99569
71.91567
62.67049
6.20755
45.34474
88.20487
19.53681
85.04856
71.15660
44.48830
13.26761
37.62990
75.39557
12.07945
77.18414
38.31848
65.73665
16.68502
58.18837
19.25155
16.86446
47.68478
78.23870
94.30261
30.17532
51.71936
10.22441
99.17476
98.66733
38.55210
90.51193
73.36425
43.33897
44.97527
31.48568
88.92011
16.05012
33.08411
0.53014
11.81931
48.46689
24.89465
87.00458
47.70640
97.47228
79.31002
67.93921
77.32549
82.75572
11.18896
73.71025
84.86684
78.37451
0.30186
92.18826
54.18426
55.58060
66.92349
97.48980
62.36634
28.20142
30.29295
61.57292
25.65572
76.10913
77.57041
73.05630
22.47918
60.77124
21.03385
13.98820
96.76294
44.78028
26.39855
6.98872
48.05701
88.50918
56.34370
59.37781
70.31568
39.26378
97.54517
42.80854
15.11761
1.17487
92.58580
50.48374
29.98857
5.48670
96.78740
43.54162
9.97351
51.05556
61.14988
22.69271
20.33784
55.89113
59.19253
32.13388
77.81794
7.10788
12.99491
3.12072
29.62337
66.16473
68.16866
41.47774
46.64425
65.64459
28.20419
90.59442
41.51806
70.93321
95.45092
17.26748
69.59979
17.06685
17.08550
44.20780
82.85041
44.02899
53.08293
93.79575
73.96910
16.03546
2.45330
36.22668
21.63510
28.77311
96.37623
25.49290
54.96123
39.36245
88.76827
95.18070
2.07015
63.03761
87.23387
39.74363
87.83314
58.75337
17.37845
56.08952
35.80305
13.50294
24.38369
97.61336
80.71731
68.87090
39.48393
47.39133
1.78890
19.06490
21.61169
10.23695
74.37457
99.84111
46.48429
98.37066
90.35692
92.67136
80.12438
70.20511
64.58807
16.77908
52.24567
21.32914
40.74172
77.51622
66.51286
19.18036
1.03419
51.02838
47.13422
40.23606
57.22353
9.28937
44.11522
61.95703
32.81662
15.95026
2.81467
42.61045
35.52323
55.44043
85.52281
17.36832
78.23407
29.01365
34.32687
78.05548
20.70544
89.98718
80.99461
15.52110
84.65900
2.51465
23.33426
70.07820
73.92295
69.69922
61.47919
44.19349
97.09037
1.87772
17.51969
0.92241
45.30845
7.19293
40.71649
46.92611
44.18676
84.12818
10.05165
63.27942
14.46749
56.14756
95.63922
86.39756
37.87332
92.76796
39.42045
96.41530
12.76068
73.23686
5.35811
55.97450
7.12689
98.62436
78.31307
20.75109
58.43213
70.21387
70.26065
25.04170
27.37043
16.08572
50.36398
36.47704
46.37229
36.34767
2.84410
58.64802
81.68863
15.59113
79.32285
28.34009
82.90399
62.97727
2.31967
65.13818
9.42094
10.90712
55.73537
38.58798
13.59714
33.79660
5.00198
3.25623
98.24835
46.86179
26.13409
88.61366
97.41295
27.07754
36.24199
63.70972
6.95864
16.83153
30.57863
30.78288
98.54664
75.89855
38.10189
51.47880
78.28446
3.96179
35.68194
85.97676
68.63763
61.86545
97.61713
96.60695
96.73964
99.55494
41.85760
63.89407
75.02702
3.97950
50.83505
26.93497
61.38690
58.96895
42.72057
86.56175
69.92371
44.10207
35.11026
24.16825
39.13307
41.26327
68.02955
57.67256
5.76002
13.65205
27.98889
54.91977
5.58072
65.02930
3.06046
28.61604
73.23047
77.47796
11.30104
61.34263
0.16445
93.26931
66.05827
43.95811
22.69961
28.52621
51.57660
43.40050
37.75596
41.31758
3.89571
68.91425
66.98896
50.16334
57.93940
70.02603
66.86566
71.71403
90.93733
8.40672
53.78841
72.39136
62.93916
7.02199
42.03237
44.58511
45.15670
4.08405
69.15141
84.07589
3.74676
50.58779
37.13553
42.52501
19.90689
61.24307
22.63871
87.28727
48.72730
9.33755
99.80834
45.59589
17.03707
65.89635
74.07392
13.19024
92.17388
71.42511
94.30049
91.01431
74.78487
94.32693
51.35752
97.69671
74.67852
32.99282
3.66257
19.74557
24.46378
7.46965
53.14708
99.76258
68.43184
35.46626
12.76385
51.61055
61.80372
11.59181
88.30354
94.73457
45.68275
57.84199
68.94351
22.50942
40.06689
14.83454
34.42309
7.99110
89.53030
85.09295
98.69538
33.88115
36.59203
45.84288
25.37479
98.85065
80.02830
30.66077
31.70304
21.36943
47.96078
0.29513
51.20826
56.67564
76.57540
61.85105
97.77190
95.81293
49.23165
80.26532
28.64365
77.52236
17.01723
97.34080
12.69200
44.37664
52.43645
75.75498
19.73598
0.03335
45.06104
55.44733
96.90452
15.66984
67.63785
75.40801
26.15759
60.98016
34.45767
19.53099
87.13095
7.17015
91.03931
34.95816
72.42023
53.28873
80.92715
85.82536
63.40462
22.85220
3.98738
3.32383
92.47545
9.48253
77.79035
8.20773
89.31809
18.28989
2.36039
26.15759
41.40444
25.69925
5.93724
45.69692
52.45948
94.84012
81.53927
57.77669
85.83769
62.01831
25.94952
67.91077
35.15437
71.46235
91.27159
3.69961
1.04478
5.98833
38.74769
95.51303
29.01585
34.18909
62.91761
36.42278
68.96010
9.57563
88.83645
97.33261
3.42785
81.73567
16.09027
25.32686
63.91892
0.09482
84.00084
28.19659
18.27759
79.49410
60.04384
58.75560
47.40571
3.42311
11.96991
94.27148
31.27851
59.18799
55.53903
16.65425
36.54517
85.84939
24.89174
63.12177
80.50876
46.82580
82.90146
89.25452
45.55684
87.63006
16.15711
81.83726
46.51336
28.23551
31.65687
71.31385
93.04464
0.73098
8.07076
88.92934
92.60618
32.00428
87.98453
96.63211
96.31151
22.16180
38.08807
51.87889
25.77080
45.43450
18.85943
8.26620
41.54430
33.27851
83.29150
7.84530
7.49121
22.64536
21.53020
73.49286
12.23351
38.85444
82.67737
36.77634
59.55324
9.72410
54.44117
43.94018
46.48807
50.18686
92.35425
54.67707
11.35374
97.21571
6.92411
40.01442
2.33500
79.56901
24.51209
6.49569
48.79575
80.71590
75.63436
6.84959
73.45740
51.01473
0.89106
99.67350
32.45110
64.75529
89.00002
82.35964
54.47361
20.13555
55.48438
93.16649
66.67877
28.95772
96.36624
39.10909
42.07178
56.08266
57.35905
58.63069
74.84786
27.55711
4.85175
10.93719
43.25602
43.30445
51.57518
25.19256
0.51543
94.20956
50.03859
46.14221
22.65364
38.73283
37.43983
46.36922
27.26385
16.78992
39.63602
54.76591
17.23309
42.52361
68.69573
13.12083
22.99226
79.17954
96.69833
22.87063
99.11792
22.77069
1.13460
28.72720
70.97063
40.69538
49.87231
23.09249
61.55597
84.65740
26.57564
93.41070
35.44630
30.36524
28.67311
3.41953
27.82722
87.64362
0.89461
52.13358
68.96246
22.46616
13.73935
47.55092
70.06620
94.66487
45.73131
78.57757
59.69538
50.34798
80.89973
98.46076
61.03969
68.84428
61.40532
70.04678
66.40781
9.88489
91.05466
54.01029
49.09754
18.99813
79.37287
10.71258
18.27075
25.97767
90.56664
26.10164
47.77969
91.65598
85.75201
35.77535
60.34341
27.11416
39.85448
10.56199
91.85960
90.04209
81.83347
20.44946
51.10612
44.43960
58.23521
80.60755
58.82784
59.17529
65.82297
25.05900
60.81375
91.75481
91.31154
12.45052
97.97420
32.17906
81.00280
26.66599
32.53260
74.12840
25.08127
94.38055
13.56185
20.61329
87.70797
0.55187
90.64082
9.85624
75.73136
38.38854
97.40952
39.45303
98.64732
10.95790
9.89185
52.46490
11.32378
84.30224
40.81429
69.81147
35.06857
54.67967
19.07323
94.94306
22.71012
28.00528
21.62498
84.34276
91.41564
49.15204
97.14582
58.76181
41.78046
38.95760
31.48788
15.05870
76.18969
84.00795
0.15877
37.77272
20.15490
67.96540
64.49541
12.00110
45.45143
42.14919
19.28278
14.12342
89.75017
26.36025
56.78245
26.43426
17.28088
22.40175
89.41042
97.92335
31.09698
93.72519
91.76152
29.75958
89.42338
73.68869
58.30411
4.77208
78.45790
5.92602
21.90382
12.20543
73.67039
82.63925
10.54670
90.39316
67.47023
23.19346
40.15824
78.67140
78.12673
97.82380
77.75204
53.09092
48.19478
16.84276
18.22214
75.62142
11.28862
7.80321
13.96736
3.34332
46.83296
73.62086
20.77400
67.32213
14.48428
11.37167
29.36172
34.32633
80.96743
21.66065
57.05161
23.25405
80.84840
44.97538
60.37184
54.65815
23.48292
60.92740
11.79179
91.39539
90.10836
94.39385
82.52744
88.32268
80.56691
17.25406
40.35559
12.62793
74.10086
20.73257
79.52034
22.84727
13.88370
43.89973
45.75982
87.81761
76.14734
54.92314
97.82776
30.70460
67.30048
48.85146
33.33802
14.05081
87.71564
41.73662
30.52602
12.17046
43.70570
14.59539
63.53245
28.88011
23.69721
16.61917
74.63646
73.83128
38.60357
94.68463
3.92609
86.86986
16.10986
97.05073
77.51208
31.13738
97.48048
12.39478
53.64100
81.62923
8.24372
73.09282
97.60935
26.75949
60.06414
62.04521
65.48952
90.24123
98.22903
40.92068
48.38431
18.19228
8.45483
6.99856
90.29896
25.80163
23.61660
19.09766
28.19570
25.34393
94.84291
42.46712
7.94221
13.11280
82.38048
1.77328
15.60631
86.38634
72.76650
98.20913
78.08727
79.43634
39.29550
45.91507
27.25383
63.74762
94.40150
26.97571
47.38820
24.90044
92.41401
87.63064
79.71666
20.73792
36.74977
2.52099
13.09250
59.49249
6.63961
83.70411
50.53983
42.79310
14.84054
52.80534
2.38939
96.38396
12.25104
85.96316
98.98299
52.07208
62.64959
76.91048
15.62792
52.69482
63.35124
91.85540
91.38210
73.45358
82.29925
42.35659
19.82929
9.40465
40.06783
91.48975
39.63368
57.52494
87.31742
81.35836
99.04502
95.94688
48.90028
56.72982
94.71320
50.86381
17.93760
99.27652
83.52530
23.38239
91.93231
4.02335
20.32524
80.32862
72.75588
59.02679
20.24339
68.32864
75.63696
26.36971
51.05931
16.82282
74.49739
91.59299
5.78780
33.64565
36.43057
31.49848
91.40158
68.44722
16.00321
87.06268
82.21651
81.83342
23.07502
87.04827
16.02116
35.96614
74.73531
73.01626
35.10673
27.11784
17.92054
17.35988
34.65658
5.79707
31.41960
29.82036
23.63891
77.45902
84.34559
43.73335
43.25804
97.24997
92.03866
57.28975
88.37377
11.82495
79.18455
53.37262
53.01834
42.51829
50.60048
9.50375
86.83667
53.63363
53.86335
37.89181
86.20665
96.94918
14.63854
20.19133
62.08493
56.39320
17.00427
1.38253
10.52702
74.12043
79.44957
23.73049
91.66634
43.87230
82.57320
51.04826
30.95736
87.80272
67.14938
31.34381
94.75916
97.92396
43.73463
37.94062
88.87007
97.28536
97.35218
73.63364
11.57805
25.74399
65.90152
40.62625
19.26320
74.97696
65.56417
9.30490
71.65439
85.51577
36.18183
93.62022
59.19151
6.54658
41.62238
34.03222
77.61888
28.96191
11.04020
86.81106
7.57135
34.61683
1.96165
94.18609
60.85315
84.92449
92.50396
60.51748
11.65566
96.70670
10.39284
41.80688
15.83448
7.38206
8.34337
1.31594
77.05810
70.77462
46.56487
69.86091
34.45447
14.49444
10.88454
51.13366
66.17621
4.05838
55.30132
84.45289
63.34563
99.17766
55.04612
91.43618
44.22108
42.30188
8.22075
89.51903
23.43368
43.15044
53.09934
14.70388
56.55586
68.66785
15.37757
85.29191
96.54556
76.75899
22.95002
55.29137
37.07766
13.12664
19.78998
12.14310
26.53629
97.79667
95.90305
8.61913
51.03513
51.22070
62.45965
27.94808
98.40415
46.14980
16.62774
81.56162
4.82486
87.78474
50.55345
23.69281
61.21974
56.36775
51.27910
94.07911
48.76393
6.84005
70.98651
97.60227
55.29733
71.12900
43.79116
88.62582
40.79043
87.89380
78.69162
65.85540
65.96397
63.17013
35.95423
65.27169
39.39062
5.86884
53.86006
27.35778
42.53134
0.03688
8.21009
99.74744
94.35461
32.98303
50.99920
58.18906
57.57876
35.36236
74.24491
38.33740
95.46245
74.46052
63.95448
33.45725
51.13955
25.42731
56.27277
95.46322
85.59081
39.69192
41.86668
0.58264
4.04429
34.82753
22.02433
94.71777
81.66068
58.31334
89.43629
80.23939
26.19567
37.63365
8.49064
43.02679
65.70004
90.59597
12.45109
8.42807
13.06000
65.01903
9.24694
33.99345
46.71147
70.98167
41.06917
27.85449
24.73859
4.66581
41.34192
45.01840
52.78399
89.43345
49.82315
27.43587
3.53603
88.01861
16.86898
99.76785
0.00654
42.12753
1.47361
59.58875
91.46828
27.38026
84.87753
22.64399
79.07573
81.78169
22.68443
47.44474
38.34521
2.25965
44.79169
90.61389
77.90559
93.21264
23.92911
66.07849
98.38346
80.59258
58.86451
32.24495
94.53261
70.79267
12.80681
42.26089
65.45018
46.28832
54.95562
33.52007
65.77741
41.96641
78.04933
10.97051
45.22259
50.46095
47.44724
94.62976
76.80146
6.63755
86.28253
64.16022
0.74531
99.26326
92.83316
44.49605
33.32464
5.92031
67.82241
49.35290
54.42807
42.20040
76.76064
83.95936
59.00699
82.81691
93.16111
78.91584
36.76968
58.49320
94.37493
54.22081
72.15232
80.79594
23.63341
78.89554
53.19521
35.94736
26.91202
88.07748
31.03576
61.84417
35.22164
54.59812
39.05748
2.81256
73.95433
40.03334
7.74794
47.48067
20.25456
10.91404
4.32935
28.06777
47.52796
78.31487
57.13107
39.60280
65.00701
87.08363
28.79735
4.36243
27.25957
73.89351
41.10196
9.29126
40.90388
24.00710
48.74099
41.09172
9.38605
63.56231
15.09067
39.81319
74.02523
26.47961
84.96941
48.80035
51.56490
83.07962
79.44232
79.83726
81.82900
73.36640
61.39339
26.67471
87.15652
84.89539
80.51848
62.13343
75.10853
1.65797
47.04347
72.22069
65.25552
32.47638
56.42787
21.30402
83.15360
1.12561
62.93631
51.00406
38.91832
1.18896
62.36999
79.61016
64.67541
86.25703
22.49118
21.39737
8.71992
81.59797
24.45040
94.90655
73.69559
24.40302
22.17716
67.20136
55.01705
99.04044
36.65414
55.36829
91.73090
77.80435
75.57317
6.35584
65.26196
74.51591
91.17540
21.70506
19.62939
84.53038
21.74304
51.35441
13.66352
64.14094
8.41898
60.44296
68.07598
46.56114
97.72694
61.36849
68.90424
27.76680
59.95400
31.63182
8.96942
26.21081
82.18953
69.09838
30.43284
11.07916
49.30045
52.34342
18.99939
4.22058
37.81810
74.76493
47.05322
68.35587
64.24818
52.62740
62.93133
17.75162
9.37996
30.48694
95.07120
76.61900
13.14545
11.08617
0.41349
39.44949
51.68520
55.28367
37.26528
43.22642
65.79449
4.81546
1.59134
35.05757
37.15946
87.62994
78.70762
41.01203
82.42961
21.74643
19.24453
35.51092
98.07366
37.00722
82.57752
54.16403
65.28395
36.89457
82.53316
93.91117
64.24941
11.60172
76.24690
33.78695
93.69611
65.18267
33.99754
31.07223
64.35446
46.23567
34.52301
92.44058
75.77441
3.52066
64.37149
67.43449
65.31599
47.79816
41.93478
66.38926
85.90956
81.28738
44.54388
93.72481
10.66618
57.35932
47.45054
31.95257
67.38577
5.00154
86.45617
72.76009
42.23399
30.30743
18.83112
24.73902
88.41691
28.67980
4.56302
12.47430
54.23401
69.73587
35.83599
43.29422
88.65889
29.86096
58.29654
99.33033
74.11121
75.47806
17.30235
49.23213
17.33704
27.26408
51.62682
36.35716
6.99291
16.49675
49.91169
8.83831
91.67148
34.01816
89.94300
35.12937
98.28898
37.71978
2.65277
98.37188
35.15150
85.74466
10.34408
69.32139
89.99132
35.46002
0.10501
74.19157
41.95304
69.04354
19.90516
81.90032
68.89813
0.56011
0.58461
35.68119
77.75750
43.77273
16.48878
19.48839
98.76495
2.04879
82.43909
84.87739
66.32532
66.83845
74.04329
51.90856
36.92470
99.78748
14.08782
97.20835
54.82262
29.48048
78.56935
86.12740
77.64860
33.11319
38.13337
29.80991
91.62966
30.71365
14.92636
76.51699
95.24725
31.45980
49.78097
3.41970
66.56820
67.32117
67.73566
20.85585
48.38529
71.05719
5.11668
49.67124
18.40959
44.69728
6.35012
44.20000
82.34918
68.69259
22.44566
2.55617
62.27658
45.08896
20.18646
23.33954
6.99509
70.89835
57.96631
76.84685
30.88553
77.30903
35.03508
69.81221
86.52539
89.80954
3.78160
89.31825
88.77327
35.77648
4.79227
34.17439
7.05058
5.73326
85.52454
33.00825
42.04226
47.04011
67.42914
33.31822
54.86174
27.12463
64.71934
61.33110
38.14638
7.97173
47.15380
69.69465
72.62671
14.43823
51.67759
78.12399
92.24498
4.22829
42.35153
91.46541
61.92925
15.96619
84.34633
28.01880
79.43395
46.34694
89.08202
7.09383
80.07279
68.02389
94.26307
89.84939
14.14534
48.75363
84.72537
73.91108
41.65269
35.89870
6.99991
93.03897
75.80002
4.78867
83.87158
12.84289
21.18329
20.17844
92.29280
81.38015
85.28209
72.95830
81.81309
75.67033
11.10441
82.56015
69.22001
96.33530
80.72615
24.27696
54.73459
23.07438
92.39034
8.66490
87.73350
17.73313
76.56523
63.15990
29.32065
92.96819
49.98331
69.71935
94.36090
10.52679
68.18043
57.88555
38.44362
60.35377
87.46515
23.07118
89.22109
98.19694
93.78409
61.21557
1.85059
42.09926
66.28211
67.78993
62.00994
54.14993
9.85272
42.00532
26.38131
80.70161
67.22278
71.36003
58.05320
45.29992
67.78321
14.83902
7.52188
34.59339
3.05676
92.20552
71.37420
41.04177
69.79200
70.71090
16.29521
79.45894
35.47590
27.96189
43.82886
74.12278
27.76652
81.31755
50.91642
41.71147
60.22975
18.47871
47.66024
20.82815
86.82755
9.46187
75.10702
67.86400
48.60112
14.56985
25.07338
3.89007
8.63910
69.45846
94.19709
53.12332
21.18155
84.67244
73.68969
10.91943
7.20919
85.62938
77.35597
2.12304
12.88964
77.94945
13.45924
70.10047
43.42538
53.83949
77.32998
95.13534
87.87239
57.72751
34.65528
96.35439
34.68242
1.24659
22.28805
11.36241
85.05261
7.05012
64.81135
86.42612
40.93039
8.34897
16.59408
37.22127
68.85819
56.25078
14.97923
18.19009
82.34069
41.71874
9.36653
67.53797
68.99542
37.75104
98.07160
24.07362
44.53240
87.29971
95.36709
72.04507
27.80871
69.09738
2.87363
13.23511
21.53535
75.06574
56.51751
15.23784
42.36482
73.97292
42.79817
99.89332
47.06625
5.69900
64.47669
35.49736
15.11300
74.96622
42.78552
29.15823
93.43324
31.32879
55.34282
59.59239
89.81324
36.66978
78.05372
48.46931
33.05055
50.88909
13.59018
41.87720
22.18317
96.77560
30.10327
79.79005
51.44523
29.68939
18.32279
1.44714
22.20782
80.99403
34.90760
27.02209
37.06341
9.86358
11.31214
69.74719
42.63103
15.53981
61.87630
10.95370
30.79074
60.53497
11.13209
96.38592
68.44048
1.01538
4.26419
33.82797
41.81799
8.06704
91.20536
57.75444
64.53987
25.10505
70.70931
45.02723
54.92577
11.68968
21.52088
23.13332
85.61337
30.01369
26.60811
45.53404
68.24246
66.48066
22.33484
61.85867
23.53762
14.07500
21.25991
29.23372
51.46754
48.86023
87.04574
1.13598
23.96613
43.18240
15.50388
32.25399
51.17716
80.85118
71.04974
95.82518
69.76916
61.35409
66.21168
32.81520
77.21192
85.38464
42.24524
23.04471
1.28103
38.20959
57.87843
71.50795
25.41706
7.48528
38.73263
71.19249
66.71799
74.58870
10.85595
10.62836
88.23137
25.49709
77.69289
83.19465
92.71351
60.09402
14.31651
63.71163
79.47301
69.77865
12.88765
74.62510
26.51857
64.08445
83.35590
29.42019
92.64566
84.68885
63.37923
44.81808
31.07329
95.33547
45.87739
10.14248
47.31279
95.10655
59.48229
62.85675
40.93638
91.59063
70.70103
4.49888
7.96508
86.07456
62.08483
89.51535
1.32431
80.25342
92.70117
80.59542
42.82456
86.25228
45.86338
27.60235
10.04916
49.60725
53.90724
31.10348
31.95167
30.98755
42.86317
6.08613
61.49506
89.24215
26.07865
3.15617
96.71830
75.86085
35.46451
79.24435
13.49464
97.90412
75.80109
20.73923
9.18208
75.16334
72.62185
68.17221
18.09081
99.33486
89.71331
27.60432
6.36497
36.28946
83.03452
56.50870
71.42122
88.41899
11.08585
85.68334
77.38717
16.70871
27.56312
45.43317
72.96594
98.47043
26.57137
8.18263
58.46748
69.35674
61.76228
76.20958
54.19116
63.07095
24.11546
78.72361
23.69481
26.25063
34.25048
59.78672
15.66290
68.39121
14.44266
91.61477
63.52580
37.20620
24.46547
37.78219
61.40207
96.15302
83.21161
39.65407
92.75853
20.09250
28.30736
70.45722
11.63107
96.87459
28.71537
46.91280
3.71899
73.75074
56.35420
24.90194
56.67015
96.48593
10.92089
42.64971
34.27154
30.72983
63.57064
26.60400
67.95321
43.45581
49.64360
63.66803
81.00802
78.04755
55.19173
6.62197
47.15698
51.83576
79.97132
54.96805
79.66834
3.45140
62.99431
95.03669
49.84405
53.33903
84.76400
52.87822
41.67579
63.45637
11.83846
17.91885
29.67613
3.03354
30.65070
28.73790
18.25708
94.60338
96.93492
93.96444
41.54204
91.50959
33.06540
36.97482
26.85690
95.68812
12.41901
27.35946
8.31564
54.05488
77.40085
50.89391
98.99685
88.10864
27.67391
25.90672
0.92018
26.95939
5.92615
62.23612
37.10518
37.55591
41.70181
22.84176
2.68833
96.90503
74.14945
88.13406
7.26105
19.40128
51.56810
69.28741
7.86807
70.39951
47.01956
19.66669
20.73729
19.11544
72.07812
56.34182
71.15822
44.64402
15.61216
6.03690
50.86939
13.17056
5.01250
45.34846
49.13115
44.77623
51.18154
48.58799
26.70116
92.05282
6.72079
72.94985
50.31133
68.34259
38.06063
41.81002
78.23594
89.80790
9.40884
23.24710
52.37850
9.44776
47.39461
51.70796
33.07263
16.64101
44.93490
35.51757
53.69294
17.24505
66.40168
98.48086
22.06864
77.55982
60.27413
76.08843
64.27366
17.46629
4.29206
16.01801
32.08533
60.64320
29.38686
25.19279
93.67761
12.87956
83.70134
89.19855
39.96094
0.95630
21.68529
61.53102
99.41559
78.79292
57.47924
26.66902
6.92999
10.79717
63.13638
14.57385
25.95012
25.01251
25.43181
43.55647
72.99787
74.39797
55.62384
62.32487
37.74334
50.86306
66.96943
52.80489
89.66486
57.31764
20.52082
19.73734
90.60958
39.56902
90.84647
65.66028
18.29589
27.60996
61.21879
36.08972
19.23111
73.20082
51.37340
60.87787
84.78942
53.17707
60.66226
39.00033
67.01535
27.87913
22.97253
52.58786
39.89885
15.07170
11.30555
93.01741
46.63229
58.20957
45.61776
20.82590
51.10856
12.15370
9.36869
16.55639
39.55818
70.38522
40.73235
45.17601
47.66242
55.45589
0.59452
6.90897
48.76680
98.79077
18.78814
92.14671
97.97097
80.69910
5.14488
25.24910
9.57285
82.19853
23.11114
44.75433
65.00517
23.16731
63.33832
57.75882
7.13720
64.25126
20.21720
78.84869
66.91401
65.60111
29.01490
7.44331
40.06759
63.49996
80.98592
62.93977
38.54610
26.83071
82.81127
27.85269
81.94213
77.43484
21.95246
65.66645
45.49328
83.96170
79.16414
51.55128
34.24119
63.20448
9.41287
57.79516
6.21182
8.51381
41.99803
38.38987
67.78463
27.03811
65.11333
37.85273
12.04841
38.02576
8.80287
47.58245
70.60728
87.46532
35.19275
85.22472
67.75889
5.08376
85.46223
74.82784
44.69148
44.17262
32.94660
13.56267
60.03434
57.17549
93.14882
26.09232
80.03776
38.87038
9.76338
37.77318
29.74970
82.02899
79.84138
58.58701
96.77934
49.96097
40.66510
67.28712
10.60482
19.67586
86.96018
44.58759
47.91207
65.44670
27.74074
18.08926
85.44635
74.55910
37.79834
42.72446
41.72729
79.24059
42.04401
63.89223
52.32655
36.39462
88.42142
63.72606
67.59433
51.57923
12.95138
25.73357
22.61064
95.87158
42.42130
85.31928
55.61407
78.92294
61.89655
48.99161
0.60810
68.58917
17.33367
0.43114
78.06244
90.52843
2.92278
77.27575
97.68973
53.09952
81.78025
83.12523
50.58738
87.06363
78.55778
26.87201
84.37772
99.06580
40.41126
92.93246
71.53264
47.97243
40.56139
17.46310
2.07860
36.64130
12.76125
89.03397
15.18508
2.81162
75.20122
34.70376
89.35374
4.89291
41.12109
61.38270
24.86109
52.95994
17.14128
71.25923
99.83357
35.63900
74.88895
49.89194
84.76296
67.34246
36.95918
0.73900
34.23289
0.84025
69.70013
52.86727
64.22714
44.09794
58.93755
79.50271
81.28386
12.99060
42.77346
28.18520
35.09411
40.17662
28.30449
48.55319
35.29242
79.36059
11.93727
86.40182
76.47515
88.38600
57.95824
70.10326
63.34660
70.53071
55.97036
33.67907
9.81708
81.19020
34.16291
65.48580
96.00110
96.85823
1.08345
38.24494
45.10220
64.43805
4.97603
38.54198
8.89749
12.98833
91.36310
30.47796
86.89583
9.98653
14.00414
41.07455
71.75322
87.27346
17.81696
20.02721
92.21976
34.06080
89.69645
96.77350
34.20651
78.25418
71.19215
1.76870
14.84593
51.02000
98.57586
18.78577
42.82155
64.13066
69.28592
68.96900
15.71232
22.36488
99.93338
8.69435
88.44479
69.18484
93.45008
89.64275
20.72002
98.95978
71.22799
38.18599
54.03723
55.38197
68.14388
28.65201
30.84602
14.69700
24.17981
31.99852
12.39925
89.88644
37.65113
5.89675
35.10920
86.64713
80.90243
71.56493
38.68339
9.94613
91.10184
88.70848
76.09275
18.22038
83.16999
7.02964
79.63233
17.95619
76.53375
91.16775
85.59645
95.87075
41.36671
1.45654
35.12330
2.98123
10.63374
53.21993
57.44484
68.72734
52.60663
14.25277
49.97069
80.04101
29.30779
90.40743
96.05858
14.72936
73.85755
80.55971
35.49491
9.46858
93.34182
59.54513
98.02034
59.20715
82.35837
27.57282
48.94697
86.78146
50.53263
63.27383
64.46823
56.98183
96.81121
89.51704
99.79961
70.25886
15.56495
50.79321
68.34503
66.98584
69.46314
14.12504
23.63848
52.09772
12.42109
70.76936
75.70396
99.91333
33.94868
36.98121
17.10370
34.13772
33.60257
32.33390
63.70258
15.63199
99.58981
10.14384
81.36057
45.36203
30.01672
60.14781
98.40996
70.48502
17.92552
94.65422
58.25076
24.36926
97.35517
61.70098
64.58656
52.02647
14.31306
66.47593
67.69394
66.29751
12.86747
17.53940
36.96240
55.92866
44.67884
6.82594
80.97157
15.46627
33.19825
6.28230
88.91011
6.23434
67.59519
80.37684
10.23763
61.14164
82.15035
54.36206
77.99499
66.16953
77.97882
61.82828
3.65694
24.56461
16.49212
85.56861
69.51706
40.37446
23.57775
80.19006
90.23509
0.09724
47.36184
65.15399
87.74532
26.48800
2.80159
5.21405
56.41274
73.83083
72.52425
35.23043
36.34403
45.43376
77.88265
79.22888
78.18069
46.65683
76.38245
90.94516
51.15898
53.84036
25.00090
19.41947
30.00081
86.69363
20.39985
35.50824
96.10767
63.86964
87.48181
83.84508
61.73072
75.43885
71.65568
82.75955
61.73410
79.29869
60.40536
49.06915
17.91105
63.49377
70.48352
44.85001
57.69738
61.62703
32.01597
51.37491
76.73997
63.40264
10.69712
15.27924
69.82427
29.65794
7.41589
24.21937
29.91744
66.86835
69.10430
4.01896
79.46845
71.78276
54.17146
0.38622
93.68098
43.68980
78.76396
92.39456
61.90004
28.61940
54.99348
36.91055
18.12837
58.22942
28.13090
90.07015
70.56836
69.74803
95.85594
91.86708
99.68966
51.19001
45.29749
52.45657
98.60729
65.42165
38.50729
5.41892
26.40142
12.35174
93.17891
62.46405
54.61495
42.24945
24.96052
7.19770
10.97281
40.71047
41.65017
54.29930
77.24517
98.56779
61.44938
91.19683
3.70088
82.24497
50.34717
61.75972
45.21374
95.85499
66.50831
92.70128
30.71376
46.99708
7.25039
34.64737
11.45582
90.36774
47.89403
45.76683
0.28895
49.73495
46.56147
47.23415
49.91246
61.76752
6.05226
24.45436
20.64667
41.15978
3.68588
79.12127
92.40575
82.00169
66.88782
74.88716
93.83932
53.16713
23.27813
82.83352
31.26537
77.89810
55.61388
20.20392
67.94321
86.68062
58.77606
73.61400
88.98935
33.63734
38.22137
7.87584
16.97514
48.13022
61.40511
14.88431
80.24212
67.80556
13.54088
25.07615
55.41749
1.06549
88.63978
42.87494
88.51434
32.80502
42.97992
58.80660
4.02568
73.02956
88.49283
7.50210
49.26291
40.86730
71.97157
33.08299
2.90979
16.10730
10.01085
28.35556
44.40024
0.17668
18.20654
33.91525
39.07211
16.08548
43.44683
67.94473
54.22407
32.69845
64.20422
11.98149
65.72452
50.45668
13.68869
90.10859
3.41863
56.25657
2.73454
84.17268
17.91965
10.78019
20.24448
6.05763
66.71958
6.64366
42.80955
45.59590
47.82683
40.49486
83.97718
35.32231
48.91975
77.53108
79.24119
88.94150
23.05670
90.81693
40.13951
5.84988
49.27711
9.30778
92.51956
93.66792
62.57914
36.65424
34.54828
6.92730
18.56133
15.89040
31.27453
65.04650
73.41572
54.66701
42.64149
4.79382
24.25275
37.93199
24.07119
22.99565
81.15736
71.02045
72.79960
86.27243
81.86530
85.85971
56.47423
45.25267
32.81166
33.67643
1.66676
22.29973
85.15672
5.20613
67.20983
38.52123
41.65384
63.88535
78.53909
26.53504
5.16135
65.75803
70.32519
21.14405
8.23722
75.80539
81.85855
23.34052
3.18603
68.78694
95.14131
56.15980
98.44578
18.00651
81.55572
7.40385
16.57122
22.91482
29.31098
29.67774
61.51309
98.99682
18.22463
79.04437
4.17277
36.66221
4.13234
4.42882
20.74056
99.37387
55.45551
51.06305
81.67760
40.60846
90.91325
71.45239
98.44333
65.95386
87.96763
47.19677
6.56416
48.44294
31.15450
9.77195
73.41896
33.39777
27.36560
69.88795
48.94846
46.29294
53.67595
78.73415
16.37821
47.43695
10.55087
94.16197
91.19875
22.81957
40.45105
96.52572
24.99346
3.52244
10.08725
80.52746
59.10579
63.40256
8.39027
15.62347
44.41890
37.48354
85.57915
95.95158
33.62941
36.55965
20.77766
0.55133
50.39385
3.87680
8.23280
9.73723
43.20387
78.39681
74.23228
7.02624
99.69210
99.25356
31.65252
63.91650
95.58697
33.53458
60.26854
78.66965
7.51614
55.79235
30.19449
28.72424
40.25689
71.52729
82.24902
30.20753
82.91534
83.18891
3.81476
49.94608
32.87202
78.63272
90.28238
1.26420
73.29993
21.61165
26.00484
17.17861
98.51931
94.98955
30.48625
69.32488
28.29431
33.90817
94.77729
50.36485
68.87331
82.65577
65.05832
80.74150
79.47193
87.13574
41.43702
89.91949
0.26468
9.30029
86.00575
49.13657
57.36868
80.42288
6.15392
67.67573
4.23651
65.99368
95.17849
32.39195
22.95582
94.18315
26.07995
4.74385
81.13586
14.17502
50.21403
12.68837
97.91162
28.09174
86.03538
83.12665
52.04345
53.32672
50.95414
51.80778
46.60678
72.78192
72.92748
96.69091
10.44466
76.82949
76.00233
59.45272
57.33066
78.25450
57.14562
79.94516
68.40814
47.80300
17.00031
67.10023
61.10003
66.21715
86.28577
23.23284
1.98341
38.50029
29.90551
24.69275
94.31566
10.77792
58.44639
85.00732
70.23431
41.65733
1.59082
84.82878
71.02376
87.11296
44.72576
91.59984
33.83557
72.79448
0.31992
12.29829
62.73855
9.20121
74.90678
83.46209
6.06439
76.79374
66.47711
21.73525
42.20591
97.23818
80.36613
18.81806
93.57084
85.83323
16.57895
68.18217
45.89781
7.30268
15.19444
95.41967
93.96243
13.13934
98.87322
99.89145
91.30061
94.79051
13.16272
6.82817
11.89393
34.84124
63.20799
4.03155
76.21357
62.81554
11.42908
32.38717
56.90152
98.34916
89.32785
26.71949
98.98295
89.27476
71.38544
67.38922
50.91877
74.42604
50.27269
34.81535
88.24053
44.55030
90.93989
60.81200
94.11829
47.68909
11.12572
54.70782
45.04815
51.66579
68.09250
47.42249
63.52857
27.56561
51.39207
67.67993
43.54819
79.09627
27.88846
92.48537
32.11451
25.62481
72.87341
34.78677
59.72459
68.01942
88.38912
89.47795
6.44319
61.65430
28.62638
14.47902
52.59031
72.18976
96.91020
80.69748
4.39753
71.68152
27.17168
56.94756
40.77738
8.71633
28.06079
65.94582
87.76045
14.73263
75.05172
57.64242
35.54084
8.79461
59.69405
26.46974
33.48715
83.03267
80.62117
73.92113
48.53129
66.46078
34.25509
11.13012
24.61239
25.84056
71.90515
91.54491
52.73643
42.41389
39.86160
28.53395
36.59448
81.22714
68.79659
22.09132
95.67466
34.40160
81.66556
47.84270
62.77476
69.65081
18.25480
4.66816
76.57928
74.24512
46.23049
25.07587
26.61489
50.04713
16.83843
95.25453
83.71543
74.86252
24.31578
46.54080
70.69270
1.22933
49.75482
12.27597
17.47978
42.42020
76.16524
42.28092
65.58681
32.41383
90.74007
26.34132
17.75051
73.45035
0.18636
70.65570
19.06590
85.50342
31.49128
81.37162
38.44558
72.49855
22.27614
63.62969
87.26876
70.44930
22.16651
83.18575
76.39744
43.47522
39.26827
16.86525
81.59146
45.18298
77.04925
27.26692
51.03598
8.95602
97.67756
61.93321
26.47059
78.48514
99.67391
63.38533
85.08965
17.95627
17.96447
28.32241
39.84444
22.06375
37.42210
41.38061
7.08644
47.55868
25.55348
9.97219
11.19734
8.40779
83.78541
5.89057
54.24047
98.61121
22.98333
10.40153
0.73465
80.82699
11.72910
56.90822
84.58990
71.11225
20.58343
72.24371
7.94302
59.01432
95.98342
70.52766
35.28009
40.56636
23.24121
42.37859
33.42278
67.64315
13.79288
86.77237
84.53366
85.09824
26.94519
96.94016
28.98096
1.17487
33.85222
10.11498
10.46323
43.71247
45.03347
86.76355
70.43416
67.09553
62.24294
53.45104
54.41818
10.29780
55.13448
14.54766
1.17139
50.56683
39.62641
96.66259
39.63319
63.53562
34.32590
34.65962
27.72012
0.20423
46.69982
47.92588
4.07603
20.14173
37.32429
30.72875
84.04956
80.40493
70.51016
85.98787
43.50675
9.99984
7.44762
72.98364
94.35375
21.13747
80.84236
35.90287
41.17401
43.37303
12.67200
30.81966
50.66363
22.87359
88.77471
52.05230
43.57950
84.24365
11.59319
24.67818
0.31961
94.73101
80.66308
70.50785
25.16038
14.62834
86.63027
78.52556
29.53624
61.22636
61.15719
23.20562
30.82114
76.93840
56.24402
50.53909
64.73234
93.90540
71.64056
79.48902
83.96557
3.97581
57.75026
50.53148
61.85609
8.10463
34.63383
95.12345
87.76252
97.69630
0.12592
39.70787
34.50890
9.89658
69.14832
15.30377
59.22541
11.34875
10.94869
54.22750
0.12636
90.40039
93.44791
63.30017
30.75901
68.93797
19.45326
48.77645
20.62817
0.36970
77.80642
96.84378
81.62977
92.92717
65.68352
31.04963
44.51681
10.14252
96.03100
45.01712
31.52563
81.04580
10.98476
77.56697
13.22690
80.88868
79.76153
90.14808
38.63256
27.34903
51.83053
35.13323
90.78100
37.45168
47.87740
71.77689
89.52425
20.70293
69.74766
76.26930
45.30859
39.46341
58.66820
74.33007
76.75527
40.85218
13.08451
31.45647
3.44125
47.96889
23.44000
15.09716
43.25492
10.11428
29.24051
66.61475
73.10749
33.11812
83.31412
76.50302
13.10160
27.35232
64.89529
85.78754
22.32681
11.70571
11.17711
72.77873
47.28858
46.41069
60.46213
7.71936
43.06724
83.37373
63.64074
41.76814
74.60166
2.27080
5.83505
1.54520
52.38818
30.23559
88.86616
72.02752
25.34861
7.79708
19.51769
64.53475
60.91387
92.99849
56.08930
39.86962
48.38684
35.10977
47.61168
88.80692
57.79550
33.97168
27.90929
39.71860
65.88532
26.70458
18.26286
97.71785
70.25370
52.96507
9.38472
31.39689
34.20952
49.29176
89.72217
69.96479
31.66015
41.86758
89.75524
89.23192
83.58792
90.17990
12.76408
66.91867
79.60889
16.36714
1.80011
70.43400
15.03988
3.15376
33.01005
10.73462
45.38927
89.19711
49.64634
24.75461
8.53570
41.28767
3.63654
58.52801
2.52194
38.42761
14.62028
37.91057
42.72257
39.82894
54.07242
98.76762
67.25744
58.51862
86.09774
10.81267
16.63757
76.44644
13.91716
7.06174
56.44866
12.85971
79.05190
85.54476
67.76161
68.27810
62.90736
60.80393
47.90862
24.69543
24.96788
17.29911
33.19848
55.48364
39.06921
33.79477
6.73616
99.19142
77.06829
59.51800
7.73528
16.90394
75.90263
71.36937
2.71689
43.35084
91.40009
3.59285
15.79962
37.52613
86.27509
56.30154
85.23273
50.47298
97.91315
20.70074
96.37874
16.93833
87.68960
0.11937
15.80714
73.82829
49.85488
70.59529
98.83924
8.95269
29.19927
58.25902
96.26336
18.20685
16.81902
11.87472
30.84176
16.11445
64.47981
75.68647
69.45426
32.52755
26.00983
57.03249
47.45026
4.55323
98.44856
15.85394
57.83571
45.11426
49.42142
17.61404
47.85904
68.36198
77.51461
35.41370
27.11886
75.91233
81.74910
52.29143
40.07097
20.96092
51.17482
6.35818
31.11466
66.08193
71.07640
35.52510
77.89346
95.82420
12.87682
62.80422
7.83608
66.40846
1.59212
32.73056
65.87885
62.68569
13.68725
52.89381
9.33450
70.05576
37.93074
86.07381
35.68274
41.73550
22.99544
46.26180
50.63850
50.27888
43.34522
26.30597
23.85903
77.01893
70.23598
4.86963
49.20485
5.42760
78.06782
60.33234
88.67994
33.45721
10.64187
98.80368
88.09768
97.23489
24.60402
46.61002
37.00022
93.84712
74.69225
49.06817
1.79557
51.40003
86.55394
14.72695
54.22798
71.23622
61.54215
11.29556
48.94031
1.48258
9.32705
63.09345
96.82331
41.19465
75.37757
90.10874
4.12307
59.80180
52.10930
0.94251
51.94837
81.75347
86.60906
54.22132
47.39847
52.44587
95.40607
35.35553
71.62753
31.84048
12.16433
96.84529
63.87702
60.83615
73.74757
73.34007
31.98965
94.11401
27.23042
25.54597
90.29530
57.45706
4.53346
50.87176
82.91552
25.77114
16.47844
50.14882
94.14230
27.62355
99.50141
35.91521
74.01310
45.28391
78.78721
61.80967
83.43233
46.04111
77.75409
32.32384
45.84499
51.80174
52.36835
52.37262
11.10850
72.66506
46.53190
87.32867
4.95987
15.59789
44.85388
35.17311
10.15351
96.75026
24.60344
95.73842
90.03261
51.46737
29.56061
50.65459
72.33906
23.41447
27.01578
17.74960
39.53202
25.36177
74.90162
66.32240
42.11429
50.32891
51.44844
0.55860
17.06021
3.61563
65.92802
78.36689
