Sample size N: 1000
0.00050	0.70880
0.00166	0.70775
0.00236	0.06136
0.00409	0.64298
0.00626	0.64153
0.00666	0.42050
0.00674	0.16532
0.00775	0.39838
0.00786	0.88283
0.00941	0.68840
0.01077	0.70494
0.01159	0.22211
0.01336	0.95329
0.01402	0.52053
0.01809	0.70940
0.01851	0.93779
0.01872	0.63127
0.01988	0.89389
0.01988	0.85007
0.02066	0.51205
0.02143	0.41410
0.02254	0.97501
0.02306	0.75401
0.02356	0.10641
0.02402	0.09733
0.02407	0.41853
0.02533	0.79056
0.02556	0.13468
0.02610	0.03714
0.02651	0.92464
0.02693	0.74381
0.02755	0.16495
0.02950	0.34199
0.03157	0.25857
0.03514	0.35218
0.03627	0.13915
0.03783	0.27424
0.03958	0.70823
0.04010	0.92291
0.04033	0.54196
0.04089	0.34405
0.04251	0.53007
0.04281	0.53852
0.04328	0.37535
0.04719	0.75150
0.05201	0.30963
0.05304	0.36116
0.05353	0.58957
0.05458	0.18604
0.05531	0.65056
0.05610	0.83110
0.05620	0.91160
0.05622	0.24761
0.05773	0.80997
0.05778	0.99761
0.06003	0.29233
0.06036	0.59823
0.06116	0.37422
0.06453	0.80609
0.06503	0.81132
0.06614	0.28047
0.06671	0.17530
0.06674	0.75931
0.06684	0.89682
0.07128	0.79105
0.07136	0.26483
0.07312	0.55098
0.07404	0.30733
0.07501	0.96916
0.07601	0.54962
0.07646	0.58305
0.08060	0.22247
0.08138	0.33840
0.08162	0.92307
0.08481	0.47672
0.08499	0.08581
0.08549	0.00580
0.08581	0.22179
0.08776	0.04487
0.08867	0.71913
0.08945	0.33454
0.09175	0.14691
0.09180	0.11477
0.09274	0.08807
0.09285	0.75545
0.09295	0.07837
0.09417	0.36763
0.09421	0.27605
0.09495	0.47555
0.09552	0.14507
0.09660	0.26411
0.09721	0.92931
0.09900	0.76829
0.09905	0.06926
0.09940	0.29905
0.09958	0.02170
0.10046	0.41028
0.10058	0.11649
0.10118	0.59403
0.10148	0.86449
0.10152	0.13767
0.10218	0.74192
0.10766	0.87629
0.10775	0.73767
0.11276	0.18696
0.11708	0.67475
0.11708	0.82608
0.11756	0.79450
0.11783	0.30465
0.11906	0.10246
0.12388	0.99245
0.12400	0.87844
0.12445	0.69487
0.12461	0.97776
0.12506	0.48405
0.12644	0.35702
0.12744	0.12942
0.12801	0.90857
0.12972	0.60037
0.13260	0.96298
0.13273	0.63620
0.13452	0.40981
0.13532	0.30192
0.13598	0.84068
0.13711	0.85179
0.14063	0.45290
0.14235	0.64955
0.14450	0.14175
0.14623	0.30285
0.14632	0.08139
0.14756	0.43426
0.14833	0.17098
0.14882	0.39556
0.14965	0.76983
0.15004	0.78828
0.15011	0.86815
0.15076	0.64298
0.15098	0.56321
0.15174	0.54048
0.15356	0.96600
0.15547	0.37989
0.15556	0.55839
0.15612	0.66590
0.15660	0.79823
0.16014	0.64222
0.16147	0.16117
0.16441	0.18999
0.16515	0.34643
0.16554	0.28753
0.16663	0.45778
0.16692	0.81314
0.16772	0.27179
0.16793	0.55044
0.16915	0.74096
0.17080	0.53655
0.17117	0.27993
0.17381	0.17157
0.17487	0.98162
0.17493	0.38131
0.17612	0.02095
0.17653	0.98711
0.17708	0.26924
0.17838	0.20276
0.17895	0.48063
0.17902	0.43625
0.17954	0.79264
0.17998	0.43250
0.18255	0.82987
0.18613	0.84395
0.18652	0.13521
0.18693	0.01163
0.18782	0.74331
0.18851	0.59756
0.18911	0.76667
0.18945	0.72157
0.19063	0.98183
0.19186	0.20869
0.19191	0.88312
0.19465	0.60136
0.19815	0.21015
0.19870	0.96763
0.19913	0.38532
0.19929	0.15923
0.19954	0.15673
0.20024	0.89583
0.20055	0.61208
0.20135	0.32084
0.20183	0.56224
0.20407	0.84489
0.20431	0.29893
0.20471	0.94435
0.20472	0.19707
0.20582	0.57418
0.20628	0.75316
0.20769	0.27038
0.20790	0.88162
0.20810	0.27332
0.20822	0.21025
0.20840	0.91786
0.20957	0.51349
0.21028	0.29403
0.21045	0.45531
0.21047	0.29800
0.21064	0.59350
0.21277	0.72577
0.21370	0.97426
0.21402	0.07406
0.21413	0.89431
0.21533	0.15769
0.21603	0.12615
0.21742	0.37833
0.21934	0.78492
0.22186	0.89476
0.22314	0.28309
0.22395	0.82510
0.22460	0.15027
0.22565	0.10934
0.22573	0.63326
0.22709	0.81496
0.22714	0.07916
0.22729	0.87681
0.22776	0.91181
0.22899	0.31871
0.22903	0.89242
0.23167	0.09127
0.23391	0.00255
0.23419	0.09759
0.23454	0.25854
0.23575	0.18682
0.23603	0.47200
0.23655	0.85616
0.23685	0.32521
0.23802	0.59668
0.23915	0.12780
0.23935	0.55898
0.24403	0.23362
0.24440	0.26651
0.24520	0.47336
0.24616	0.91482
0.24759	0.49579
0.24830	0.91661
0.24856	0.62534
0.25025	0.28076
0.25144	0.31414
0.25168	0.08763
0.25260	0.42771
0.25302	0.10185
0.25508	0.37295
0.25530	0.86245
0.25544	0.76741
0.25588	0.27029
0.25690	0.57948
0.25755	0.05638
0.25846	0.17429
0.26086	0.74860
0.26128	0.54703
0.26138	0.60303
0.26173	0.41626
0.26187	0.98572
0.26208	0.59531
0.26310	0.79790
0.26315	0.09873
0.26466	0.41451
0.26488	0.25715
0.26527	0.45533
0.26573	0.72865
0.26629	0.25855
0.26652	0.98282
0.26686	0.25759
0.26693	0.09721
0.26712	0.56950
0.26799	0.26845
0.27062	0.79489
0.27140	0.62422
0.27190	0.93861
0.27489	0.34152
0.27744	0.74544
0.28059	0.44695
0.28086	0.82173
0.28096	0.53711
0.28130	0.54026
0.28426	0.12316
0.28525	0.96314
0.28534	0.62683
0.28554	0.42616
0.28658	0.62362
0.28722	0.15387
0.28771	0.66198
0.28857	0.98308
0.28929	0.74164
0.28976	0.80146
0.29170	0.63779
0.29173	0.71506
0.29235	0.57284
0.29464	0.42626
0.29502	0.27051
0.29683	0.24100
0.29686	0.64786
0.29732	0.75831
0.29795	0.01127
0.29809	0.28096
0.29880	0.20983
0.29881	0.90769
0.29986	0.32771
0.29994	0.67428
0.30483	0.01191
0.30490	0.80874
0.30586	0.94428
0.30673	0.18825
0.30995	0.27863
0.31066	0.84017
0.31120	0.53711
0.31254	0.82628
0.31261	0.50802
0.31362	0.25066
0.31641	0.36051
0.31646	0.81259
0.31650	0.94211
0.31718	0.21683
0.31995	0.61139
0.32048	0.42839
0.32261	0.56267
0.32504	0.84254
0.32585	0.80387
0.32640	0.86075
0.32739	0.09059
0.32813	0.81117
0.32837	0.40071
0.33024	0.57333
0.33099	0.91944
0.33153	0.57283
0.33329	0.53321
0.33330	0.24501
0.33497	0.88352
0.33542	0.53462
0.33599	0.56507
0.33969	0.50732
0.33975	0.44472
0.34219	0.41993
0.34256	0.68098
0.34292	0.64935
0.34297	0.19240
0.34400	0.54756
0.34506	0.27228
0.34643	0.38757
0.34648	0.01388
0.34650	0.45449
0.34673	0.88294
0.34735	0.26517
0.35180	0.33956
0.35288	0.12720
0.35486	0.38898
0.35553	0.20275
0.35794	0.44937
0.35832	0.52210
0.36007	0.13859
0.36065	0.63836
0.36360	0.12524
0.36550	0.89044
0.36640	0.96949
0.36749	0.82756
0.36758	0.27302
0.36807	0.58255
0.36831	0.79065
0.36880	0.25237
0.36892	0.97534
0.37008	0.13065
0.37175	0.22057
0.37256	0.35762
0.37379	0.17066
0.37422	0.46335
0.37448	0.17851
0.37509	0.82383
0.37588	0.01672
0.37734	0.06021
0.37779	0.55413
0.38001	0.16817
0.38087	0.56236
0.38495	0.19353
0.38513	0.56242
0.38682	0.05954
0.38762	0.31657
0.38767	0.88868
0.38772	0.92747
0.38798	0.14861
0.38814	0.22766
0.38851	0.20959
0.38899	0.72352
0.39056	0.01338
0.39205	0.18082
0.39227	0.60188
0.39499	0.37547
0.39583	0.15274
0.39707	0.33914
0.39815	0.19001
0.39977	0.83069
0.40083	0.56627
0.40167	0.29484
0.40181	0.27289
0.40220	0.32535
0.40523	0.42073
0.40569	0.18251
0.40700	0.90005
0.40701	0.70724
0.40835	0.15814
0.40858	0.42528
0.40864	0.42653
0.40985	0.59326
0.41134	0.27410
0.41171	0.72612
0.41266	0.92218
0.41506	0.13602
0.41569	0.95140
0.41627	0.22158
0.41887	0.99870
0.42069	0.05591
0.42088	0.90950
0.42261	0.83197
0.42444	0.44400
0.42702	0.70614
0.43101	0.14421
0.43232	0.93985
0.43243	0.10499
0.43297	0.57256
0.43376	0.32372
0.43384	0.01222
0.43514	0.13261
0.43562	0.58775
0.43706	0.72009
0.43773	0.20338
0.43930	0.42254
0.43930	0.69002
0.44166	0.19975
0.44220	0.43824
0.44423	0.35377
0.44489	0.13571
0.44560	0.11201
0.44693	0.82439
0.44735	0.09166
0.44766	0.25779
0.45050	0.54180
0.45217	0.02785
0.45220	0.62962
0.45346	0.82306
0.45847	0.17888
0.45938	0.40804
0.45995	0.71599
0.46052	0.99622
0.46057	0.15665
0.46204	0.37710
0.46356	0.88682
0.46515	0.81775
0.46516	0.62381
0.46559	0.02300
0.46753	0.86896
0.46885	0.34586
0.46974	0.96671
0.47031	0.33991
0.47161	0.94017
0.47353	0.56034
0.47414	0.85368
0.47524	0.40605
0.47526	0.80585
0.47555	0.97880
0.47716	0.96018
0.48064	0.86949
0.48274	0.10944
0.48321	0.44174
0.48657	0.68549
0.49054	0.73345
0.49057	0.91856
0.49253	0.96998
0.49296	0.72969
0.49322	0.39442
0.49479	0.77678
0.49518	0.95921
0.49630	0.44979
0.49632	0.87652
0.49698	0.09133
0.49933	0.92950
0.50061	0.80615
0.50098	0.11761
0.50186	0.81209
0.50225	0.55795
0.50233	0.29197
0.50367	0.35412
0.50443	0.42422
0.50449	0.88199
0.50450	0.27095
0.50462	0.06979
0.50515	0.54920
0.50680	0.76746
0.50898	0.42458
0.51047	0.56161
0.51082	0.81116
0.51172	0.01954
0.51215	0.55735
0.51243	0.35283
0.51256	0.73884
0.51283	0.59477
0.51577	0.02159
0.51621	0.02669
0.51664	0.13961
0.51690	0.90775
0.51976	0.30830
0.52280	0.32148
0.52530	0.18725
0.52532	0.03584
0.52635	0.01674
0.52739	0.43077
0.52763	0.06117
0.53010	0.31221
0.53159	0.79537
0.53393	0.01856
0.53396	0.81784
0.53571	0.75821
0.53598	0.20725
0.53883	0.30996
0.53889	0.05064
0.53976	0.95002
0.54026	0.44209
0.54054	0.91643
0.54142	0.27717
0.54295	0.76485
0.54349	0.05064
0.54357	0.34865
0.54409	0.60022
0.54429	0.68305
0.54529	0.52721
0.54546	0.06197
0.54555	0.84919
0.54584	0.98266
0.54670	0.39421
0.54744	0.22769
0.54958	0.96367
0.55097	0.25243
0.55174	0.83924
0.55233	0.74005
0.55305	0.48786
0.55358	0.68817
0.55405	0.70392
0.55556	0.99038
0.55626	0.87211
0.55630	0.91567
0.55785	0.01142
0.55795	0.05269
0.56058	0.16592
0.56088	0.75671
0.56206	0.52602
0.56262	0.04221
0.56389	0.31272
0.56412	0.07461
0.56432	0.51928
0.56447	0.40461
0.56540	0.59848
0.56756	0.35847
0.56851	0.99207
0.56885	0.86873
0.57090	0.52342
0.57169	0.41710
0.57196	0.54257
0.57273	0.21107
0.57425	0.11032
0.57758	0.47542
0.57862	0.43605
0.58155	0.01221
0.58522	0.15097
0.58575	0.35203
0.58584	0.36001
0.58683	0.54593
0.58784	0.46737
0.58793	0.07552
0.58943	0.93386
0.58965	0.19868
0.59038	0.43303
0.59049	0.36073
0.59150	0.78429
0.59210	0.97844
0.59224	0.98236
0.59384	0.93958
0.59477	0.69771
0.59860	0.08226
0.59923	0.92029
0.60083	0.29637
0.60163	0.47178
0.60233	0.26185
0.60445	0.22892
0.60580	0.19798
0.60654	0.59768
0.60884	0.26454
0.60984	0.20800
0.61003	0.13410
0.61022	0.14771
0.61125	0.92053
0.61181	0.37984
0.61222	0.08313
0.61546	0.54442
0.61725	0.40958
0.61745	0.84856
0.61783	0.38849
0.62039	0.96098
0.62093	0.98156
0.62179	0.50365
0.62392	0.38258
0.62540	0.02295
0.62617	0.08953
0.62702	0.68223
0.62722	0.53671
0.62748	0.95333
0.62815	0.44391
0.62933	0.20094
0.62996	0.59914
0.63085	0.45051
0.63103	0.35549
0.63258	0.69499
0.63440	0.55890
0.63453	0.01553
0.63522	0.60148
0.63552	0.33888
0.63714	0.04873
0.63727	0.71852
0.63737	0.67926
0.63846	0.86738
0.63949	0.14308
0.64025	0.56666
0.64205	0.41830
0.64294	0.55572
0.64415	0.72672
0.64445	0.18817
0.64513	0.94282
0.64825	0.67391
0.64963	0.93949
0.65323	0.28639
0.65499	0.76754
0.65585	0.11471
0.65605	0.28586
0.65643	0.48721
0.65753	0.26425
0.65792	0.43961
0.65888	0.62428
0.65890	0.74156
0.66013	0.82901
0.66099	0.03359
0.66209	0.15563
0.66291	0.81907
0.66359	0.41217
0.66487	0.78856
0.66513	0.75242
0.66652	0.68311
0.66734	0.94089
0.66768	0.47562
0.66806	0.79305
0.67027	0.43483
0.67045	0.65357
0.67054	0.09959
0.67171	0.27376
0.67395	0.20069
0.67506	0.52340
0.67705	0.22228
0.67750	0.49208
0.67826	0.07110
0.67912	0.41217
0.67950	0.40460
0.68214	0.74686
0.68220	0.26812
0.68235	0.47479
0.68291	0.10353
0.68330	0.22543
0.68423	0.35628
0.68434	0.99591
0.68550	0.79840
0.68733	0.58926
0.68838	0.60752
0.68910	0.69557
0.68918	0.26641
0.68925	0.45705
0.69072	0.98028
0.69313	0.83252
0.69409	0.23116
0.69431	0.49940
0.69603	0.47959
0.69725	0.51658
0.69756	0.18078
0.69767	0.15580
0.69813	0.10282
0.69950	0.84014
0.70150	0.97632
0.70251	0.22585
0.70511	0.41275
0.70544	0.74485
0.70642	0.72930
0.70852	0.39955
0.70864	0.84598
0.70930	0.02902
0.71025	0.51623
0.71082	0.62845
0.71223	0.04384
0.71326	0.87516
0.71454	0.43612
0.71484	0.87274
0.71596	0.59303
0.71855	0.59122
0.72167	0.48709
0.72282	0.05439
0.72312	0.75918
0.72466	0.06157
0.72480	0.22918
0.72628	0.25861
0.72715	0.90247
0.72725	0.58749
0.72765	0.93127
0.72772	0.50310
0.72928	0.38608
0.72946	0.88024
0.72947	0.40480
0.72991	0.63869
0.73074	0.03587
0.73213	0.94850
0.73258	0.31801
0.73391	0.59526
0.73434	0.71954
0.73451	0.89147
0.73468	0.21581
0.73469	0.20805
0.73637	0.09297
0.73737	0.98072
0.73806	0.56591
0.74064	0.34449
0.74083	0.45213
0.74229	0.02888
0.74316	0.65049
0.74421	0.80355
0.74428	0.24384
0.74437	0.04832
0.74660	0.64477
0.74747	0.01399
0.74824	0.71278
0.74829	0.65820
0.74849	0.15422
0.74943	0.40759
0.75048	0.21024
0.75105	0.48507
0.75202	0.84701
0.75428	0.90635
0.75489	0.97734
0.75547	0.42834
0.75591	0.05048
0.75605	0.09666
0.75642	0.86238
0.75730	0.21729
0.76282	0.90215
0.76441	0.78950
0.76445	0.92281
0.76598	0.80800
0.76623	0.98721
0.76641	0.41425
0.76815	0.10548
0.76884	0.20089
0.76892	0.92662
0.76991	0.55567
0.77005	0.17398
0.77097	0.61028
0.77219	0.11133
0.77250	0.33780
0.77255	0.99553
0.77312	0.60191
0.77415	0.57021
0.77591	0.62236
0.77776	0.47020
0.77947	0.37898
0.77987	0.17903
0.78010	0.69899
0.78083	0.89274
0.78088	0.54164
0.78257	0.68340
0.78258	0.12577
0.78275	0.06022
0.78301	0.79833
0.78311	0.84154
0.78675	0.51090
0.78968	0.19275
0.78995	0.51883
0.79142	0.96996
0.79217	0.25355
0.79228	0.57012
0.79261	0.54547
0.79362	0.63776
0.79513	0.04012
0.79618	0.65535
0.79683	0.87906
0.79691	0.05556
0.79704	0.86834
0.79747	0.61228
0.79760	0.56104
0.79899	0.57936
0.79989	0.09608
0.80030	0.80396
0.80045	0.04007
0.80269	0.58584
0.80591	0.92204
0.80593	0.28456
0.80682	0.36151
0.81088	0.17288
0.81113	0.36242
0.81211	0.96022
0.81238	0.57461
0.81409	0.17484
0.81557	0.72356
0.81727	0.52753
0.81963	0.57082
0.82067	0.89944
0.82686	0.51552
0.82693	0.83183
0.82715	0.72082
0.82715	0.48857
0.82738	0.56762
0.82831	0.61145
0.82854	0.60944
0.82871	0.62137
0.83079	0.33971
0.83080	0.71294
0.83123	0.14277
0.83288	0.56689
0.83700	0.06715
0.83783	0.41077
0.83961	0.41486
0.84006	0.25266
0.84133	0.68272
0.84255	0.08002
0.84293	0.18589
0.84325	0.74638
0.84369	0.36346
0.84702	0.37579
0.84735	0.19199
0.84879	0.15203
0.84927	0.64174
0.84994	0.53169
0.85079	0.98962
0.85114	0.58296
0.85193	0.01698
0.85351	0.95485
0.85409	0.51007
0.85526	0.27609
0.85565	0.41247
0.85617	0.14719
0.85880	0.30758
0.86072	0.73990
0.86107	0.31204
0.86295	0.27115
0.86310	0.63880
0.86346	0.26779
0.86383	0.58411
0.86421	0.34069
0.86574	0.43699
0.86582	0.65771
0.86674	0.28040
0.86704	0.47983
0.86714	0.46682
0.86814	0.90795
0.86879	0.46145
0.86886	0.41224
0.86950	0.03799
0.87308	0.46463
0.87504	0.49526
0.87708	0.86323
0.87712	0.75051
0.87874	0.05879
0.87900	0.76201
0.87946	0.01910
0.87985	0.47729
0.88012	0.92171
0.88157	0.89471
0.88216	0.22389
0.88300	0.78541
0.88305	0.16433
0.88381	0.15921
0.88460	0.51502
0.88484	0.65937
0.88561	0.85106
0.88622	0.64956
0.88673	0.82616
0.88694	0.84580
0.88707	0.86878
0.88713	0.67070
0.88713	0.14281
0.88721	0.41385
0.88771	0.52430
0.88968	0.85723
0.89027	0.87501
0.89163	0.81864
0.89169	0.37875
0.89447	0.34764
0.89631	0.15336
0.89761	0.22184
0.89813	0.80729
0.89825	0.02367
0.90243	0.98707
0.90273	0.53838
0.90335	0.08045
0.90688	0.81975
0.90706	0.94372
0.90835	0.41424
0.90854	0.98444
0.90882	0.71573
0.90970	0.97499
0.91095	0.24213
0.91110	0.43358
0.91230	0.94355
0.91230	0.16644
0.91320	0.15887
0.91462	0.60675
0.91523	0.55472
0.91613	0.05925
0.91646	0.28541
0.91806	0.70498
0.91834	0.26770
0.91885	0.68472
0.91904	0.50973
0.92066	0.63385
0.92077	0.92967
0.92123	0.46760
0.92155	0.28028
0.92183	0.94626
0.92255	0.25551
0.92283	0.53160
0.92359	0.94824
0.92374	0.78170
0.92610	0.54393
0.92624	0.20379
0.92861	0.93177
0.92898	0.98578
0.93007	0.36743
0.93197	0.89930
0.93367	0.04921
0.93628	0.31536
0.93637	0.82233
0.93693	0.01189
0.93726	0.23829
0.93875	0.51293
0.93952	0.96669
0.93992	0.90580
0.94038	0.03698
0.94110	0.93084
0.94113	0.77409
0.94129	0.83423
0.94291	0.06932
0.94297	0.50992
0.94476	0.98012
0.94486	0.71924
0.94637	0.03632
0.94640	0.78945
0.94796	0.45718
0.94826	0.37964
0.95161	0.86441
0.95564	0.75398
0.95581	0.93802
0.95602	0.21097
0.95814	0.16234
0.95826	0.19100
0.95850	0.72957
0.95863	0.67501
0.96074	0.86464
0.96102	0.28657
0.96172	0.77218
0.96306	0.00336
0.96312	0.35871
0.96503	0.35640
0.96539	0.24123
0.96575	0.90286
0.96654	0.29388
0.96779	0.84479
0.97017	0.80625
0.97183	0.37996
0.97303	0.27814
0.97399	0.58191
0.97429	0.93879
0.97480	0.81431
0.97510	0.78988
0.97798	0.55299
0.98016	0.74677
0.98126	0.22251
0.98247	0.10335
0.98406	0.83056
0.98522	0.50664
0.98763	0.25152
0.98794	0.51611
0.98889	0.08721
0.98896	0.15647
0.98959	0.89114
0.99030	0.37410
0.99053	0.73810
0.99131	0.97414
0.99173	0.79527
0.99259	0.22752
0.99456	0.28294
0.99474	0.94819
0.99480	0.46474
0.99535	0.38058
0.99622	0.49255
0.99657	0.65766
