Sample size N: 1000
-0.47710	0.71452
-0.44276	0.79196
-0.42385	0.54006
-0.41181	0.17319
-0.40733	0.51626
-0.36831	0.21406
-0.35106	0.27249
-0.32953	0.40794
-0.31307	-0.00410
-0.30849	0.25842
-0.30526	-0.22001
-0.29828	0.12219
-0.27765	0.61885
-0.27594	0.21013
-0.25892	0.33849
-0.25570	0.68729
-0.23763	-0.04369
-0.22617	0.38627
-0.20018	0.77081
-0.19989	0.31351
-0.19196	0.05292
-0.17417	0.57788
-0.17391	0.78282
-0.16995	0.13486
-0.16847	0.84535
-0.16581	0.15297
-0.16459	-0.50751
-0.16338	0.22279
-0.16103	0.11273
-0.15396	0.26404
-0.15178	0.74190
-0.13998	0.96013
-0.13238	0.78330
-0.13002	0.64959
-0.12387	1.08152
-0.11227	0.60159
-0.10942	0.68260
-0.09112	0.71027
-0.08845	0.52520
-0.07416	1.02737
-0.07273	0.51021
-0.06975	0.47135
-0.06804	0.66534
-0.06753	0.17582
-0.06664	0.14091
-0.06544	0.70891
-0.06034	0.82702
-0.05562	0.47593
-0.04832	0.42448
-0.04680	0.79008
-0.04479	0.78486
-0.04139	0.26232
-0.03697	0.60575
-0.03658	0.80207
-0.03623	0.13461
-0.02720	0.40238
-0.02159	0.77361
-0.02033	0.60474
-0.01489	0.70009
-0.00936	0.89673
-0.00916	0.97407
-0.00731	0.97283
-0.00219	0.47696
0.00364	0.24772
0.01202	-0.10232
0.01321	0.16039
0.01504	0.28559
0.01540	0.51550
0.01690	0.29166
0.01720	0.54068
0.02025	0.59324
0.02298	0.54886
0.02428	0.74583
0.02560	0.72607
0.02821	0.69320
0.03113	0.54520
0.03367	0.57995
0.03467	0.04712
0.03514	0.39982
0.03960	0.66353
0.04117	1.12265
0.04176	0.54996
0.04924	0.36161
0.04954	0.80410
0.05164	0.63033
0.05557	0.83480
0.05714	0.32989
0.05794	0.86768
0.05998	0.33438
0.06003	1.00106
0.06199	0.58278
0.06692	0.43346
0.06901	0.33909
0.07468	0.60707
0.07525	1.19058
0.07777	0.31516
0.07841	0.55565
0.07868	0.70134
0.08252	0.07236
0.08272	1.06309
0.08359	0.38539
0.08378	0.76502
0.08442	0.66187
0.08531	0.23165
0.08655	0.76821
0.08805	0.04567
0.09319	0.76853
0.09682	0.23556
0.09788	1.00646
0.09898	0.87649
0.09916	0.86483
0.09952	0.00304
0.10060	0.54902
0.10536	0.14883
0.10575	0.79395
0.10845	0.62913
0.10968	0.26168
0.11052	0.61383
0.11120	0.27098
0.11220	0.21536
0.11398	0.18575
0.11423	1.25699
0.11461	0.72368
0.11779	0.73290
0.12347	0.68865
0.12437	1.11168
0.12687	0.17361
0.12848	0.95331
0.13066	0.22535
0.13079	0.52812
0.13126	1.21707
0.13135	0.93936
0.13172	0.23816
0.13207	0.55836
0.13449	1.20352
0.13529	0.96816
0.14131	0.44005
0.14135	0.73558
0.14148	0.72400
0.14349	0.74637
0.14545	0.78597
0.14635	1.01599
0.14946	1.25447
0.15170	0.90744
0.15201	0.05083
0.15321	0.46269
0.15341	-0.25954
0.15409	0.62720
0.15503	0.86435
0.15612	0.74090
0.15684	0.61287
0.15861	0.97280
0.15939	0.98125
0.16153	0.31043
0.16181	0.31149
0.16196	1.15821
0.16301	0.33680
0.16423	1.02266
0.16582	-0.00727
0.16798	-0.14337
0.16912	0.83621
0.16967	0.84188
0.16974	0.37073
0.17097	0.90450
0.17101	0.74854
0.17254	0.50387
0.17663	0.62361
0.17674	0.60090
0.18018	0.54013
0.18164	0.64936
0.18424	0.45782
0.18627	0.16282
0.19110	1.17419
0.19342	0.17906
0.19352	0.32883
0.19394	0.85369
0.19511	0.40348
0.19521	0.11367
0.19688	0.74348
0.19723	1.01877
0.19977	0.97651
0.20088	0.52955
0.20120	0.43815
0.20218	0.44086
0.20261	0.29553
0.20328	0.37746
0.20441	0.51107
0.20489	0.69850
0.20490	0.51761
0.20560	0.80277
0.20606	0.50770
0.20620	0.36987
0.20620	0.67836
0.20950	0.37213
0.21273	1.08462
0.21355	0.49936
0.21548	0.86177
0.21629	0.31268
0.21644	1.63076
0.21828	0.58365
0.22014	0.74419
0.22024	0.02739
0.22025	0.74783
0.22058	0.33909
0.22236	0.45015
0.22291	0.30062
0.22313	0.32913
0.22320	0.53687
0.22590	0.40328
0.22706	1.25515
0.22737	0.27542
0.22762	0.40996
0.22861	0.81333
0.22997	0.99463
0.23102	0.26267
0.23194	1.07705
0.23365	0.47941
0.23399	1.12892
0.23564	0.67161
0.23619	0.45571
0.23819	0.31543
0.23861	-0.21794
0.24000	1.06834
0.24106	0.51938
0.24201	0.76179
0.24218	0.12188
0.24228	0.65099
0.24297	0.22140
0.24381	0.39015
0.24393	0.27004
0.24532	1.07709
0.24598	0.03405
0.24655	0.42869
0.24716	0.85150
0.24806	0.90030
0.24892	0.06049
0.25077	0.85830
0.25187	0.95726
0.25252	0.22678
0.25263	0.27335
0.25354	0.99935
0.25426	0.53048
0.25550	-0.03323
0.25751	0.21649
0.25813	0.63863
0.25837	0.50059
0.25854	0.25609
0.25855	0.58132
0.26018	0.92723
0.26139	0.64361
0.26197	0.38896
0.26303	0.35232
0.26324	0.84036
0.26445	0.16335
0.26496	0.59812
0.26611	1.23912
0.26692	0.74058
0.26769	0.71506
0.26907	0.93204
0.26942	0.35947
0.26960	0.61657
0.27137	0.63484
0.27308	0.42189
0.27320	0.42476
0.27372	1.02183
0.27411	0.38583
0.27603	0.53678
0.27876	0.63051
0.27898	0.90473
0.27899	1.05128
0.27907	0.53654
0.28058	0.57951
0.28062	0.83151
0.28216	0.47012
0.28280	-0.30544
0.28412	0.84745
0.28515	0.88692
0.28677	0.33304
0.28697	0.61383
0.28736	0.04643
0.28744	-0.27516
0.28748	0.35165
0.28823	0.70387
0.28930	0.08059
0.28943	0.57341
0.29184	0.46320
0.29273	-0.02254
0.29348	1.00922
0.29399	1.06120
0.29571	0.38283
0.29661	-0.02060
0.29805	-0.18706
0.29857	1.03627
0.30079	0.46082
0.30124	0.81436
0.30179	0.40067
0.30341	0.87222
0.30345	1.00249
0.30377	-0.14423
0.30505	-0.09686
0.30823	0.32331
0.30913	0.58532
0.31569	0.51396
0.31615	0.80928
0.31722	0.78314
0.31969	0.39739
0.31999	0.96724
0.32009	0.99209
0.32027	0.19506
0.32534	0.96709
0.32568	0.08653
0.32577	0.57244
0.32582	0.66279
0.32698	0.76786
0.32714	0.67374
0.32741	0.47434
0.32749	0.43554
0.32776	0.26502
0.32956	0.48252
0.33071	0.73253
0.33076	-0.04162
0.33110	0.84731
0.33122	0.24829
0.33146	1.25601
0.33213	-0.36922
0.33237	0.73136
0.33247	0.82474
0.33309	1.02574
0.33428	0.62956
0.33766	0.49278
0.33770	0.23632
0.33818	0.51172
0.33958	0.60407
0.34183	0.27644
0.34222	0.70076
0.34246	0.08506
0.34347	0.86040
0.34463	0.79547
0.34498	0.80243
0.34535	0.41806
0.34568	0.18963
0.34705	0.24011
0.34713	0.55164
0.34733	0.56513
0.34999	0.33061
0.35068	0.53673
0.35148	0.37388
0.35200	0.59473
0.35315	0.27281
0.35320	0.63529
0.35326	-0.05722
0.35400	0.36458
0.35457	0.32359
0.35512	0.94442
0.35527	0.87777
0.35581	0.20667
0.35719	0.69923
0.35761	0.60752
0.36059	0.83681
0.36186	0.47481
0.36200	-0.24096
0.36335	0.51188
0.36450	-0.11512
0.36454	1.01215
0.36461	0.55819
0.36503	0.82946
0.36504	0.61631
0.36515	0.02123
0.36518	0.39094
0.36571	0.43280
0.36577	0.36251
0.36603	0.75468
0.36677	0.04714
0.36729	0.39730
0.36731	0.37056
0.36754	0.94582
0.36897	0.55800
0.37144	0.87610
0.37269	0.21856
0.37306	0.58523
0.37308	0.80857
0.37311	0.87167
0.37405	0.89750
0.37409	-0.12138
0.37495	0.68935
0.37606	0.54882
0.37619	0.35750
0.37645	0.74917
0.37922	-0.20111
0.37987	0.94105
0.38008	0.30573
0.38022	0.53636
0.38236	1.29541
0.38243	0.14524
0.38306	0.12061
0.38415	0.40991
0.38475	0.57496
0.38513	0.61816
0.38685	0.44661
0.38876	1.08010
0.39061	0.64760
0.39169	0.62269
0.39191	0.63715
0.39298	0.91532
0.39608	0.04095
0.39858	0.27772
0.39930	0.07888
0.40006	0.10012
0.40025	0.49044
0.40099	0.86277
0.40119	0.84270
0.40132	0.87864
0.40213	0.17150
0.40401	0.53955
0.40538	0.80078
0.40583	0.68489
0.41052	1.01502
0.41054	0.72065
0.41200	0.10819
0.41282	0.91704
0.41359	0.25957
0.41406	0.63545
0.41468	0.90435
0.41562	0.51586
0.41696	0.10717
0.41849	0.53505
0.41970	0.91912
0.42005	0.40087
0.42181	0.87815
0.42183	0.97610
0.42184	1.31601
0.42256	0.81846
0.42428	0.41443
0.42442	0.16569
0.42459	0.03840
0.42503	0.47232
0.42511	0.48459
0.42753	0.33112
0.42766	0.70675
0.42782	0.45608
0.42786	0.35872
0.42853	0.80331
0.42864	1.00376
0.42864	0.94244
0.42865	0.65734
0.42872	0.67344
0.43069	0.45921
0.43112	0.00111
0.43130	-0.03137
0.43334	-0.10237
0.43551	0.78416
0.43552	0.23105
0.43553	0.08806
0.43608	0.16054
0.43689	0.90651
0.43751	0.33288
0.43930	0.41394
0.43955	0.61766
0.44024	-0.06590
0.44050	-0.06344
0.44071	0.95832
0.44078	0.18499
0.44143	0.48848
0.44175	0.05602
0.44364	0.94753
0.44371	0.47987
0.44392	0.28591
0.44392	0.89642
0.44455	0.59844
0.44464	0.13412
0.44507	1.45415
0.44638	0.59406
0.44667	0.24849
0.44746	-0.10581
0.44812	-0.11178
0.44858	0.85875
0.44892	0.25487
0.45019	0.60618
0.45026	1.18076
0.45072	0.18749
0.45143	0.33998
0.45247	0.49384
0.45363	0.89130
0.45477	0.31105
0.45825	0.32341
0.46030	0.56398
0.46146	0.23102
0.46175	0.98555
0.46209	0.39365
0.46293	0.36101
0.46448	-0.19644
0.46649	0.06627
0.46657	0.20838
0.46724	0.18309
0.46749	0.27537
0.46788	0.24695
0.46830	0.49197
0.46854	0.02413
0.46876	0.22698
0.46928	0.91835
0.47075	0.76392
0.47207	0.25608
0.47363	1.04488
0.47372	0.75051
0.47621	0.37594
0.47717	0.32777
0.47741	0.66766
0.47785	0.62363
0.47821	0.61434
0.47965	0.31758
0.48039	0.77601
0.48174	0.37072
0.48245	0.28654
0.48302	0.67577
0.48533	0.46340
0.48587	0.18619
0.48658	0.95313
0.48716	0.94159
0.48821	0.27551
0.48902	0.51673
0.48914	0.86002
0.49097	0.18175
0.49635	0.56870
0.49685	0.71462
0.49734	0.82611
0.49754	0.61280
0.49804	0.43046
0.49825	-0.02329
0.49946	0.68972
0.49960	1.22325
0.49969	0.90654
0.50072	0.32115
0.50258	0.16018
0.50525	0.62765
0.50773	1.12691
0.50787	0.08353
0.50881	0.42135
0.50961	0.61530
0.50985	0.68596
0.51009	0.35687
0.51029	0.59094
0.51138	0.55904
0.51182	0.21591
0.51187	0.53497
0.51211	0.95455
0.51331	0.24133
0.51521	0.37917
0.51731	0.49460
0.51845	0.25028
0.51909	0.56721
0.51922	0.48491
0.51931	0.77717
0.52039	0.43200
0.52039	0.19249
0.52047	0.36734
0.52151	0.01371
0.52165	-0.35316
0.52173	0.57942
0.52298	0.17045
0.52317	1.05462
0.52569	0.29246
0.52656	0.87626
0.52672	1.23664
0.52820	0.77374
0.52858	1.04608
0.52906	0.42733
0.52954	0.64973
0.53061	0.22834
0.53067	0.15822
0.53106	0.97914
0.53456	0.32482
0.53471	0.35703
0.53526	0.06760
0.53543	-0.15955
0.53606	0.23638
0.53730	0.27105
0.53747	1.05281
0.53921	1.02111
0.54283	-0.32288
0.54357	0.44849
0.54373	0.59411
0.54398	0.84708
0.54446	0.67114
0.54502	0.39279
0.54503	0.51329
0.54568	0.35924
0.54648	-0.26086
0.54651	0.85980
0.54676	0.70216
0.54889	0.54060
0.55039	0.43602
0.55097	0.65014
0.55408	0.47281
0.55568	0.24149
0.55629	0.74476
0.55631	0.88703
0.55900	0.50455
0.55923	0.66966
0.55953	0.17203
0.56028	0.28716
0.56346	0.79718
0.56484	1.20914
0.56551	0.07164
0.56616	0.51417
0.56641	0.85017
0.56656	0.90645
0.56809	0.89844
0.57029	0.27675
0.57124	0.92604
0.57166	0.46603
0.57337	-0.59483
0.57367	0.37327
0.57501	0.69813
0.57510	0.54226
0.57574	0.27479
0.57702	0.41495
0.57764	0.53407
0.57847	1.14325
0.57886	0.61690
0.57897	0.92915
0.57900	0.55060
0.58132	0.58003
0.58161	1.37903
0.58182	1.02583
0.58293	0.77411
0.58392	0.29157
0.58454	0.31319
0.58594	0.28279
0.58623	0.92738
0.58671	0.81966
0.58758	0.22824
0.58923	0.86259
0.59043	0.34212
0.59117	0.64718
0.59171	0.71611
0.59361	1.26967
0.59403	0.77578
0.59450	0.58342
0.59523	0.70127
0.59620	0.71993
0.59661	0.42857
0.59661	-0.13122
0.59668	0.24868
0.60170	0.75402
0.60211	0.21774
0.60218	0.67885
0.60230	0.02158
0.60303	0.69413
0.60359	0.72462
0.60603	0.30318
0.60722	0.09805
0.60757	0.02935
0.60759	0.68528
0.60857	-0.15575
0.61100	0.37210
0.61112	0.56038
0.61143	0.54340
0.61151	0.61102
0.61177	0.59227
0.61180	0.31424
0.61316	0.61874
0.61504	0.95423
0.61695	0.79797
0.61752	0.14493
0.61805	0.33743
0.61904	0.16115
0.61917	0.61452
0.62039	0.70596
0.62047	0.75291
0.62060	0.79012
0.62214	0.53739
0.62335	0.14415
0.62505	0.49290
0.62613	0.31307
0.62830	0.34519
0.62835	0.52176
0.62847	-0.09158
0.62922	1.01785
0.62947	0.38129
0.62974	0.37027
0.63051	0.56820
0.63102	0.43033
0.63250	0.97434
0.63281	0.07994
0.63564	0.30393
0.63573	0.77791
0.63711	1.04034
0.63762	0.84043
0.63775	0.86997
0.63816	0.38385
0.63880	-0.01743
0.63931	1.10455
0.63947	0.36831
0.64043	0.20246
0.64116	0.36083
0.64168	0.12315
0.64175	0.91308
0.64561	1.24302
0.64818	0.59972
0.64942	0.36028
0.65029	0.83131
0.65195	0.57734
0.65703	0.87537
0.65704	0.26552
0.65759	0.72639
0.65775	0.04790
0.65841	-0.06681
0.65983	0.47223
0.66037	0.49189
0.66174	-0.22249
0.66277	0.45658
0.66320	0.75773
0.66338	0.55487
0.66360	0.61432
0.66857	0.61967
0.66939	0.94051
0.67018	0.08316
0.67034	0.70169
0.67125	0.53537
0.67179	0.34815
0.67530	0.86509
0.67536	0.23550
0.67974	0.17198
0.68016	0.72954
0.68022	0.54399
0.68374	0.50116
0.68457	0.27381
0.68880	0.28346
0.69167	0.80751
0.69195	-0.31018
0.69303	0.69592
0.69791	0.42047
0.69796	0.98119
0.69951	0.02716
0.70161	0.71461
0.70386	0.67127
0.70428	0.10094
0.70475	0.42450
0.70496	1.26328
0.70504	0.72233
0.70526	0.26284
0.70550	0.97451
0.70905	0.35772
0.70941	0.89640
0.70975	0.73098
0.71014	0.74488
0.71045	0.48303
0.71439	0.72325
0.71600	0.62441
0.71617	0.68932
0.71970	0.45307
0.71997	1.29100
0.72259	0.07378
0.72294	0.96129
0.72345	1.16452
0.72523	0.32142
0.72639	0.35556
0.72667	0.66083
0.72767	0.26713
0.72851	0.98070
0.72853	0.80093
0.72854	0.77129
0.72921	0.39275
0.73096	0.55068
0.73112	0.83540
0.73174	0.81634
0.73215	0.42541
0.73268	0.39059
0.73557	0.04061
0.73563	0.57413
0.73646	-0.23748
0.73744	0.38763
0.73818	-0.08482
0.73971	1.07391
0.73980	0.42019
0.74287	0.15016
0.74575	0.31985
0.74599	0.59648
0.74931	0.70394
0.75023	0.43328
0.75230	0.80990
0.75319	0.17922
0.75395	0.43392
0.75558	0.03704
0.75595	0.37084
0.75628	0.39529
0.75705	0.29123
0.75718	0.66538
0.75836	0.78920
0.75963	0.09954
0.76007	0.56725
0.76074	0.13138
0.76271	0.90967
0.76541	0.56865
0.76581	0.14077
0.76613	0.22388
0.76645	0.72704
0.76732	0.27252
0.76864	0.48378
0.76988	0.89134
0.77028	0.96281
0.77082	0.54592
0.77271	0.44233
0.77588	0.72988
0.77674	0.39156
0.77682	-0.08780
0.77703	0.74617
0.77845	0.50628
0.77850	0.42577
0.77947	0.58119
0.77989	0.77700
0.78001	0.38749
0.78092	0.41834
0.78163	0.59231
0.78196	0.36810
0.78646	0.71962
0.78729	0.24717
0.78800	-0.28298
0.78964	0.54008
0.78971	0.77555
0.79006	0.35050
0.79063	0.20131
0.79363	0.67485
0.79448	0.09198
0.79574	1.19993
0.79688	0.19861
0.79960	0.12784
0.80064	0.66684
0.80138	0.77303
0.80193	-0.34183
0.80291	0.66118
0.80378	0.34207
0.80382	0.35784
0.80529	0.61439
0.80556	0.44038
0.80723	0.87104
0.81094	0.13843
0.81329	0.28382
0.81458	0.95164
0.81550	0.53417
0.81570	0.45780
0.81618	0.10220
0.81712	0.43473
0.81717	0.48261
0.82054	0.33848
0.82437	0.46080
0.82618	1.03643
0.82666	0.94243
0.83356	0.01717
0.83427	0.13474
0.83454	0.27365
0.83483	0.16700
0.83487	0.92164
0.83518	1.26672
0.83546	0.59784
0.83571	0.36844
0.83694	0.28077
0.83723	0.66081
0.84076	0.47761
0.84195	0.57490
0.84247	0.85831
0.84262	0.62922
0.84281	0.68935
0.84448	0.20549
0.84591	0.12255
0.84660	0.61559
0.84719	-0.23650
0.84893	0.84134
0.84981	0.44359
0.85123	1.04516
0.85422	0.63546
0.85448	0.06848
0.85534	0.52100
0.85617	0.18148
0.85714	0.54523
0.85973	0.43878
0.86102	0.35887
0.86348	0.22527
0.86543	0.85768
0.86623	0.90365
0.86664	-0.08868
0.86764	0.35298
0.86844	0.12373
0.86911	0.29797
0.86960	0.60962
0.86998	-0.27775
0.87137	0.73901
0.87191	0.28368
0.87233	0.98070
0.87400	0.28706
0.87406	0.69189
0.88028	1.10140
0.88520	0.35817
0.88921	0.90426
0.88928	0.18552
0.89406	0.47725
0.89527	0.38501
0.89651	-0.03717
0.89725	0.64349
0.89869	0.68440
0.90104	0.50477
0.90227	0.71518
0.90566	0.99728
0.90573	1.28603
0.90717	0.17759
0.90912	0.18653
0.91081	0.35495
0.91577	0.53316
0.91605	0.55461
0.92410	0.60903
0.92601	0.19032
0.92779	0.76333
0.92782	0.57076
0.92822	0.35166
0.92935	0.43602
0.93532	0.75881
0.93688	0.61030
0.93720	0.30329
0.93876	0.34821
0.94307	1.23148
0.94486	0.52557
0.94561	0.67911
0.94631	-0.03730
0.95269	1.07471
0.95763	0.96623
0.95973	0.49341
0.96254	0.67216
0.96324	1.00510
0.96440	0.73965
0.96712	0.89517
0.97100	0.85513
0.97104	0.32302
0.97266	-0.10558
0.97361	0.70731
0.97720	0.77339
0.98430	0.64623
0.98775	1.16269
0.98906	0.69175
0.99287	0.97155
0.99440	0.66382
1.00052	0.59272
1.00287	0.26063
1.00478	0.09113
1.00533	0.63485
1.00641	0.36386
1.00991	-0.07993
1.01299	0.77812
1.01721	0.45188
1.02239	0.85664
1.02324	0.55757
1.02541	0.60347
1.02790	0.36601
1.03038	0.13951
1.03156	-0.06140
1.03489	0.81607
1.03826	-0.08524
1.03952	0.46242
1.04163	0.09380
1.04513	0.55566
1.04807	0.18124
1.04980	0.60928
1.05173	1.20593
1.05429	0.65948
1.06029	0.41642
1.06230	0.28604
1.08722	0.92361
1.08767	0.45915
1.09215	0.38935
1.09302	0.75239
1.10000	0.53439
1.10549	0.58487
1.10759	0.19362
1.14114	0.83529
1.15598	0.57182
1.16028	0.71788
1.17785	0.65447
1.18300	0.31265
1.18435	0.61029
1.19184	0.99698
1.19365	0.22046
1.19429	0.27213
1.19670	0.76331
1.21818	0.54216
1.22534	0.80133
1.23690	0.80935
1.24272	0.59117
1.24364	0.29778
1.25320	0.11459
1.27139	0.32911
1.29010	1.10176
1.29394	0.71517
1.29442	0.78094
1.31288	0.23454
1.36045	0.83745
1.43164	0.42915
1.43311	0.51115
1.49624	1.05519
1.51800	0.60550
1.63075	0.39260
1.69641	0.49400
