Sample size N: 1000
-0.99420	0.05065
-0.99147	0.12859
-0.98061	0.06091
-0.96349	0.25089
-0.94031	0.23771
-0.93945	-0.25061
-0.93667	0.14937
-0.93094	-0.27847
-0.91611	-0.10800
-0.91555	0.32480
-0.89627	-0.01253
-0.88960	0.12814
-0.88862	-0.33882
-0.88854	0.28414
-0.88794	0.28566
-0.88482	-0.03798
-0.88465	0.29017
-0.87324	-0.01523
-0.87179	0.25908
-0.86620	0.27000
-0.86358	-0.34873
-0.86291	0.03649
-0.85147	-0.47419
-0.84769	0.17927
-0.83520	-0.41896
-0.83179	0.07127
-0.83164	-0.29483
-0.82437	-0.29532
-0.81479	0.44458
-0.81374	-0.10057
-0.80909	-0.52265
-0.80849	-0.32880
-0.80559	0.03979
-0.80310	-0.57169
-0.79744	-0.01707
-0.78139	-0.22261
-0.75299	0.64520
-0.74988	-0.05100
-0.74023	0.07711
-0.74014	-0.17311
-0.73845	-0.16550
-0.73807	0.45684
-0.73599	0.42855
-0.72966	0.05726
-0.72874	0.28209
-0.72657	0.62486
-0.72301	0.00778
-0.72272	-0.52747
-0.71897	-0.22110
-0.71795	0.38852
-0.71337	0.10959
-0.71027	0.25124
-0.70188	-0.32487
-0.70066	0.70249
-0.69678	-0.31400
-0.69264	0.37802
-0.68420	-0.18334
-0.68097	-0.02298
-0.68046	-0.45658
-0.67804	-0.15776
-0.65962	0.16931
-0.65328	0.32161
-0.65204	0.17439
-0.64654	0.13486
-0.64529	0.61288
-0.64422	-0.19426
-0.63885	-0.71533
-0.63681	-0.52349
-0.63419	-0.68516
-0.63335	0.20751
-0.63149	-0.25642
-0.63137	-0.23847
-0.63031	-0.40007
-0.62788	0.14317
-0.62710	-0.62370
-0.62203	0.43907
-0.61971	0.38630
-0.61656	0.55592
-0.61384	-0.13056
-0.60485	-0.48189
-0.59945	-0.63745
-0.59878	-0.60367
-0.59676	0.04417
-0.59582	0.30447
-0.59149	0.74409
-0.58168	-0.13283
-0.57794	0.70480
-0.57732	-0.45863
-0.57474	-0.16285
-0.57176	0.22400
-0.56855	0.35211
-0.56537	0.51348
-0.56263	-0.01087
-0.56055	0.48934
-0.55988	0.80605
-0.55562	-0.12017
-0.55468	-0.57340
-0.55324	0.10378
-0.54659	0.82561
-0.54432	-0.10193
-0.54007	0.46536
-0.53974	0.36774
-0.53547	0.76405
-0.53540	-0.33703
-0.53520	0.62453
-0.53254	0.32270
-0.53253	-0.73607
-0.53071	-0.00492
-0.53004	-0.35878
-0.51944	0.12961
-0.51481	-0.28923
-0.51396	-0.50560
-0.51332	-0.54544
-0.51105	-0.59402
-0.50846	0.60207
-0.50679	-0.10252
-0.50611	-0.03340
-0.50600	0.59872
-0.50593	-0.53683
-0.50551	0.50807
-0.50385	-0.34036
-0.50228	-0.54866
-0.50226	0.67442
-0.50085	-0.10871
-0.49299	0.58308
-0.49248	0.34141
-0.49090	0.24813
-0.49073	0.60909
-0.48991	0.30548
-0.48917	0.69348
-0.48838	-0.47852
-0.48157	0.31888
-0.47758	-0.58522
-0.47562	-0.16396
-0.46887	0.30388
-0.46519	0.44952
-0.46473	-0.13238
-0.46338	-0.71260
-0.45924	0.02241
-0.45891	-0.60600
-0.45557	-0.43401
-0.45548	0.32142
-0.44952	0.86805
-0.44893	0.18403
-0.44843	0.32887
-0.44377	0.71097
-0.44122	0.16279
-0.43850	0.04408
-0.43501	-0.05204
-0.43323	-0.16628
-0.42996	-0.03061
-0.42740	0.65237
-0.42498	0.10740
-0.41812	-0.54131
-0.41234	-0.79283
-0.41102	-0.53353
-0.41080	0.53856
-0.41047	0.55073
-0.41040	-0.03345
-0.40660	-0.04876
-0.40617	0.45698
-0.40342	-0.45101
-0.40111	-0.01637
-0.39989	0.30131
-0.39906	-0.24280
-0.39880	0.53798
-0.39855	0.22262
-0.39851	-0.84961
-0.39363	0.14734
-0.39305	0.04983
-0.39101	-0.74154
-0.38868	0.44498
-0.38832	-0.31016
-0.38823	0.05119
-0.38772	0.19946
-0.38442	-0.12869
-0.38336	-0.89708
-0.37827	0.17772
-0.37759	-0.58897
-0.37378	0.05781
-0.37180	-0.15023
-0.36999	-0.37328
-0.36843	-0.13493
-0.36772	0.84869
-0.36359	-0.08387
-0.35821	0.41158
-0.35683	-0.35447
-0.35545	0.75584
-0.35486	-0.19692
-0.35094	0.84960
-0.34691	-0.56246
-0.34576	0.21941
-0.34535	0.49193
-0.34526	-0.00431
-0.34507	0.14680
-0.34252	-0.41955
-0.33723	0.55306
-0.33596	0.93510
-0.33260	0.35424
-0.33221	-0.06528
-0.33162	0.51040
-0.33059	-0.03034
-0.32697	0.63816
-0.32601	-0.35618
-0.32371	-0.60504
-0.32358	0.07639
-0.32316	-0.44496
-0.32302	0.28532
-0.32136	0.13354
-0.32125	0.60623
-0.31922	-0.19590
-0.31784	-0.11342
-0.31781	-0.21080
-0.31757	0.56870
-0.31427	-0.82075
-0.31171	0.19628
-0.31138	-0.71650
-0.31103	-0.38991
-0.30384	0.94448
-0.30346	-0.33664
-0.30344	-0.55535
-0.30025	0.49035
-0.29933	0.54018
-0.29927	0.57176
-0.29822	0.09241
-0.29793	0.78063
-0.29608	0.41946
-0.29543	0.02738
-0.28948	-0.20337
-0.28317	0.18365
-0.28151	0.16677
-0.28077	0.44265
-0.27955	0.35682
-0.27825	-0.26070
-0.27727	0.92060
-0.27212	-0.06076
-0.27106	0.78615
-0.26996	-0.03376
-0.26937	0.16598
-0.26724	0.25717
-0.26670	-0.79429
-0.26573	0.81142
-0.26563	-0.85089
-0.26141	-0.01637
-0.26059	0.26985
-0.25985	0.20381
-0.25891	-0.49159
-0.25633	0.17690
-0.25578	-0.11095
-0.25303	0.01625
-0.25251	-0.22568
-0.25098	-0.62185
-0.25018	0.51760
-0.24853	-0.17303
-0.24816	-0.34622
-0.24657	0.24466
-0.24315	-0.31188
-0.24056	0.84680
-0.23416	0.49447
-0.23385	-0.52602
-0.23050	0.22225
-0.22925	0.56205
-0.22884	0.13883
-0.22721	-0.02656
-0.22448	-0.69115
-0.22424	0.88502
-0.22376	-0.71146
-0.21920	-0.40107
-0.21743	-0.46512
-0.21403	0.72774
-0.20985	0.35930
-0.20981	-0.94366
-0.20795	-0.65287
-0.20520	-0.00022
-0.20314	-0.45641
-0.20225	-0.17032
-0.20148	-0.70490
-0.20058	-0.04908
-0.19778	-0.12610
-0.19448	0.30843
-0.19390	-0.63374
-0.19272	-0.53805
-0.18889	0.58339
-0.18874	-0.29424
-0.18838	0.17614
-0.18782	0.21057
-0.18728	-0.08238
-0.18725	-0.29492
-0.18545	-0.17988
-0.17935	-0.22031
-0.17816	-0.17803
-0.17812	-0.47985
-0.17626	0.20373
-0.17482	-0.44028
-0.17446	-0.83724
-0.17421	-0.46451
-0.17277	-0.77863
-0.17059	0.14166
-0.16774	0.35045
-0.16612	0.19793
-0.16379	-0.40572
-0.16316	0.45582
-0.16264	0.55132
-0.16254	-0.12725
-0.15927	0.27639
-0.15898	0.21554
-0.15685	0.08228
-0.15479	-0.13902
-0.15283	-0.59734
-0.15253	-0.63741
-0.15137	-0.00484
-0.15083	0.21134
-0.14989	-0.03654
-0.14988	-0.16896
-0.14797	0.42858
-0.14651	0.62493
-0.14608	0.53186
-0.14507	0.71184
-0.14480	-0.60538
-0.14221	0.07838
-0.14216	0.04628
-0.14183	-0.61280
-0.14000	-0.27006
-0.13913	0.08035
-0.13882	-0.97255
-0.13850	-0.07817
-0.13640	-0.16074
-0.13493	0.29888
-0.13417	-0.54094
-0.13280	-0.61273
-0.12902	0.29998
-0.12788	0.20286
-0.12720	-0.21057
-0.12704	-0.11752
-0.12675	0.05452
-0.12664	0.01627
-0.12544	-0.43775
-0.12538	0.44597
-0.12536	-0.46911
-0.12192	-0.22111
-0.11991	0.00602
-0.11951	0.28683
-0.11849	0.24270
-0.11841	0.00958
-0.11759	-0.01461
-0.11702	0.09390
-0.11678	0.00560
-0.11617	0.08839
-0.11318	0.13359
-0.11236	-0.01623
-0.10989	-0.03430
-0.10937	0.08713
-0.10931	0.77261
-0.10887	-0.22101
-0.10688	-0.07671
-0.10488	-0.03708
-0.10344	-0.00578
-0.10273	0.09431
-0.10258	0.06164
-0.09768	-0.26128
-0.09742	0.05729
-0.09570	0.05052
-0.09525	-0.10783
-0.09289	0.35657
-0.09197	-0.12527
-0.09064	0.20522
-0.08958	-0.00253
-0.08957	0.88595
-0.08840	0.78226
-0.08674	-0.83026
-0.08425	-0.04294
-0.08406	-0.34372
-0.08240	-0.04724
-0.08107	0.25114
-0.08047	0.28731
-0.07938	0.09100
-0.07922	0.05953
-0.07842	-0.07547
-0.07840	-0.05826
-0.07752	0.02078
-0.07696	-0.18223
-0.07651	0.02224
-0.07566	0.21887
-0.07323	0.94514
-0.06982	-0.86934
-0.06774	0.06191
-0.06622	0.08566
-0.06612	-0.07612
-0.06516	0.62189
-0.06470	0.51010
-0.06388	0.45530
-0.06288	-0.13865
-0.06274	0.04752
-0.06118	-0.13218
-0.06087	0.21488
-0.05952	0.02147
-0.05943	0.32079
-0.05900	-0.03600
-0.05818	-0.15155
-0.05814	-0.87522
-0.05687	-0.22722
-0.05681	0.05043
-0.05583	-0.03362
-0.05556	0.56271
-0.05332	-0.03049
-0.05284	0.22640
-0.05268	-0.01666
-0.05163	-0.10006
-0.05097	0.68412
-0.05019	-0.26439
-0.05007	0.06830
-0.04815	-0.08546
-0.04811	0.98642
-0.04795	0.46239
-0.04778	0.29993
-0.04735	0.84092
-0.04576	-0.04838
-0.04555	-0.01578
-0.04553	0.00887
-0.04546	-0.15319
-0.04440	0.10271
-0.04300	-0.71931
-0.04299	-0.27146
-0.04290	-0.51276
-0.04261	0.00438
-0.04226	0.41995
-0.04010	-0.33822
-0.04000	-0.93205
-0.03852	0.00606
-0.03775	0.03669
-0.03741	-0.59643
-0.03669	-0.03170
-0.03629	0.03375
-0.03624	-0.01684
-0.03608	0.13134
-0.03589	0.00772
-0.03533	0.14415
-0.03489	-0.45729
-0.03399	0.04694
-0.03323	0.08369
-0.03101	-0.07807
-0.02975	0.01944
-0.02949	-0.09919
-0.02750	0.01227
-0.02741	-0.34425
-0.02734	-0.03870
-0.02722	-0.14100
-0.02616	-0.20004
-0.02553	0.01729
-0.02525	-0.00351
-0.02403	0.01351
-0.02339	0.00746
-0.02338	-0.01860
-0.02204	0.01469
-0.01925	-0.12455
-0.01845	-0.02581
-0.01753	-0.21261
-0.01623	0.33784
-0.01498	0.56958
-0.01363	-0.09090
-0.01275	0.00281
-0.01241	0.01481
-0.01240	0.08491
-0.01173	-0.18308
-0.01150	0.11104
-0.01146	0.06633
-0.01140	0.34342
-0.01127	0.31241
-0.01078	0.11558
-0.00979	0.03701
-0.00967	-0.03342
-0.00939	0.09498
-0.00906	-0.30897
-0.00830	-0.17371
-0.00813	-0.02326
-0.00788	-0.23740
-0.00768	-0.08588
-0.00681	-0.00488
-0.00670	-0.01271
-0.00644	0.02509
-0.00566	-0.05763
-0.00512	-0.59167
-0.00459	0.00639
-0.00426	0.00138
-0.00349	-0.01120
-0.00280	0.12182
-0.00212	-0.12727
-0.00116	0.24668
-0.00059	-0.04271
-0.00042	0.00208
-0.00020	0.00154
-0.00009	0.30681
-0.00006	-0.87657
-0.00005	0.00008
0.00021	-0.34260
0.00051	0.23714
0.00061	0.05692
0.00134	-0.11175
0.00380	-0.19359
0.00401	0.05104
0.00531	-0.73416
0.00575	-0.10175
0.00626	-0.12271
0.00629	-0.92177
0.00633	-0.35405
0.00722	-0.00591
0.00758	-0.02101
0.00851	0.01388
0.00952	0.03262
0.00998	0.11119
0.01017	0.16797
0.01066	0.28782
0.01126	0.12723
0.01281	0.34536
0.01490	0.43721
0.01518	0.17379
0.01773	-0.03063
0.01910	-0.09046
0.01926	0.01616
0.01927	0.30702
0.01989	0.01511
0.02052	0.74007
0.02060	-0.05447
0.02136	0.29655
0.02182	-0.75021
0.02209	-0.23178
0.02351	0.16495
0.02442	0.00554
0.02498	0.87786
0.02568	-0.19684
0.02571	0.37344
0.02585	-0.00295
0.02723	0.27349
0.02734	0.07024
0.02749	0.18737
0.02806	0.06721
0.02882	-0.25085
0.02927	0.01240
0.02938	-0.01215
0.03001	0.53349
0.03066	-0.30452
0.03114	0.64132
0.03253	-0.21285
0.03272	-0.53036
0.03336	-0.27612
0.03354	-0.22514
0.03416	-0.64781
0.03493	0.09004
0.03578	0.86819
0.03627	-0.01640
0.03688	-0.00665
0.03741	-0.04980
0.03781	0.17604
0.03808	0.09405
0.03832	0.06241
0.03987	-0.07271
0.04111	-0.05846
0.04230	-0.13474
0.04245	0.34829
0.04356	0.19121
0.04548	-0.00550
0.04566	-0.60320
0.04576	-0.35458
0.04660	0.00014
0.04679	0.09298
0.04690	-0.04543
0.04829	0.03030
0.04863	0.01329
0.04973	-0.02045
0.05018	0.15844
0.05249	-0.03540
0.05296	0.52976
0.05512	0.05306
0.05912	0.82843
0.05963	-0.63088
0.06104	0.09580
0.06358	-0.90859
0.06371	-0.11283
0.06612	-0.04382
0.06636	0.25806
0.06695	0.07477
0.06989	-0.90733
0.07030	-0.60067
0.07159	0.03234
0.07218	0.91112
0.07258	-0.02292
0.07322	0.49235
0.07328	0.78092
0.07371	-0.48815
0.07940	0.42903
0.08053	0.48555
0.08130	-0.00453
0.08234	0.57569
0.08472	0.91079
0.08511	-0.71743
0.08597	-0.05570
0.08941	-0.02484
0.08943	-0.45352
0.08970	-0.21360
0.09129	0.56823
0.09345	-0.06721
0.09520	0.65270
0.09581	-0.07668
0.09661	0.13491
0.09743	0.00463
0.09964	0.58925
0.10061	-0.27436
0.10098	0.08087
0.10217	0.10397
0.10334	0.51923
0.10369	0.16071
0.10552	-0.07693
0.10702	0.39386
0.10812	-0.20288
0.10831	-0.07194
0.10878	-0.02843
0.10880	0.60319
0.10915	-0.47430
0.10933	-0.09852
0.11014	-0.79845
0.11040	-0.63761
0.11046	-0.02684
0.11071	0.32360
0.11699	0.29791
0.11803	-0.01219
0.11835	0.35114
0.11845	-0.35472
0.11863	-0.83723
0.11966	0.28373
0.12018	-0.16303
0.12153	0.24099
0.12166	0.84749
0.12222	-0.01761
0.12443	0.01106
0.12492	-0.04452
0.13036	0.28566
0.13040	0.49972
0.13099	0.29630
0.13334	-0.18617
0.13360	-0.73027
0.13391	0.19604
0.13411	0.40953
0.13477	-0.39638
0.13595	-0.81824
0.13737	-0.03181
0.13786	0.53694
0.13810	0.20105
0.13844	-0.09434
0.14408	0.04191
0.14660	0.62610
0.14799	-0.39505
0.15134	-0.14203
0.15216	0.08821
0.15363	0.72403
0.15390	0.00501
0.15825	-0.08599
0.15993	0.45285
0.16156	-0.02769
0.16223	-0.49761
0.16704	-0.09543
0.16707	-0.13739
0.16887	0.04525
0.17137	0.41843
0.17279	-0.27589
0.17290	-0.42001
0.17337	-0.18646
0.17668	-0.38513
0.17902	-0.04254
0.17930	0.68122
0.18000	0.12162
0.18113	0.34636
0.18404	0.03579
0.18407	0.25065
0.18630	-0.00397
0.18697	0.93787
0.19006	0.67818
0.19381	0.26174
0.19763	0.10183
0.19847	0.24408
0.19974	-0.01809
0.20135	-0.16088
0.20418	0.90817
0.20526	0.12312
0.20694	0.35395
0.20730	0.15772
0.20903	0.22433
0.21036	-0.84374
0.21102	-0.37085
0.21124	0.13983
0.21184	-0.21337
0.21398	-0.10526
0.21402	0.12096
0.21473	0.62872
0.21514	0.00213
0.21820	-0.08566
0.21894	0.01019
0.22032	-0.32325
0.22355	-0.41675
0.22472	0.05376
0.22739	0.07277
0.22969	0.12700
0.23184	0.13345
0.23285	-0.51159
0.23385	-0.71110
0.23448	-0.36269
0.23545	0.35882
0.23600	-0.13219
0.23621	-0.43922
0.23649	-0.32492
0.23751	0.11744
0.23837	-0.15980
0.23877	-0.14370
0.24121	-0.56907
0.24160	0.75525
0.24192	0.31284
0.24447	-0.05005
0.24632	-0.23197
0.24708	0.37801
0.24762	-0.13509
0.24790	-0.71804
0.24835	-0.48939
0.24861	-0.70652
0.24909	-0.01744
0.24954	0.12997
0.25069	0.10732
0.25235	0.14941
0.25670	0.86215
0.25867	0.71144
0.26022	-0.35147
0.26136	0.89676
0.26267	0.17938
0.26482	-0.80312
0.26577	-0.05947
0.26697	-0.05204
0.27173	0.88554
0.27201	0.90035
0.27234	0.16675
0.27596	-0.27453
0.27694	0.26817
0.27747	-0.09365
0.27881	-0.00905
0.27960	0.75030
0.28171	0.37887
0.28197	-0.10615
0.28239	0.27115
0.28504	0.89183
0.28899	-0.16773
0.29289	0.45574
0.29451	0.17533
0.29511	-0.10486
0.29607	0.15689
0.29775	0.33820
0.29862	0.30237
0.29875	0.62010
0.30124	0.46002
0.30256	-0.10594
0.30280	-0.73124
0.30346	-0.16496
0.30380	0.82901
0.30741	-0.10142
0.30802	0.00441
0.30823	0.17231
0.31164	-0.00157
0.31353	-0.07351
0.31383	0.18063
0.32084	0.26979
0.32114	-0.25553
0.32116	-0.35925
0.32171	0.03760
0.32371	0.29724
0.32539	0.85442
0.32639	0.04044
0.32954	0.57726
0.33904	-0.89979
0.34039	0.11107
0.34070	-0.58817
0.34127	0.29239
0.34233	0.56556
0.34269	-0.18665
0.34285	0.13281
0.34302	-0.88563
0.34343	0.51921
0.34436	0.05036
0.34543	0.00795
0.34778	-0.11061
0.34853	-0.05265
0.34920	-0.38537
0.35200	-0.44095
0.35308	-0.37167
0.35824	0.90272
0.35909	0.78917
0.36073	-0.13996
0.36196	0.15469
0.36278	-0.09224
0.36317	0.45696
0.36341	0.45347
0.36421	-0.56259
0.36484	0.19546
0.36508	0.89792
0.36615	-0.45323
0.36653	-0.77733
0.36726	0.45521
0.37482	-0.09093
0.37835	0.76373
0.38094	0.14764
0.38238	-0.47856
0.38559	-0.01908
0.38594	0.58771
0.38630	-0.00668
0.38754	-0.31958
0.39006	0.13565
0.39103	0.26414
0.39134	-0.07033
0.39150	0.09996
0.39327	0.06594
0.39468	0.80921
0.39726	-0.68982
0.39942	0.73906
0.40276	-0.11196
0.40420	-0.83436
0.41004	0.59084
0.41299	0.00958
0.41304	-0.86385
0.41823	-0.60102
0.41900	0.12404
0.41984	0.43587
0.42048	0.32837
0.42131	-0.15654
0.42241	-0.14516
0.42853	0.41958
0.42865	-0.12882
0.43059	0.05489
0.43060	-0.06557
0.43128	-0.84255
0.43369	-0.72779
0.43999	0.12893
0.44359	0.22807
0.44498	-0.55869
0.44710	0.77726
0.44713	0.56221
0.45281	0.34199
0.45820	-0.27902
0.46198	-0.53137
0.46445	-0.07867
0.46625	-0.84126
0.46825	-0.06606
0.46900	0.10135
0.46958	0.12182
0.46993	-0.32560
0.47033	0.44784
0.47331	0.06746
0.47724	0.68794
0.48130	-0.25114
0.49459	-0.11188
0.49557	0.62384
0.49938	0.51092
0.50208	0.46100
0.50253	-0.25241
0.51056	0.30149
0.51238	-0.69877
0.51411	0.32859
0.51437	0.64024
0.51857	0.05009
0.52099	0.14580
0.52526	0.06831
0.52598	-0.36205
0.52756	-0.01128
0.53323	-0.23967
0.53420	-0.41699
0.53435	0.38108
0.53488	-0.46712
0.53778	0.69022
0.54047	0.72457
0.54813	-0.20873
0.55018	-0.58333
0.55093	0.54123
0.55371	-0.20189
0.55402	0.04982
0.55473	-0.31331
0.55564	0.35502
0.55746	-0.55699
0.55782	0.73357
0.55990	0.60232
0.56189	-0.45512
0.56812	0.16369
0.56857	-0.30674
0.57359	0.64017
0.57636	-0.13822
0.58030	0.00427
0.58323	0.47140
0.58333	-0.66485
0.58380	-0.53045
0.58467	0.02090
0.58667	0.69568
0.58740	-0.04001
0.58839	-0.57992
0.59038	0.78536
0.59311	0.03688
0.59377	0.51874
0.59394	0.36209
0.59759	-0.09329
0.59838	-0.29885
0.59850	-0.49601
0.59970	-0.79883
0.60368	0.72671
0.60640	0.32253
0.60695	-0.12930
0.61020	-0.33727
0.61181	-0.73656
0.61327	-0.71307
0.61399	0.13129
0.61417	0.10445
0.61455	-0.20323
0.61520	-0.42438
0.61641	-0.29876
0.61673	0.70626
0.62014	0.31977
0.62128	0.02301
0.62509	0.21260
0.62520	-0.66761
0.62938	0.21245
0.62971	0.58154
0.63024	0.30357
0.63057	0.77049
0.63142	-0.50488
0.63507	-0.05196
0.63604	0.55052
0.63687	-0.07341
0.63768	0.76906
0.64688	-0.16006
0.66056	0.70608
0.66304	0.28315
0.66684	-0.70709
0.67244	0.21856
0.67408	0.22827
0.67596	0.02343
0.67782	-0.71473
0.67908	-0.57323
0.68315	-0.06269
0.68436	0.58886
0.68554	-0.68856
0.68611	0.61973
0.68915	0.57573
0.69305	0.66402
0.69932	0.37292
0.70460	-0.57637
0.71304	-0.19990
0.71524	-0.56596
0.71615	-0.14828
0.71989	-0.36399
0.72313	0.06226
0.72400	0.25098
0.72833	0.08180
0.73207	-0.31118
0.73994	0.49833
0.74067	0.59038
0.74504	0.01264
0.75195	-0.53733
0.75656	-0.27848
0.77390	0.37596
0.78117	0.47834
0.78904	0.52796
0.78908	-0.60920
0.79615	-0.53123
0.80480	0.05167
0.80630	0.34688
0.80856	-0.09605
0.81541	-0.25430
0.82393	-0.38876
0.82444	-0.14816
0.83237	-0.16657
0.83569	0.02034
0.84439	0.12199
0.84685	-0.07974
0.84760	0.25580
0.84919	-0.16652
0.85324	0.00841
0.85601	0.08460
0.85673	-0.00925
0.85693	-0.49740
0.85799	-0.17794
0.86427	0.31068
0.86544	0.32732
0.87065	0.06981
0.88073	0.36181
0.88078	0.42581
0.89352	0.04704
0.89813	-0.15729
0.90065	-0.28392
0.90293	0.16963
0.90859	-0.14452
0.91096	0.21713
0.91258	-0.03708
0.91845	0.27289
0.91853	0.02178
0.93479	-0.10726
0.94148	0.33179
0.96072	-0.26132
0.96767	0.02147
0.99206	-0.06733
