Sample size N: 1000
-0.99235	-0.01943
-0.97147	-0.06073
-0.96203	0.19430
-0.94525	0.18140
-0.94365	-0.22129
-0.93874	0.31657
-0.91870	-0.34841
-0.91830	0.28941
-0.91820	0.23270
-0.90508	0.14709
-0.89858	0.08877
-0.89634	0.22745
-0.89608	-0.28312
-0.89316	-0.12876
-0.89017	0.08790
-0.88552	0.26161
-0.86880	0.08823
-0.86712	-0.02762
-0.86614	-0.03739
-0.86061	0.16593
-0.85760	-0.47687
-0.82507	0.48369
-0.82302	-0.03167
-0.80828	0.55439
-0.80764	-0.47632
-0.80760	-0.49209
-0.80627	0.23645
-0.80549	-0.40645
-0.79891	0.25997
-0.79381	0.23019
-0.79303	0.23250
-0.79279	0.12279
-0.78632	-0.17112
-0.77912	0.44126
-0.77514	0.10085
-0.77198	0.03968
-0.77111	-0.15802
-0.77089	0.58397
-0.76716	0.25878
-0.76692	0.01680
-0.76548	-0.43925
-0.76356	0.32947
-0.75341	0.23197
-0.75250	0.22608
-0.75183	-0.34504
-0.75109	0.37087
-0.75057	-0.16293
-0.75051	-0.19055
-0.74911	0.57293
-0.74741	0.37212
-0.74592	-0.18433
-0.74173	0.14454
-0.72900	0.36322
-0.72888	0.02122
-0.72825	-0.33591
-0.71861	-0.63517
-0.71104	-0.08132
-0.70578	-0.21869
-0.70494	0.29961
-0.70296	-0.36063
-0.70212	0.52044
-0.70133	-0.37659
-0.70106	-0.18731
-0.69486	-0.42085
-0.69456	-0.47521
-0.69269	-0.36968
-0.69082	0.10802
-0.68831	-0.32208
-0.68374	-0.19372
-0.68350	-0.61946
-0.68275	-0.19576
-0.68235	0.32883
-0.67956	-0.04868
-0.67858	0.69532
-0.67425	-0.66281
-0.67194	-0.26350
-0.67081	0.63020
-0.66748	-0.53120
-0.66155	0.48308
-0.65686	-0.17632
-0.65672	-0.70170
-0.65624	-0.22469
-0.65506	-0.34748
-0.65460	-0.65124
-0.65414	-0.45055
-0.65280	0.55681
-0.65074	-0.32689
-0.64869	-0.38784
-0.64740	0.41244
-0.64467	-0.13136
-0.63939	0.02727
-0.63882	0.60914
-0.63621	0.30774
-0.63314	0.15784
-0.62489	0.09046
-0.62378	-0.56663
-0.62036	-0.31110
-0.60858	-0.10488
-0.60805	-0.34295
-0.60411	0.19660
-0.60400	0.78648
-0.60280	-0.03443
-0.60236	0.58295
-0.60034	0.45949
-0.60021	0.22799
-0.59379	-0.67980
-0.59307	-0.09731
-0.59134	-0.27634
-0.58902	0.38291
-0.58759	-0.41854
-0.58546	0.12418
-0.58216	0.40372
-0.58173	0.14028
-0.58151	-0.37741
-0.57869	-0.07210
-0.57027	0.40182
-0.56424	-0.35570
-0.56269	-0.77413
-0.56243	0.57916
-0.56151	0.40780
-0.55654	0.34293
-0.54037	-0.02715
-0.54019	0.15833
-0.53712	0.83737
-0.53588	0.43523
-0.52909	0.61482
-0.52601	0.82620
-0.51755	0.06582
-0.51719	-0.85211
-0.51438	0.00391
-0.51152	-0.62936
-0.51093	0.22722
-0.50305	-0.72484
-0.50025	-0.16119
-0.50018	-0.15560
-0.49995	0.73046
-0.49919	0.05905
-0.49392	0.23934
-0.49168	-0.29028
-0.49095	-0.30665
-0.49000	-0.60744
-0.48749	0.26446
-0.48695	-0.46615
-0.48670	-0.46244
-0.48640	-0.14480
-0.48453	-0.17360
-0.48401	0.81880
-0.47964	0.69889
-0.47835	-0.35024
-0.47671	-0.74770
-0.47087	0.83268
-0.47061	0.06910
-0.46900	0.82904
-0.46720	-0.57493
-0.46622	0.55100
-0.46137	0.54732
-0.45933	-0.33560
-0.45901	-0.58830
-0.45183	0.15132
-0.44829	-0.47023
-0.44152	-0.26470
-0.44105	0.77778
-0.43045	-0.20944
-0.42979	-0.64229
-0.42911	0.64989
-0.42874	-0.19679
-0.42858	0.88217
-0.42202	-0.60707
-0.42125	0.52363
-0.42013	0.66155
-0.41957	0.16401
-0.41716	0.77895
-0.41361	0.31622
-0.41197	0.45393
-0.41196	0.21008
-0.41160	0.44599
-0.40979	0.06403
-0.40892	-0.46530
-0.40512	-0.31587
-0.40501	-0.14686
-0.40499	0.25844
-0.40077	0.52814
-0.39587	0.68131
-0.39209	-0.05758
-0.38760	-0.83195
-0.38070	-0.70607
-0.37875	-0.25841
-0.37533	-0.18426
-0.37531	0.24578
-0.37438	0.35095
-0.37057	0.35196
-0.36940	0.43856
-0.36546	-0.26062
-0.36446	-0.29453
-0.36383	0.69717
-0.36296	0.14017
-0.36131	-0.54451
-0.35766	-0.04975
-0.35676	0.26860
-0.35573	-0.75620
-0.35509	-0.59736
-0.35401	-0.37094
-0.35288	0.00288
-0.34848	-0.31943
-0.34715	0.85136
-0.34701	-0.20242
-0.34622	-0.16025
-0.34479	0.21227
-0.34401	0.34648
-0.34395	0.25364
-0.34292	0.60375
-0.34096	-0.07553
-0.33747	0.50567
-0.33559	0.35542
-0.33461	-0.86258
-0.33456	-0.46027
-0.33431	0.34657
-0.33410	0.37832
-0.32976	0.32142
-0.32633	0.06138
-0.32412	-0.00223
-0.32295	0.87680
-0.32254	0.91864
-0.31728	0.69412
-0.31666	0.58109
-0.31646	-0.19313
-0.31582	0.40490
-0.30916	0.66300
-0.30524	-0.57236
-0.30403	0.37935
-0.30197	0.19776
-0.30017	0.02788
-0.29797	-0.60855
-0.29363	0.04094
-0.29235	0.26652
-0.29177	-0.67585
-0.29131	0.67167
-0.29095	-0.31129
-0.29048	0.78425
-0.28363	0.23988
-0.28312	-0.13995
-0.27880	-0.01996
-0.27812	0.41482
-0.27605	-0.23302
-0.27434	0.37071
-0.27098	0.24030
-0.26650	-0.64450
-0.26357	0.61421
-0.26213	-0.09266
-0.26132	0.27765
-0.26090	-0.61199
-0.25977	0.96193
-0.25553	0.16204
-0.25141	0.34984
-0.25088	-0.34962
-0.25068	0.08470
-0.25009	0.71198
-0.24957	-0.36892
-0.24916	-0.69750
-0.24670	-0.01839
-0.24447	-0.89663
-0.24386	0.20160
-0.23895	0.23582
-0.23715	0.13041
-0.23675	0.44194
-0.23568	0.39765
-0.23532	-0.18539
-0.22722	-0.34107
-0.22464	0.72386
-0.22340	-0.41819
-0.22155	0.16451
-0.22151	0.45325
-0.21906	-0.54298
-0.21802	-0.56333
-0.21736	0.61169
-0.21579	0.21517
-0.21570	-0.00812
-0.21544	0.41031
-0.21434	0.19640
-0.21378	0.07435
-0.21211	-0.22883
-0.21077	-0.58283
-0.21053	0.66792
-0.21013	0.38821
-0.20958	-0.55629
-0.20739	0.54062
-0.20672	0.28836
-0.20618	0.95125
-0.20034	-0.36718
-0.19984	0.08861
-0.19775	0.91864
-0.19532	0.44204
-0.19518	-0.38172
-0.19459	0.14993
-0.19457	0.29649
-0.19379	0.03324
-0.19277	-0.04166
-0.19049	0.02611
-0.18882	0.05480
-0.18696	-0.12926
-0.18640	-0.07738
-0.18634	0.17793
-0.18595	-0.16990
-0.18357	-0.74088
-0.18226	-0.22178
-0.18069	0.43855
-0.17870	0.03637
-0.17748	-0.36112
-0.17697	-0.06156
-0.17619	-0.14067
-0.17349	0.13381
-0.17237	-0.22683
-0.16803	-0.24323
-0.16797	-0.27847
-0.16750	0.03871
-0.16627	0.01576
-0.16341	0.33039
-0.16245	0.34008
-0.16199	-0.18316
-0.16044	-0.25242
-0.15874	0.36459
-0.15851	0.28056
-0.15665	-0.10521
-0.15587	0.49569
-0.15568	-0.28343
-0.15219	0.16021
-0.14760	-0.21100
-0.14745	0.05606
-0.14634	-0.93864
-0.14409	-0.91789
-0.14407	0.85047
-0.14296	0.01174
-0.14228	-0.20476
-0.14164	-0.15474
-0.14088	0.74664
-0.14053	0.49898
-0.14050	0.63016
-0.13953	0.98774
-0.13946	-0.29382
-0.13945	0.57111
-0.13716	-0.23056
-0.13621	0.02700
-0.13576	-0.02435
-0.13417	-0.38494
-0.13401	-0.91903
-0.13290	0.24001
-0.13249	-0.10808
-0.13225	0.06656
-0.12917	-0.01571
-0.12776	-0.75098
-0.12740	0.05743
-0.12732	-0.05768
-0.12339	0.05750
-0.11912	-0.11957
-0.11875	-0.88981
-0.11861	0.60435
-0.11857	-0.23107
-0.11830	-0.50854
-0.11649	-0.14409
-0.11540	-0.12272
-0.11539	0.37353
-0.11455	0.04674
-0.11455	0.44913
-0.11364	0.03420
-0.11212	-0.14349
-0.11145	0.13672
-0.10894	0.04424
-0.10528	0.91863
-0.10512	-0.21277
-0.10461	0.63606
-0.10414	-0.14121
-0.10365	0.11241
-0.10215	0.11576
-0.10152	-0.81869
-0.10043	-0.15249
-0.09863	-0.76026
-0.09836	-0.49667
-0.09604	-0.30779
-0.09600	-0.15106
-0.09571	0.57230
-0.09448	-0.08127
-0.09391	0.25109
-0.09131	-0.21234
-0.08877	0.01086
-0.08764	0.01931
-0.08541	0.25560
-0.08487	0.00952
-0.08426	0.23160
-0.08423	0.03716
-0.08392	0.16709
-0.08271	0.05057
-0.08257	-0.54353
-0.08247	0.30445
-0.08027	0.03590
-0.07923	-0.48970
-0.07791	0.00209
-0.07753	0.82603
-0.07731	0.08441
-0.07678	0.30852
-0.07603	-0.43854
-0.07416	-0.23193
-0.07402	0.46984
-0.07385	-0.00865
-0.07333	-0.22898
-0.07230	0.11019
-0.07157	-0.34444
-0.06900	0.06875
-0.06835	-0.00401
-0.06676	0.18400
-0.06518	0.33239
-0.06362	-0.04382
-0.06071	0.02512
-0.06035	0.02855
-0.05635	-0.00634
-0.05578	-0.55400
-0.05533	0.96818
-0.05442	0.73140
-0.05153	0.11299
-0.05020	-0.46498
-0.05012	-0.04367
-0.04990	-0.53093
-0.04964	-0.32038
-0.04828	0.11855
-0.04542	-0.03101
-0.04491	0.20794
-0.04178	0.01995
-0.04111	-0.45572
-0.04093	-0.30166
-0.03876	-0.02987
-0.03808	-0.00438
-0.03581	-0.21291
-0.03515	-0.03735
-0.03509	0.06838
-0.03424	-0.04089
-0.03373	-0.19116
-0.03339	-0.08105
-0.03319	-0.10094
-0.03271	-0.31543
-0.02976	0.67608
-0.02930	0.48670
-0.02845	-0.17086
-0.02616	0.10021
-0.02508	-0.07362
-0.02469	-0.80031
-0.02398	0.55540
-0.02374	-0.01782
-0.02335	0.04815
-0.02279	0.65431
-0.02263	0.23934
-0.02131	0.02775
-0.02057	-0.42191
-0.02048	0.02695
-0.01909	0.73401
-0.01867	-0.02694
-0.01815	-0.00501
-0.01753	0.02733
-0.01595	0.07027
-0.01525	-0.01740
-0.01441	0.01069
-0.01423	0.06174
-0.01344	0.02649
-0.01222	-0.02903
-0.01199	0.12011
-0.01108	-0.00635
-0.00974	-0.01906
-0.00967	-0.74483
-0.00932	0.98099
-0.00919	0.01151
-0.00918	0.42269
-0.00848	-0.01687
-0.00812	-0.35623
-0.00804	0.02763
-0.00657	0.27178
-0.00581	-0.02154
-0.00567	0.04828
-0.00489	-0.00018
-0.00462	0.07589
-0.00443	0.01229
-0.00424	-0.11152
-0.00387	0.00005
-0.00349	-0.02406
-0.00343	0.02486
-0.00285	-0.22594
-0.00251	0.00634
-0.00150	-0.00382
-0.00140	-0.19573
-0.00128	-0.06169
-0.00095	0.01482
-0.00028	0.10056
-0.00017	-0.05782
-0.00012	-0.39295
0.00017	0.00021
0.00038	-0.04106
0.00056	0.06123
0.00067	-0.97997
0.00141	-0.00240
0.00167	-0.02466
0.00255	-0.00222
0.00301	-0.02353
0.00318	-0.19548
0.00341	0.02893
0.00345	0.31614
0.00352	-0.00966
0.00383	-0.02250
0.00400	0.73311
0.00444	0.03461
0.00575	-0.00688
0.00630	-0.14385
0.00637	0.02697
0.00729	-0.62926
0.00811	0.04605
0.00833	-0.04440
0.00954	0.00955
0.00977	0.78328
0.01013	-0.03106
0.01048	-0.00363
0.01069	-0.76738
0.01082	0.34576
0.01181	-0.21689
0.01202	-0.22353
0.01229	0.07582
0.01313	-0.04037
0.01376	-0.32299
0.01412	-0.01587
0.01413	0.09592
0.01468	0.30802
0.01515	0.00096
0.01541	0.55204
0.01612	0.18546
0.01708	0.22049
0.01770	-0.03682
0.01796	-0.38530
0.01867	-0.16732
0.01884	0.61544
0.02091	-0.13636
0.02160	0.66852
0.02285	0.51718
0.02293	0.24990
0.02340	0.02751
0.02382	0.03115
0.02398	-0.06174
0.02421	0.58763
0.02493	-0.11242
0.02505	-0.08040
0.02571	0.86947
0.02746	0.03704
0.02887	0.03927
0.02933	0.03385
0.03146	-0.58172
0.03151	-0.56161
0.03156	0.02484
0.03222	0.07428
0.03241	-0.04553
0.03319	-0.90352
0.03348	0.01401
0.03556	0.70797
0.03694	-0.10334
0.03719	0.93697
0.03808	-0.03337
0.03918	-0.20207
0.04057	-0.04160
0.04102	0.03411
0.04112	-0.35279
0.04127	0.04873
0.04202	-0.20722
0.04291	0.04173
0.04300	-0.12766
0.04377	-0.81558
0.04502	-0.25116
0.04655	0.88684
0.04670	-0.36056
0.04935	0.89798
0.05037	-0.20062
0.05076	0.79544
0.05123	-0.17552
0.05133	-0.51227
0.05148	0.14767
0.05209	0.03831
0.05268	0.57170
0.05342	0.23175
0.05385	0.33711
0.05446	-0.72711
0.05482	-0.01595
0.05514	0.42754
0.05792	0.91175
0.05803	-0.39058
0.05806	-0.13357
0.05814	0.03584
0.05946	0.09342
0.05961	0.35966
0.05995	-0.16104
0.06069	-0.95104
0.06086	0.45624
0.06171	-0.15355
0.06178	0.05802
0.06296	0.04070
0.06298	0.07666
0.06389	-0.03228
0.06579	0.27538
0.06597	-0.33244
0.06833	0.12936
0.06941	0.06685
0.06947	-0.17811
0.06993	-0.28726
0.07128	0.17610
0.07136	0.04934
0.07170	-0.25534
0.07247	-0.05633
0.07405	0.01556
0.07636	0.07822
0.07716	0.23155
0.07717	-0.66862
0.07771	-0.72171
0.07869	0.10212
0.08087	0.13729
0.08099	0.28479
0.08241	0.06286
0.08309	0.35858
0.08424	-0.01416
0.08679	0.10590
0.08818	-0.07466
0.08983	-0.07891
0.08998	-0.07780
0.09062	-0.38566
0.09083	-0.55420
0.09334	0.01205
0.09422	-0.10699
0.09453	0.14478
0.09530	0.04824
0.09649	0.45966
0.09663	-0.03549
0.09813	-0.78209
0.09856	0.05779
0.09864	0.74519
0.09974	-0.00213
0.10030	0.24055
0.10036	-0.55876
0.10114	-0.41517
0.10220	0.25816
0.10247	0.27253
0.10297	-0.09239
0.10309	-0.29811
0.10417	-0.28259
0.10491	-0.21364
0.10626	-0.38680
0.10732	-0.03519
0.10754	0.07679
0.10860	0.98833
0.10944	-0.00542
0.11062	-0.30585
0.11119	0.10997
0.11233	-0.06743
0.11266	0.52812
0.11485	-0.41992
0.11758	-0.08700
0.11787	-0.22905
0.11966	0.20521
0.12002	0.64565
0.12125	0.17284
0.12179	-0.10459
0.12194	-0.24769
0.12336	-0.39026
0.12358	-0.14099
0.12358	-0.46483
0.12484	0.13229
0.12559	-0.10544
0.12596	-0.01916
0.12649	0.20939
0.12699	0.68290
0.12902	-0.04984
0.12957	0.87669
0.12973	0.31174
0.13066	-0.65626
0.13079	0.15216
0.13146	0.04310
0.13214	0.09794
0.13247	0.15028
0.13263	-0.11259
0.13359	-0.08993
0.13382	0.40258
0.13401	-0.51297
0.13658	-0.04017
0.13831	0.21151
0.13975	0.30205
0.14121	-0.06373
0.14252	0.31189
0.14267	0.37787
0.14343	0.22053
0.14435	0.08917
0.14520	-0.21011
0.14586	-0.68538
0.14651	0.23653
0.14670	-0.81866
0.14759	0.61548
0.14813	-0.37019
0.14921	0.56407
0.15110	-0.79511
0.15238	0.47876
0.15246	-0.57177
0.15306	-0.41565
0.15542	0.19994
0.15561	-0.86225
0.15711	-0.49840
0.15727	0.89213
0.15762	0.37257
0.16270	0.09431
0.16325	0.11185
0.16387	0.02801
0.16480	0.34943
0.16595	0.24475
0.16644	-0.07173
0.16825	-0.15590
0.16886	0.54472
0.17031	0.01687
0.17252	-0.44208
0.17256	-0.84510
0.17330	0.09531
0.17346	-0.25640
0.17359	-0.06791
0.17432	0.19996
0.17494	0.67729
0.17592	-0.25236
0.17619	-0.43029
0.18051	0.26634
0.18121	0.73763
0.18458	-0.44353
0.18535	-0.13663
0.18543	-0.48182
0.18916	-0.61679
0.19217	-0.30273
0.19379	-0.32990
0.19614	0.35349
0.19648	0.63826
0.19704	-0.27890
0.19801	-0.27995
0.19952	-0.02707
0.20087	0.96753
0.20538	0.60086
0.20634	0.34277
0.20674	-0.59495
0.20851	0.87053
0.20886	-0.07408
0.21373	0.34053
0.21391	-0.14765
0.21536	-0.68780
0.21859	0.06365
0.22202	-0.75074
0.22296	0.64729
0.22815	-0.07169
0.23022	-0.58984
0.23121	0.15137
0.23140	0.74547
0.23331	-0.53657
0.23362	0.12722
0.23509	-0.00158
0.23555	-0.45696
0.23798	0.70438
0.23950	0.11509
0.23959	0.39395
0.24126	-0.25348
0.24145	-0.65534
0.24349	0.28942
0.24350	0.20117
0.24584	0.06322
0.24644	0.66556
0.24738	-0.78889
0.24796	0.28206
0.25489	0.75642
0.25518	-0.85165
0.25707	0.76996
0.25762	-0.38602
0.25811	-0.32673
0.26062	-0.03002
0.26134	-0.33767
0.26220	0.38620
0.26528	0.17207
0.26672	-0.69629
0.26729	0.24875
0.26731	-0.07934
0.26791	-0.54501
0.26854	-0.85014
0.26920	0.28620
0.26946	0.32724
0.27056	-0.23389
0.27172	0.26379
0.27392	-0.93294
0.27489	-0.87085
0.27601	-0.57728
0.27679	-0.58850
0.27732	-0.00444
0.28174	0.11925
0.28475	-0.06490
0.28486	-0.23177
0.28570	-0.25341
0.28613	-0.19888
0.28918	-0.07609
0.29712	-0.26578
0.29829	0.43316
0.29900	-0.92402
0.30144	0.55408
0.30189	0.71792
0.30355	-0.23153
0.30555	0.65541
0.30709	0.84095
0.30901	-0.53651
0.30970	-0.58074
0.31297	0.40396
0.31374	0.14382
0.31811	0.35065
0.32015	-0.10414
0.32062	-0.44106
0.32270	-0.14096
0.32375	0.14030
0.32377	-0.44519
0.32469	-0.02729
0.32769	0.46041
0.33193	0.30000
0.33327	-0.31114
0.33876	0.69092
0.34023	0.93424
0.34546	-0.14863
0.34591	0.16938
0.34935	0.22418
0.35148	0.34219
0.35184	-0.61938
0.35188	-0.26625
0.35775	-0.31247
0.35855	-0.91420
0.35975	-0.21729
0.36411	0.39676
0.36485	-0.61992
0.36593	-0.66840
0.36654	-0.52367
0.36853	0.66001
0.37187	-0.11508
0.37250	-0.88437
0.37435	-0.06275
0.37529	0.14722
0.37718	-0.30515
0.38141	-0.79809
0.38663	-0.53386
0.38786	0.70004
0.39116	-0.22361
0.39223	0.31162
0.39589	-0.22998
0.40499	0.72551
0.40598	-0.64025
0.40798	-0.21941
0.40865	0.64115
0.40921	0.10089
0.41257	-0.79552
0.41374	-0.62932
0.41620	0.42415
0.41828	0.47374
0.41974	0.24942
0.42420	0.86555
0.42520	0.62094
0.42975	-0.52397
0.43160	0.52426
0.43394	-0.48840
0.43513	-0.59643
0.43609	-0.03649
0.43908	-0.01404
0.44015	-0.26080
0.44131	-0.27877
0.44333	-0.71184
0.44388	0.08345
0.44634	-0.35733
0.45202	-0.14681
0.45233	0.22929
0.45376	0.58333
0.45508	0.42473
0.45802	-0.39807
0.46589	-0.19160
0.46686	-0.83800
0.46773	-0.01557
0.46789	0.10496
0.46945	-0.40987
0.46989	0.06685
0.47548	-0.54646
0.47551	0.43614
0.48061	0.18352
0.48584	-0.30120
0.48628	-0.87299
0.48780	-0.64250
0.48819	-0.55394
0.49335	-0.46707
0.49384	0.32574
0.49465	-0.27147
0.50024	-0.50918
0.50037	0.80735
0.50068	0.10540
0.50185	-0.23957
0.50709	0.54406
0.50949	0.44287
0.50959	0.69145
0.51039	0.78077
0.51096	-0.00918
0.51859	-0.32109
0.52073	0.36024
0.52271	0.05872
0.52356	-0.67617
0.52704	-0.04634
0.53497	0.63210
0.55037	0.01140
0.55274	0.43643
0.55567	0.49672
0.55743	-0.69669
0.55980	0.27360
0.56128	0.44461
0.56171	0.23180
0.57450	-0.59655
0.57663	0.75499
0.58033	0.53509
0.58294	0.05222
0.58566	-0.45341
0.58605	0.26457
0.58845	0.55780
0.59464	0.30472
0.59630	-0.80157
0.59981	0.54284
0.60152	-0.70312
0.60516	-0.69132
0.60708	0.21112
0.61129	0.46093
0.62573	-0.30407
0.62581	0.74982
0.63039	0.56525
0.63161	-0.05672
0.64439	0.14195
0.64560	0.31455
0.64850	-0.15156
0.65117	0.32913
0.65256	-0.63856
0.65460	0.32115
0.65604	-0.26204
0.65718	-0.33747
0.66063	-0.18514
0.66308	-0.48947
0.66569	-0.32151
0.67358	-0.20090
0.67509	0.27921
0.67765	0.09767
0.67797	-0.26587
0.68561	0.53075
0.68819	0.21982
0.68845	0.64442
0.69035	-0.17877
0.69507	0.66194
0.69644	-0.04822
0.70114	0.25637
0.70548	-0.60130
0.70702	-0.54142
0.70974	0.19957
0.71249	0.16755
0.71537	0.56310
0.72185	-0.10760
0.74209	0.01120
0.74216	0.03614
0.74374	0.00605
0.74468	-0.62861
0.74564	0.05174
0.74723	-0.34259
0.74774	-0.04583
0.75041	-0.58965
0.75076	0.49147
0.75213	-0.21225
0.75254	0.06896
0.76316	0.02266
0.76623	0.50151
0.78296	0.47050
0.78401	-0.61440
0.78456	-0.56933
0.79083	0.49081
0.80177	0.54163
0.80263	-0.46403
0.80332	-0.39547
0.80691	0.02910
0.81548	0.38849
0.81742	-0.22522
0.81985	0.06283
0.82985	0.04733
0.83629	0.37138
0.83795	-0.53771
0.86693	0.38854
0.87182	0.30739
0.87902	0.26678
0.88256	-0.38659
0.88510	-0.44975
0.90368	0.11113
0.91013	-0.20596
0.91131	0.26550
0.91558	-0.28262
0.92004	-0.15557
0.92069	-0.25306
0.95327	0.22200
0.95525	-0.26132
0.95546	-0.24970
0.96106	0.26189
0.97948	0.15715
