Sample size N: 500
73.57496
89.03027
30.59605
78.96886
92.10966
57.34469
48.85271
69.78758
31.34928
42.38111
29.96540
51.97866
3.14620
6.49135
19.18186
30.12762
83.62650
76.60864
67.77996
80.04290
72.86295
63.32641
58.16611
5.09033
7.24154
91.38379
69.97002
59.28654
9.00806
35.70313
84.71327
99.67164
37.51383
36.71680
64.92474
93.12064
29.22549
11.14763
61.56006
91.81796
93.13236
58.73440
30.24116
30.70754
52.23452
15.25174
70.25594
76.49258
92.02977
50.95510
87.29854
85.31725
27.68061
74.93472
55.66275
38.39698
27.28988
55.06102
87.24633
92.08853
58.34184
96.39060
18.71104
83.06813
74.85794
44.40356
60.36176
67.59692
7.82827
80.33107
20.34418
88.73797
0.22200
39.35265
59.41633
23.00424
15.41179
67.42122
50.31123
70.88120
44.94214
91.43102
55.42937
30.31829
77.53422
91.20472
8.43579
16.82099
99.76762
54.75857
73.21950
13.55302
6.28777
59.07885
58.88003
84.31957
8.67584
46.80086
38.30327
90.53693
90.24432
36.73668
93.03437
55.80053
19.25851
40.71303
56.68721
37.02929
28.37629
28.38983
85.77426
88.40370
37.96444
16.85065
74.55286
88.15798
61.35062
10.46471
31.43697
1.93334
11.68339
60.13587
50.83299
8.36074
59.23014
54.03441
38.57317
34.35012
89.72482
11.41465
72.83704
37.66390
50.43100
52.83761
91.08891
18.95645
36.88193
99.43947
37.88853
77.45014
62.06617
62.79282
21.92680
68.03208
87.01247
49.59221
26.97541
0.66163
4.25826
83.11285
42.28043
65.14177
14.24141
28.31104
57.05985
75.57424
15.03622
51.92332
63.03910
61.09213
71.38603
79.60381
46.77899
29.27264
38.78583
94.66048
22.92229
73.93504
24.55511
26.20801
93.67267
76.23294
35.91676
35.85709
0.68361
1.82633
67.52904
48.77138
35.73217
78.28554
50.30949
82.35188
9.49857
28.00167
54.72838
75.92945
27.34643
66.90413
7.86150
67.07073
15.09800
86.75821
36.65856
54.36810
38.15571
76.20578
15.85444
16.61029
65.73833
75.46442
22.10047
59.17669
20.82101
21.23721
5.85742
35.08640
6.76653
18.90273
90.76731
46.00768
58.75701
3.57754
90.98711
57.58102
17.73045
67.55054
37.05678
41.48003
71.64546
9.95408
3.94959
95.18635
46.83414
80.79300
0.70135
41.02130
35.69224
3.84645
88.07108
38.54728
10.77110
1.66806
40.36568
59.77965
89.17615
75.50437
36.90688
95.56593
1.67024
78.94018
68.33410
56.06677
65.64085
91.66725
33.30797
78.40357
77.74732
68.37800
43.24285
55.21035
18.59122
68.44428
67.18499
78.44134
60.07256
97.87138
17.96032
98.75348
32.57082
61.65540
85.24768
37.30108
89.40961
63.45234
66.14382
5.72049
49.81298
60.63721
32.41023
50.80911
32.29269
22.73003
73.88682
86.08928
81.65577
9.22657
73.83763
93.73725
60.31154
98.14101
74.06219
81.60663
90.84304
7.59475
21.11413
37.58936
63.52930
88.94153
22.92801
62.43336
38.63433
20.40069
51.17069
64.75849
14.81076
14.45340
47.33241
9.05383
71.74970
95.60158
67.76223
40.57388
52.26224
69.95225
88.89042
62.71142
94.17135
82.25921
7.99977
64.39773
89.88108
44.28550
7.34331
82.05535
24.33682
43.72646
64.81245
2.71872
92.75928
27.26479
60.91418
31.71052
7.06197
60.09051
95.91037
62.36617
62.53072
76.14710
21.04620
11.70973
33.01527
61.80775
4.41338
16.19722
59.20401
77.72748
36.50227
6.80396
1.27288
27.69886
12.40505
34.69724
46.24009
61.00679
60.03044
12.97583
2.71308
6.14216
34.41281
42.38174
6.11217
8.11135
1.26722
71.60674
16.49299
76.01652
6.14683
90.42678
39.13442
63.61835
17.40880
29.31579
82.65673
58.97837
79.36763
50.45651
39.55859
75.32409
79.59007
12.32209
56.24847
4.79922
38.92661
46.30778
14.95431
55.06227
99.73162
60.47195
90.83926
68.31584
98.92829
27.41111
92.76799
92.55919
31.71372
11.57331
22.73076
91.26442
53.00684
8.22457
10.71057
71.35001
36.52255
75.34097
0.77954
51.50082
4.96020
55.84749
73.14469
76.49973
38.24540
58.87988
89.22993
65.29434
26.20846
20.03310
54.81432
67.43703
9.57893
72.51948
87.11197
85.20962
26.66030
33.48643
38.94788
27.47388
3.23489
91.22886
82.02445
37.48049
3.05941
37.88469
22.44338
10.38012
11.11746
70.79704
84.59441
93.51756
3.77480
20.10327
82.21958
94.29113
76.24614
35.40773
83.77666
39.85927
68.15074
56.34741
79.55595
91.91523
80.43420
11.16480
30.70106
62.63172
30.09233
99.61626
88.72163
30.84484
23.21640
87.91985
83.41286
64.06550
38.75660
43.28767
14.18448
46.55649
94.60629
48.94853
59.14313
10.38494
59.67793
77.43098
67.76524
97.51370
5.70725
48.20754
77.06091
14.94148
61.31252
98.21548
95.45040
47.61056
93.86966
79.63891
72.75321
32.32119
51.23765
42.08281
13.38495
77.32288
15.30488
26.95392
91.59403
42.72932
53.14321
78.49438
24.68185
87.55922
69.36379
73.54761
28.22575
14.66236
90.94225
5.60322
90.09502
42.12139
68.02419
18.05371
77.43045
92.89711
