Sample size N: 1000
77.29210
18.99854
20.45102
3.90433
1.55130
89.10238
65.94758
90.69613
16.38943
81.16923
91.84353
8.58953
74.44643
4.08631
24.39181
89.33921
58.44119
54.62895
70.32690
88.62570
56.03831
22.55755
46.93617
90.13772
61.74417
93.07066
80.13750
9.16924
80.04137
55.77468
73.99939
50.30060
77.18882
8.03534
72.56627
34.61506
95.04949
1.60167
79.02875
83.19266
39.85962
75.01421
62.86135
53.08966
91.52114
68.81930
12.99723
39.60437
0.40907
2.49889
26.74218
56.90536
36.15780
71.45184
80.10499
43.38349
23.55848
93.99234
68.74387
49.53101
84.96408
84.46103
0.19297
32.42226
26.85371
63.82205
76.38839
60.21940
8.06246
49.16252
60.13409
58.57909
60.82737
54.54193
66.10253
19.79684
46.50446
34.18967
80.13060
56.93195
86.69764
42.19067
43.61764
11.78059
44.71486
34.07869
45.33224
91.95502
49.29461
49.91310
45.14125
67.92329
29.30915
25.68960
24.18922
24.89813
29.16158
46.57823
66.29181
73.23729
78.98234
55.91504
73.91495
88.09406
23.14323
51.09991
99.81217
27.32058
47.39001
67.69046
38.13464
59.06836
24.98332
46.29372
68.03378
5.21802
3.21499
53.87723
24.72652
55.95348
32.74073
5.38289
10.92837
57.51150
38.61654
45.08775
41.01319
53.83088
85.20614
74.29839
66.89420
31.63166
97.26882
10.45295
78.15878
9.12928
78.36851
15.30939
2.12376
15.13972
54.49559
41.71769
97.12635
11.50318
29.63267
28.37850
38.52598
81.71414
65.00733
26.52312
42.84549
69.88522
33.78089
86.83510
32.79725
54.75174
7.84132
84.39565
62.86424
1.05423
78.03088
41.18446
74.81150
55.83717
74.40253
45.20942
23.83322
79.48646
34.92301
76.06209
62.60510
89.38546
20.54513
19.67333
89.51618
40.79651
75.47132
58.80777
24.85128
37.06670
18.15583
25.68063
6.93770
55.42595
46.82651
56.12935
40.54414
35.93987
0.29884
82.63256
86.98507
22.20505
3.58594
91.78422
96.99102
17.50641
60.85167
80.80495
28.44444
75.69764
79.76056
45.11302
6.17627
0.83649
76.80528
28.93447
39.15953
52.58577
70.80604
44.34028
14.96436
54.45314
90.99796
29.64547
44.65822
96.49843
53.49758
25.88562
98.93241
24.87575
23.53775
88.07905
66.59581
87.10688
16.97396
57.23523
4.23828
63.78171
58.08843
20.06928
31.65258
6.89149
27.74894
87.39875
30.58642
70.32625
17.39889
13.73765
90.83667
1.66861
82.30270
4.17117
5.25378
11.32469
97.09768
81.43744
25.64089
88.05181
32.62847
12.61097
12.60774
48.38871
99.99211
58.89720
25.97821
51.25075
78.54140
18.97057
37.36834
22.62242
54.97174
93.94291
95.79126
35.17454
58.65500
64.31951
70.83418
96.64272
2.64296
19.14272
61.20796
65.07761
2.08813
67.18669
78.01020
96.28623
47.09132
30.58702
99.62461
47.42172
78.23620
15.57834
93.47051
97.55056
33.60193
97.95564
51.72393
30.77506
54.26985
80.42335
5.63767
28.66188
56.59037
40.55193
33.90859
6.76727
15.06880
74.31298
16.68365
89.84117
62.43539
55.28179
55.16285
75.34430
64.96694
8.41758
49.82916
86.53003
53.26983
40.58046
18.63371
25.31340
41.42099
15.34462
44.82203
90.35528
89.37571
34.61922
44.10434
25.67748
30.69324
1.83892
99.69795
43.59084
84.63456
63.65252
97.36213
42.42633
15.24700
66.62740
66.89459
27.97207
44.92671
36.42111
1.22759
96.18412
81.31760
19.75224
20.21999
92.98625
39.46585
14.37002
89.94230
90.68562
47.68136
8.73012
63.22933
22.07110
74.64139
59.12673
49.33790
19.23216
40.00387
82.68601
30.22438
3.91944
21.81497
97.86413
58.68275
31.40612
19.13541
48.76420
28.22875
91.99858
41.67352
62.99988
3.49728
33.02766
71.82123
15.31542
71.05878
31.07615
2.14451
5.13425
46.91483
11.65584
27.04658
9.85607
31.51293
95.13923
66.25305
79.91002
97.32540
7.67794
74.34337
31.11891
34.63778
28.18348
1.17085
10.27195
24.17999
65.36504
42.38425
86.87524
31.79755
1.62305
7.97560
22.51381
62.89290
40.21342
61.42400
74.67972
14.70930
17.68901
69.57835
45.32793
57.61001
56.91202
8.47675
54.65601
30.49123
82.86320
34.95069
19.45664
79.79326
9.69935
32.34359
85.42047
98.96890
26.81000
63.02066
75.68672
45.48702
86.39919
73.32846
48.22460
10.19038
33.75512
15.62113
61.89590
68.35839
99.20700
75.30888
5.56644
1.26147
40.23129
53.90170
77.08747
66.59465
92.56897
4.57623
48.28904
48.48560
23.04000
85.89783
95.84190
55.76058
10.45160
33.88488
73.99312
96.42592
39.55801
74.81360
14.29043
4.84968
50.48322
2.09092
54.76096
46.91880
54.66495
57.73771
66.37033
67.62200
70.99532
58.54689
75.74445
74.11252
25.29840
64.63765
70.56486
94.50152
4.75043
44.35620
83.10619
32.79826
61.08861
61.12776
22.68133
24.81253
44.74412
47.11817
71.83892
69.77691
99.23095
33.81068
6.69702
45.32643
89.12437
65.26381
58.56954
73.74440
46.44217
34.27371
17.56606
66.57575
43.05899
64.92872
22.34515
36.30820
67.95427
40.70025
78.48866
8.87249
75.78108
91.84114
47.97251
68.73664
32.69679
93.57390
51.61807
72.40794
2.92588
72.25502
8.60868
44.73353
77.16225
85.76845
59.07656
41.55522
81.81627
21.02123
21.89036
90.14130
74.66422
13.43005
52.21062
32.75362
46.72965
19.16858
42.39038
92.03541
50.94215
15.31066
97.09173
50.23367
45.48682
12.59291
53.48482
89.81094
49.46493
71.76499
23.49451
15.22493
70.10157
79.22839
62.74916
35.60523
16.51720
91.66941
38.17639
75.16239
0.63020
85.05927
77.06455
20.83687
80.03119
99.98562
93.03018
20.99970
69.35792
74.63353
17.87652
8.35922
32.55103
19.35110
88.92425
87.43806
13.14734
45.41734
17.34394
55.75481
2.17220
78.60620
47.19327
41.78281
87.02437
83.91078
83.90578
6.38979
17.68064
72.61120
34.86883
10.25606
72.30928
71.45675
52.52415
43.18294
42.71114
5.46254
66.21802
90.41187
7.89328
43.65666
59.83099
60.10823
20.56801
58.10843
79.73235
21.83961
5.41663
96.30264
16.46304
67.98777
41.68178
54.49787
83.78861
14.10241
61.09412
2.70521
13.61005
86.91443
50.54729
96.70121
5.54360
64.46210
42.83433
94.80069
13.87356
26.27574
52.91545
24.25333
94.30977
56.46309
0.67550
23.39968
14.31366
3.86188
20.63795
10.20869
2.54252
81.34592
61.01780
66.98184
20.94130
62.21743
89.13940
9.74384
8.76079
32.29975
16.53987
66.52653
15.57224
68.53837
86.80680
30.43958
11.05896
81.68734
29.51185
3.33790
62.93947
90.07685
34.10266
70.65163
30.77351
55.73431
3.63974
49.21542
39.96900
59.42569
69.14252
4.42687
13.77079
5.43237
64.99924
86.98663
60.40742
41.44923
5.40544
53.56713
97.98911
86.92801
41.75298
17.94296
58.63402
93.45667
7.53624
71.88168
86.81805
23.44170
5.89510
58.67548
80.85621
40.07286
82.74466
88.47332
46.27633
8.43003
55.36376
66.72733
25.25739
68.31064
2.40642
54.88308
89.16006
36.04256
51.39442
74.34601
17.19333
61.05422
99.11547
7.49029
34.88661
42.84974
66.16675
65.30823
72.05966
98.35783
1.40425
20.08482
55.78334
70.55975
11.05877
53.66938
60.62769
1.51274
43.53732
39.40543
87.85386
33.56071
30.15111
98.90600
77.69053
63.64956
36.93864
26.54875
36.24214
9.70607
90.92137
57.07614
63.75387
48.94482
96.82530
89.60265
3.85782
59.20626
51.81217
53.74782
46.64517
34.99396
44.09814
33.70629
78.17779
19.10068
99.29523
29.01202
29.70569
76.90006
59.45622
46.80186
11.44661
74.97591
5.40612
99.09262
83.37345
94.48758
94.94180
99.48279
22.20332
25.67080
52.39658
61.94535
6.68875
78.40076
90.79196
53.21159
93.23955
28.17855
90.29128
4.31643
20.42794
94.34227
88.31384
7.60822
86.26953
76.45986
56.88066
20.60436
46.73438
80.26386
14.10351
4.70360
11.48562
67.40058
6.30942
57.22809
59.97335
65.76807
96.82173
8.27593
65.74676
41.23700
18.84264
55.92477
69.48931
93.10735
44.36777
92.12742
0.02014
84.00741
75.67203
64.46726
0.39063
98.35362
91.80926
32.02500
89.26237
92.43868
30.62664
83.37260
16.39611
53.67445
48.48423
42.12453
59.30728
86.60235
6.81720
51.56404
84.46579
95.42543
51.79798
2.82546
70.09718
87.30587
75.58441
8.46986
89.09484
38.50105
82.72402
20.26265
68.31411
5.28175
82.20814
78.40677
93.90783
92.98717
14.69736
65.86997
36.79537
1.20387
5.89976
84.98369
96.30303
59.48834
0.15815
48.20746
37.72012
40.62782
2.19747
6.66910
41.02160
55.95542
65.42624
64.13444
57.80570
82.48777
6.23107
8.49535
80.91544
88.52829
82.00349
58.41050
75.25536
59.43540
62.04750
38.05701
49.64633
20.69915
13.86132
14.94861
48.99449
10.34860
59.01890
30.53529
75.56100
79.61274
25.74667
80.43490
87.12810
75.95130
89.28450
59.77407
51.46964
50.52316
20.72889
78.03275
67.36991
85.91320
71.33117
51.38647
94.27970
76.28913
75.79094
93.30502
75.38502
92.77409
18.96656
36.54813
41.79257
19.33678
11.26128
43.10311
77.14624
27.28558
57.65958
6.10935
93.38445
6.13318
67.82687
67.45972
50.48051
30.67152
50.14430
22.89166
78.59562
97.29956
33.23974
7.90896
57.83373
79.12175
65.84572
28.24654
21.22015
53.30142
82.16635
43.28357
91.21076
93.28181
51.60227
15.73406
92.05484
46.62357
72.35850
15.45027
62.03597
45.98927
53.64513
98.18876
73.51284
60.06749
77.58810
59.66717
82.68181
46.59576
16.61984
34.51407
61.24729
85.48845
16.08982
63.40652
28.67008
71.54311
89.12589
31.55878
3.04632
25.55993
15.77884
40.75404
31.69211
59.18296
21.67830
56.65189
57.81633
52.67714
32.51509
48.09207
10.90296
2.13482
38.31809
8.44260
71.15701
5.24469
43.20776
85.51283
73.40453
43.74931
24.53869
93.18384
87.59944
55.58188
2.25211
97.96976
92.73822
70.84565
38.10533
62.40410
43.59464
89.46594
85.25308
83.76591
49.28158
98.50369
35.23594
31.59732
62.36061
12.01331
29.74282
68.63362
4.68181
48.89238
87.24860
