Sample size N: 100
98.60059
79.75921
15.58646
2.85234
85.70795
79.34981
30.39582
33.98427
2.98791
62.94193
61.23356
17.10792
24.81510
72.99206
73.42524
96.01990
70.93965
55.28244
77.35106
61.73862
3.30707
85.55196
93.88386
60.46499
89.14470
85.83926
95.59257
11.23299
25.56611
65.93151
89.21343
2.72008
62.21927
46.46730
49.28567
97.25891
1.74330
18.36467
23.48684
55.09988
4.10748
81.59570
44.96460
67.49791
67.92350
53.60414
27.75961
34.98585
74.33380
68.58850
41.41673
79.90167
1.39501
40.38287
93.97247
18.46976
75.37116
43.89001
21.91421
60.59899
54.53477
88.26899
71.05261
29.04787
88.92349
77.39347
49.72128
96.67131
64.93933
12.26300
83.68121
84.60230
75.01323
52.85660
18.98777
58.85510
92.71059
91.83941
84.47200
76.07617
0.28204
34.21630
22.57025
22.90132
89.45063
72.17522
15.79411
16.31247
33.58374
55.72895
52.64377
6.93047
88.50240
19.61496
95.54709
91.83765
57.74907
21.49430
9.50796
8.71691
