Sample size N: 10000
65.49903
33.27563
65.39891
47.73404
54.29370
38.22478
51.79024
32.71458
61.11759
39.66193
47.12489
40.11307
35.45999
39.76907
54.69665
70.77477
53.30815
56.95246
36.49250
55.06307
58.34302
42.16162
49.45937
43.07674
46.40090
49.77434
47.81395
54.60139
63.72234
69.43884
60.51746
48.27117
50.03722
58.84464
47.89493
30.93894
42.76699
49.11915
54.65190
64.36142
52.95297
40.02319
64.64047
51.19619
43.79011
48.33631
47.96318
48.89052
58.45844
42.96582
39.96451
39.23348
69.40637
50.25894
44.46341
48.71595
72.92245
41.06217
54.33958
41.99213
49.04499
63.36571
51.54971
49.61701
56.97479
71.34487
40.16710
60.60802
48.01138
36.26089
41.91037
60.93294
57.87361
48.51700
48.16119
57.23350
49.63464
60.73925
28.56109
51.26645
75.82444
56.03962
45.80723
47.97683
51.10115
52.35480
34.54404
32.42033
46.37279
52.48728
44.51555
40.36812
50.25190
47.97381
37.74722
37.95740
56.71633
52.57565
41.34636
57.81904
72.40828
57.37230
31.44422
39.41847
51.56323
52.44080
60.18779
50.01859
49.99415
42.69043
44.92307
76.27313
41.70212
37.97012
54.26716
46.59544
45.16559
39.29611
42.07286
41.99873
42.62040
57.85334
49.69594
61.86114
38.81492
51.50068
49.37530
53.34431
39.44416
54.58017
64.12762
56.36022
48.29771
48.92917
49.88687
47.82870
74.31118
66.37720
37.54695
43.32263
73.37536
42.28607
50.92926
66.48586
65.49523
45.48765
42.27729
39.89298
32.43338
57.96891
50.54961
55.76933
54.27200
57.65410
52.15834
59.11998
53.80945
45.22032
53.69558
54.86041
38.27884
48.81874
62.48180
49.86627
69.88553
58.15231
61.56181
50.98539
63.72909
61.08415
49.38978
48.57828
43.54248
89.79997
52.95977
48.73198
67.53841
54.49040
45.43996
44.33615
51.22377
51.72852
52.61712
54.89918
38.12793
38.82657
43.50955
72.06360
46.02066
58.47103
54.35467
42.88582
44.30464
52.29436
45.70142
46.23661
42.57358
55.30619
58.97398
42.55955
54.66837
33.06093
65.97110
38.66511
41.73387
55.08312
40.56987
47.35585
48.41263
45.83168
40.11399
35.35924
50.11237
36.92790
39.41334
51.29999
50.74627
57.52696
38.87284
38.75186
29.11071
54.49148
43.25442
52.67140
51.80583
39.33412
63.12758
55.44412
81.36913
29.61405
60.03785
36.87380
45.47666
34.84763
46.82059
55.26117
37.25587
45.92664
46.29565
43.22562
52.02790
56.88518
45.58334
58.32736
63.63263
63.02882
44.36387
46.38192
54.25603
65.04254
60.43867
43.20681
54.97324
45.42662
47.87420
65.38199
54.56301
36.70946
30.53786
44.79106
46.52177
55.06221
29.99130
42.92463
45.86305
37.44600
51.15162
59.86566
39.24347
76.01191
49.07342
40.69049
56.93094
43.84003
55.97806
54.36828
52.86419
56.88987
41.11080
68.24175
52.60420
38.65931
43.41363
42.43359
42.62463
43.19440
52.24951
44.13734
43.03581
38.48746
56.62558
46.11017
49.16747
49.15159
37.75263
54.63591
64.32983
42.48309
59.30852
35.36272
51.67667
34.67166
47.54292
51.93245
76.49871
35.16543
38.90272
64.96574
51.96189
47.71045
47.88157
47.55589
47.64497
40.13422
58.89752
58.36863
49.64587
35.30984
67.79067
61.41732
56.23754
61.34520
59.53263
51.62857
56.19165
44.37225
64.47518
39.85416
57.10134
53.06061
41.67487
41.19072
39.85793
40.67152
59.93628
63.47825
63.78500
61.56422
66.58564
54.37800
42.96040
52.76106
55.62450
60.55323
46.36842
62.66622
50.45406
48.52784
68.02698
54.63931
45.42720
51.42668
63.67780
51.20622
46.27910
46.55755
51.92759
45.96580
52.06339
36.97458
49.45687
47.37349
65.49043
57.99489
57.03555
50.44955
41.60952
58.35852
43.70911
43.13430
77.58689
37.58482
51.05291
48.99744
58.18958
64.04306
56.84627
61.16218
44.18317
47.05256
41.32858
48.04222
58.06097
42.46468
37.52260
46.36182
42.97134
60.07083
36.00067
49.44846
45.50038
39.08784
54.24457
47.48344
71.82544
45.12363
44.94633
67.93561
46.62822
41.43442
40.46985
44.18079
47.58523
54.85363
54.19242
49.42310
54.88595
44.14820
38.56093
39.18818
61.80011
46.84814
44.73730
45.05650
45.36089
76.70035
69.73667
66.30805
64.81764
39.90701
51.34402
51.29288
53.78125
55.61535
50.84230
37.32682
54.20379
51.55105
71.29105
37.85428
44.44619
54.25707
45.71067
51.18362
67.35798
47.27555
41.39127
62.51321
55.46330
58.00265
36.44036
43.57482
41.40201
41.49934
54.37417
66.61106
48.33338
33.43471
57.83089
54.86336
63.02759
52.13540
39.83837
53.58404
52.77551
37.76674
29.35489
82.69069
40.95446
43.26788
39.06279
52.03695
55.29009
46.85056
45.12293
53.76173
48.11810
48.24664
47.18215
42.88374
43.25236
56.53488
44.38117
46.68266
48.57289
48.34159
39.83958
41.92060
44.24535
43.36629
51.90699
53.61328
37.63315
54.38564
38.95410
74.25929
59.63856
51.24334
68.42931
59.40454
56.89910
40.01920
67.05110
53.60289
52.62957
46.66212
40.33949
41.13421
59.88466
56.49748
42.04370
56.04288
49.84585
52.51359
63.62053
49.63155
79.26625
50.97154
58.22886
60.87982
43.85330
54.47249
54.68773
50.72511
55.93240
43.26812
65.44375
44.12551
49.52373
48.81862
52.64878
52.38162
42.79718
42.97517
55.69603
48.74275
43.83614
54.94021
45.02850
49.27387
83.90158
45.73897
51.76758
57.73920
38.10071
42.09999
54.15037
39.39198
56.03147
40.06414
38.23354
61.29561
64.35557
71.44147
51.44064
35.79463
42.40630
33.81191
57.03774
61.76045
54.48520
58.98275
50.66714
51.91118
44.44629
55.72222
36.16647
52.65321
39.45903
54.69231
53.15969
45.93846
61.76628
45.37080
49.28265
37.57434
56.65416
32.16295
44.18894
56.22474
42.05971
51.10890
48.13321
44.03267
38.77118
43.65394
50.41203
59.88452
40.54503
33.35480
50.92819
37.62940
47.79406
55.58258
36.60947
59.51811
45.78191
60.28283
37.37593
47.25137
38.24811
44.74823
54.18438
43.14209
31.37433
41.95792
39.84727
64.21384
46.00684
41.72230
60.45235
53.16966
51.94789
34.11755
49.02558
66.60873
41.91681
47.57023
51.17585
48.24405
55.79702
50.51154
66.50728
46.04447
63.99136
51.97541
34.25214
51.34117
38.18988
67.51785
42.57869
32.45337
36.88744
37.35246
50.64714
38.64172
53.12035
51.05413
48.52214
71.82606
37.33288
38.80947
64.25196
51.10882
64.67570
52.02807
67.81872
35.83893
91.21383
43.18545
70.18449
34.95156
52.67482
63.34603
44.71856
55.54999
47.79610
46.42371
79.79476
50.70105
44.47751
42.40424
51.05152
52.26067
67.35647
66.39249
36.58483
38.95520
46.50532
49.09891
51.04557
42.73379
49.15295
56.11285
89.37770
33.97409
45.02810
54.46355
33.70641
55.31204
44.58461
50.11880
42.17047
26.59830
43.40675
44.73082
47.96326
41.90916
60.85122
56.47213
45.72160
47.54863
74.45577
48.32945
44.53208
52.03551
52.20340
61.24234
46.66284
52.96097
41.67580
35.52926
49.59873
51.32052
34.76910
55.21880
45.65574
47.52485
54.47973
50.82971
46.17464
58.71963
52.64899
60.90484
53.89020
53.14788
46.82784
51.21034
39.84643
45.79509
41.42827
57.26786
45.96457
45.71099
37.09813
55.21632
54.81859
48.53445
53.11098
38.93591
42.75719
48.47144
59.33067
28.75022
75.79809
42.05856
63.46046
56.99741
55.28921
34.44725
58.60463
40.71550
35.35883
63.10559
33.02228
50.14927
46.78018
59.85503
59.54580
57.18146
60.36540
43.08425
44.54700
51.72651
36.37930
45.35697
47.42671
54.59623
39.71518
41.71417
39.01900
68.61241
42.66719
41.60607
35.28460
60.43061
35.83272
67.09784
49.61291
50.16217
65.40743
45.14670
39.90978
32.72095
48.49015
61.41307
48.72923
66.83247
54.15297
46.27221
48.93616
54.02719
52.71096
57.12029
48.24763
45.09662
53.18522
57.02633
64.03476
34.02494
57.00243
58.12606
55.83468
59.56977
52.24005
53.04771
34.71915
49.76188
43.30492
58.71319
39.11892
55.53379
54.43535
57.42944
38.85439
53.10288
37.23435
51.15965
63.56085
45.07485
54.27524
60.29265
54.81532
56.13498
46.54519
40.36455
40.85950
53.30520
72.78783
41.74251
59.49109
25.33279
56.26926
33.51766
48.07606
34.22898
34.94393
58.21870
44.53665
56.24776
64.97763
44.36904
50.51442
40.93455
43.15069
54.99283
56.70058
78.70212
67.49362
62.68144
48.93980
39.73910
48.15438
53.33290
48.77156
57.40908
48.25458
39.06823
46.96640
38.46517
54.09456
36.90220
48.73310
36.25644
51.07690
48.18061
52.17520
61.29431
56.14746
51.73102
60.10587
34.12579
66.72891
59.21229
54.44403
60.48625
46.63540
60.19870
52.28763
60.63060
58.20749
63.77274
39.47643
35.21694
51.93437
40.48278
52.17593
37.89010
38.34026
44.46831
61.44759
46.64516
58.05215
33.94127
72.85933
60.82866
49.13611
50.13989
45.71875
49.35864
33.58008
45.06778
53.00750
58.69020
45.02003
69.44571
55.86230
63.62744
56.84506
53.30703
40.57558
52.39512
45.12779
72.35412
49.07920
44.62452
31.91396
47.61498
51.19772
64.97604
62.31727
52.38896
47.34132
45.90809
65.13811
57.55498
59.20002
60.21734
50.59552
41.13881
42.95410
55.33311
34.78110
59.27267
55.59824
66.85708
60.58455
39.11690
43.87492
48.51490
57.19112
54.82738
56.68269
46.04431
42.64064
41.71348
51.37149
45.43730
69.39340
36.82942
43.15610
59.32705
49.20811
61.06118
34.58067
50.41583
48.98899
38.00348
47.85207
44.90098
42.91803
34.27596
54.00893
49.47688
32.41420
61.72751
63.24043
62.65806
65.72229
48.72301
63.95132
30.77843
53.96268
68.45488
60.20963
49.51799
54.90689
52.20066
37.97220
66.88180
59.11298
56.26691
59.69941
45.01440
35.91356
39.32300
48.77961
52.34343
47.82042
44.44235
52.09348
55.16102
46.05027
45.56138
47.78235
52.49755
61.43123
45.45702
48.56769
52.80356
49.13430
45.43234
48.25317
41.79927
48.92133
56.05415
65.02468
56.09013
74.51742
58.65108
40.25517
55.36321
48.29269
52.83628
54.23312
43.68540
40.78837
49.38673
39.95732
62.31797
57.62750
56.00906
43.79564
46.66254
47.39122
49.10153
44.05584
57.61225
39.59820
36.62355
53.41433
48.66867
36.71189
69.82870
50.04129
46.91791
44.67704
34.60962
59.56435
61.42688
49.97734
62.76710
44.20348
48.41812
44.73188
37.79991
54.92343
42.82842
44.18282
71.05009
44.99001
62.23595
37.95272
64.30121
41.19835
47.34487
59.86504
60.36132
48.48749
37.95828
47.22583
45.56304
40.25926
44.66767
56.82659
49.85081
49.85989
55.51015
55.52756
45.22763
55.94646
60.25885
56.97448
71.49750
45.46220
46.96574
57.77796
46.44991
47.89686
71.31432
56.48873
55.13744
42.66627
58.21467
60.38990
61.18861
47.26864
37.92439
44.62047
36.46808
54.02622
48.68725
42.92278
30.54275
53.62807
62.79381
35.56584
49.50915
67.10675
50.55049
43.51544
44.74483
37.97176
53.89455
29.61599
42.01377
41.33470
53.99554
62.27829
62.83645
45.26391
34.90603
40.01829
37.41609
43.79007
54.49656
50.18454
48.98724
55.05815
48.99135
68.75200
48.74424
61.68446
59.97279
68.87107
49.37138
45.68939
43.87791
51.30186
68.95699
55.26328
45.54720
43.70996
61.99960
59.06619
56.45115
38.57595
49.30236
58.81540
37.74165
50.87165
46.38542
65.37422
36.44624
51.15713
57.60087
48.53311
56.20841
59.68640
47.71668
55.69757
63.02837
65.01421
52.77478
43.16488
80.45431
73.39473
40.13757
37.52244
57.89556
38.62154
58.43544
50.61551
56.04180
56.64427
39.65572
44.08647
44.47672
72.37357
34.96391
52.92226
30.53803
39.93160
39.63829
46.29523
60.85476
61.42127
43.29874
65.37734
33.28851
75.06585
67.60452
60.46453
53.90182
52.27383
49.34630
59.54301
61.81145
38.22446
49.37451
46.98543
49.45704
45.45393
65.01707
58.59493
57.31483
47.61556
40.66066
54.85923
57.12120
54.96469
42.68283
38.32020
57.91204
57.78417
49.47473
38.20649
43.26925
76.70922
51.80738
48.16917
30.89823
37.78053
36.45344
33.75278
40.74954
54.97800
52.05198
49.69729
53.12630
46.37459
58.15345
66.89306
42.51402
41.76971
37.82669
35.92283
50.01766
37.52626
39.59905
51.02002
53.40176
63.87012
52.67108
47.02882
51.47089
55.93470
39.77279
38.58912
39.81047
48.77945
50.85136
42.31016
48.41444
45.67390
67.54097
45.90588
43.02389
32.02895
72.90078
49.38151
73.68607
34.19020
48.80142
46.15102
34.77165
24.93033
41.52828
56.87818
48.88143
39.16863
52.25315
54.63468
45.35232
75.09730
57.25770
38.09240
62.14480
53.24235
61.54647
56.45221
38.04109
53.72122
63.34430
36.50709
32.02759
44.51950
68.36366
58.37472
38.41789
53.35095
35.23147
39.18088
34.29253
39.85249
38.38617
48.37806
67.36610
48.85265
46.06576
30.30872
52.39214
46.38166
43.26276
42.47261
50.62792
37.90906
46.98718
55.69325
50.37267
43.14638
40.36866
62.38815
43.40446
52.11690
41.39304
38.93671
51.88489
45.20798
50.17492
53.75023
60.22838
55.22961
52.31179
64.41771
34.16072
40.76964
39.91837
57.90956
55.17225
35.37752
61.08382
53.76952
62.91249
46.21106
57.25506
41.53870
63.33474
41.00288
47.23760
48.25337
47.11237
52.16179
51.91879
58.36305
55.64003
46.25560
40.83512
67.30879
49.73163
53.88250
55.16784
59.63664
45.34176
72.21915
48.51466
49.17888
47.58569
61.07867
49.82469
63.24896
54.22892
62.10062
70.87981
58.31288
60.13786
34.07333
46.69336
52.66190
44.35447
45.20974
65.38330
44.06532
44.76208
53.16026
40.65654
58.03246
46.53270
51.35818
38.81783
54.16295
55.42012
47.85119
35.99251
59.25091
44.03518
52.81325
54.06110
41.24425
38.77389
69.55957
47.04535
54.67747
39.67994
46.39403
43.85925
55.83753
50.84430
36.61103
39.30397
34.77536
60.09237
38.70723
52.42653
71.32459
47.24571
46.45838
36.95246
65.65197
43.71062
53.01815
59.68449
55.17785
48.95227
57.86782
54.15195
53.23600
56.43476
49.93274
52.74877
43.34050
45.33728
47.04459
56.36504
40.48459
63.25492
45.01985
41.34967
46.80348
78.86485
58.49438
60.24069
38.82648
58.01550
52.77059
67.95728
49.18432
29.97457
34.58783
46.82237
62.56572
54.70422
41.02115
47.61896
48.27582
43.00404
87.54412
59.93425
52.66469
46.90576
59.82921
51.31907
45.79737
32.89100
69.38569
39.54651
47.16587
30.15072
64.07374
54.15977
41.73588
57.04158
56.91802
47.01548
42.58122
51.68304
36.13239
55.22223
37.10668
72.00331
52.53127
57.49330
46.71209
67.72684
80.07084
39.74787
44.75588
48.90469
43.00930
37.51001
34.25249
41.85422
40.17609
33.60729
51.86605
76.72513
46.06341
47.78751
35.03929
37.57866
44.63490
66.58872
55.61717
41.96972
38.72050
55.53734
51.05625
46.08891
56.29861
29.53962
58.97044
47.19865
39.48440
36.43035
73.09827
33.64988
36.18267
46.10122
59.89081
59.32644
62.10336
54.75172
70.25468
50.08730
41.44465
43.89708
61.37569
55.10900
46.07400
53.98238
54.91558
47.02892
48.76627
51.27311
42.57770
42.21832
44.64839
45.24788
49.96179
54.76669
59.95829
58.52299
55.21770
35.26458
45.96628
43.38813
43.30663
59.70644
46.98415
53.81813
64.31356
41.25746
39.54953
56.78354
40.04068
52.53655
57.57693
52.19635
47.33823
34.21791
53.44969
43.52422
49.68590
56.67101
51.72972
43.14232
58.98825
57.64631
50.04523
62.16591
37.82349
70.72364
48.77507
55.21415
42.79572
53.57670
57.28829
40.34851
41.62922
47.26166
45.93088
40.86608
66.61627
58.64585
56.33966
46.49078
47.15945
53.17563
70.79645
40.08182
40.35038
44.97725
45.35492
65.35995
47.32260
39.62039
41.58972
32.83424
58.11994
54.23630
41.55348
55.08158
69.84721
45.58451
40.83129
52.88475
51.74596
52.61971
45.57386
44.31633
62.25995
38.43324
60.97453
52.67395
38.13551
52.34023
47.70325
50.12896
54.71085
44.51764
53.10925
57.47803
44.70453
54.02059
34.76043
43.95622
62.41746
54.21930
43.74786
42.73525
60.19380
63.36760
62.53398
63.87199
61.41937
72.62648
49.15741
47.09429
52.47788
41.75626
58.46657
33.17737
44.13406
50.65686
57.58760
44.71645
37.11672
51.69231
45.21770
50.64426
54.45300
30.18935
54.49037
57.76508
53.67704
48.11332
26.14622
46.53499
71.60301
50.85834
58.82146
54.69206
38.72726
48.36216
66.14260
47.98204
49.39971
50.11832
44.08409
48.14870
46.54078
35.43223
49.06831
42.45803
55.02078
51.97939
54.66438
43.54522
46.72687
45.63875
59.95984
55.80451
51.47786
45.03691
51.66500
52.15756
44.85536
45.72221
64.00732
68.71250
38.26649
50.20848
47.56582
31.98487
43.37754
41.93202
33.82375
32.48048
51.88173
66.37686
31.29007
41.50437
36.60567
54.14572
68.65597
41.33606
47.86276
52.58761
48.16631
60.02989
54.18236
49.24470
46.82453
73.22826
45.37973
48.40042
53.04320
54.55692
53.13735
47.42178
53.71832
52.22866
48.28233
49.63169
43.70129
39.97016
52.08417
48.33165
51.52755
49.45897
56.60859
35.94505
54.72113
45.87996
84.93666
61.22515
49.47354
47.77487
33.70294
42.16742
55.39807
45.69155
69.15064
55.88713
39.75979
48.24428
70.92842
61.39660
49.89171
53.75689
52.03234
31.59363
42.27911
49.57686
44.53585
38.40990
44.74311
54.30221
33.66664
47.35437
40.43062
53.49253
48.07276
64.02279
44.70753
55.75634
55.28168
60.53313
52.86158
40.03126
62.50287
53.91095
73.40894
49.85027
44.46587
47.96472
53.20099
39.82923
52.52794
48.02954
46.19991
65.51758
54.66700
40.34028
67.03096
37.93922
41.38078
34.75018
37.63257
49.01549
31.54105
42.19707
53.68351
55.13110
61.80429
50.37777
50.76739
44.82525
47.93673
63.56160
53.81661
61.86022
42.81209
57.05726
34.28432
38.49346
45.88734
49.32978
52.96701
44.53802
50.34394
46.56467
57.22682
63.06650
38.10207
44.48057
62.50853
29.16594
43.18790
60.93618
47.62349
44.57197
50.31045
30.13200
32.24642
47.51926
44.19840
43.52463
58.88471
45.50628
59.15965
82.77292
70.01914
57.00119
48.99259
60.94242
46.95675
40.18582
50.25947
58.18555
33.56860
48.73454
42.20425
40.54097
38.06859
57.11666
53.17520
38.34292
51.07283
47.50226
63.81471
67.75632
53.30173
57.08921
35.82185
49.93901
61.77408
53.34221
56.51401
43.02279
57.64428
48.71168
47.35562
57.42036
46.40843
31.66561
60.61725
60.29596
52.01781
60.01310
47.36969
63.47616
56.52478
43.69590
46.52918
52.62275
40.98122
49.97540
51.36599
59.91490
42.77134
60.75730
60.07902
40.19355
54.91028
52.94159
46.70598
55.52643
41.89323
45.87709
42.74747
54.58810
47.69255
42.58919
37.31960
45.69125
45.55239
37.36261
56.48363
64.23092
32.73051
29.52708
53.28749
63.81433
47.29403
52.93080
58.94695
49.34284
43.47763
50.33066
44.33471
39.58914
49.65036
43.10274
42.62610
53.43994
52.80860
57.24535
44.61611
47.88540
51.35370
57.50135
62.13580
38.89928
62.47936
40.65191
33.45726
51.36246
77.30668
54.28052
41.66728
58.83515
54.74361
56.36842
46.81639
47.49786
35.35177
49.31404
38.29109
59.03095
57.49786
59.94725
46.80315
38.40999
51.16481
50.66519
45.23204
42.77176
41.22005
52.93342
61.98751
52.47429
43.57281
47.94182
41.29287
70.10253
66.60189
43.03230
59.89259
42.14277
69.96583
64.57502
47.77563
48.19409
41.21191
45.53121
38.43319
45.00248
60.13954
31.15354
36.34197
44.05467
50.11676
43.72442
46.47381
57.21494
64.50685
57.92721
53.38927
60.80414
51.13223
49.87281
34.09123
45.98720
46.02058
57.63817
48.40468
61.73658
59.79670
45.09233
43.84627
40.68642
56.44299
49.91527
62.33954
70.95235
53.59284
42.66331
60.48085
51.92071
38.91803
50.48731
60.91291
53.29463
48.03845
43.88832
39.26033
58.01144
39.75961
53.98752
42.24111
43.85709
60.32872
32.94453
45.88882
33.85803
57.13853
34.38606
44.84762
54.57693
42.40246
72.34359
70.58768
69.41646
27.23433
54.86548
50.67131
44.45673
31.43277
33.36030
41.59324
39.48671
68.15079
53.08152
26.80166
48.86193
38.20711
49.21096
28.17085
33.23879
49.19540
51.12860
70.23097
51.31777
43.81959
49.05680
51.17684
63.22980
50.06043
50.43256
42.21805
41.77577
47.54601
37.03179
52.87513
40.95121
53.47331
64.09034
72.27804
51.16881
51.10911
28.76778
33.26378
56.05679
46.74709
59.89423
40.65316
46.73616
43.88228
42.20780
52.93601
33.46909
38.38294
49.85312
65.25879
51.16761
37.60952
59.27711
57.29260
44.13431
60.65967
60.41217
66.46284
59.65483
76.17110
63.26592
52.03505
42.41222
49.42318
50.79559
53.96689
31.78726
43.33460
56.26499
54.57910
41.85930
48.25584
41.05823
45.94315
44.87523
47.67050
49.30906
48.47175
33.82462
35.51676
61.79511
51.78227
42.04142
40.77141
49.47740
47.02959
55.17000
48.12611
33.27175
46.86798
50.81927
63.68500
61.50122
46.39527
28.99839
53.28572
53.38036
64.65126
43.34027
49.93113
59.30211
50.47601
50.62291
66.59434
52.73957
66.83951
62.90106
49.63688
45.65680
50.38266
48.88089
56.92102
51.79502
44.25572
50.84405
35.71020
42.55575
51.20675
59.54401
51.91411
56.46840
36.57301
58.65326
52.39761
31.89913
54.85630
47.64603
47.16177
61.40409
39.41997
43.42290
49.02261
57.32871
39.69412
41.92744
63.01028
53.80348
63.69135
65.00781
53.33648
43.66004
52.99820
55.83388
38.87530
63.41265
37.49055
49.46270
61.41216
47.23479
40.71772
49.01382
29.06787
38.00202
42.94794
43.00147
42.53359
45.62600
53.03381
69.03495
39.16948
43.88610
39.64238
57.95511
60.33178
56.55353
53.99911
63.84381
69.13926
65.72845
46.79098
39.87081
38.88513
52.16128
51.87625
85.09682
57.70140
45.25927
43.30753
52.48788
44.86002
48.62918
39.07526
52.54160
52.59603
56.28409
33.99013
68.28794
56.94996
47.68057
46.78710
58.33026
57.93563
51.27392
60.72560
40.56046
65.67282
54.11192
55.23583
43.19291
45.11995
48.12125
51.22075
50.91585
36.89950
46.31338
46.24248
35.82642
41.32574
44.13181
33.16325
43.27669
54.30249
38.83692
38.64199
45.69444
43.95093
44.54315
49.29190
58.91124
51.65024
46.52308
43.83236
70.08729
36.32376
52.47598
54.20189
70.36930
62.37326
79.98864
54.23695
49.49804
55.02144
46.37285
48.29100
47.62591
46.70399
34.42414
65.75132
58.54035
50.63319
42.31950
32.07417
60.77088
44.21479
64.99705
52.65154
62.34146
56.93506
38.50654
71.42016
62.63180
51.62842
43.88978
39.58154
52.87149
37.68671
43.64248
37.02073
57.74621
46.02045
43.20082
44.50546
54.18282
49.65237
43.79806
49.95765
40.32036
50.92559
48.17459
54.74866
50.14111
52.91584
45.02524
52.01216
45.03096
42.30227
65.33634
41.26361
51.83643
62.04603
59.44912
68.81494
64.48481
32.89714
49.21758
48.57801
68.90984
41.45737
61.55159
42.76943
30.10319
44.41701
46.73794
65.31543
49.97038
30.94110
47.00911
57.80324
43.13296
43.35568
57.95890
40.17013
55.07990
35.86193
48.00334
56.39305
49.85884
43.97288
60.20530
55.28202
50.09608
55.01487
63.67806
57.84552
58.47890
51.98021
52.31448
68.80465
62.86065
40.45976
43.33156
49.07662
51.18041
44.86157
52.74101
47.13201
47.31866
44.07663
43.04088
71.28078
61.50097
48.41537
69.12802
56.91417
40.72715
48.01252
45.95489
50.56607
38.71100
33.91091
48.45796
55.75579
47.79058
61.71313
46.52195
42.36877
55.17662
43.95050
54.62873
67.88418
38.60264
44.16470
52.34631
45.30039
37.06756
70.25032
54.39665
59.61502
49.54360
56.84209
43.33024
43.88313
62.27111
48.28372
42.90301
53.71370
39.54160
35.28831
51.34479
52.25801
58.07591
51.53014
39.38613
61.31729
53.50240
40.56618
54.20593
58.28315
56.58702
38.83849
50.73332
58.55362
56.56741
39.95147
45.60823
34.13997
58.12839
44.94005
36.85272
70.43094
58.37505
57.14814
58.14699
50.70696
60.42250
52.17647
46.06175
33.49508
41.37087
53.47367
42.06643
60.40248
50.28252
43.93698
60.66024
55.38898
46.26729
37.24920
54.67102
37.25192
68.61897
53.37384
61.91677
42.76328
33.44481
47.43606
54.58576
60.42916
42.93185
54.22227
52.94675
52.87725
46.04646
53.39768
62.14387
53.32354
54.38792
57.21554
51.48426
46.14137
47.09722
37.96034
54.70795
61.59070
53.32628
48.43722
41.66724
41.57468
41.97776
48.41977
53.44488
52.35945
42.19528
40.42095
29.46834
53.02449
37.73801
65.39469
67.15386
59.06114
35.80169
56.71732
56.54503
48.48965
41.00049
60.08329
50.42043
46.57008
46.33276
47.28547
58.49594
46.10622
42.60123
37.58038
43.38763
47.58304
63.74599
30.17326
51.17025
49.47619
43.89000
53.20609
41.35318
50.14186
59.94810
48.33816
37.83719
33.00465
37.01038
44.65683
50.64890
48.80336
50.70643
47.85356
59.24179
34.96128
32.41748
65.54095
52.31122
58.15628
53.67175
49.63805
44.50989
59.73930
63.40783
49.50143
46.29288
59.33728
47.56811
47.34757
41.62595
52.76103
54.33675
60.66448
45.11117
61.97360
51.60708
45.00782
56.16091
54.64470
64.70122
49.12872
47.39473
56.04866
45.72888
33.05547
53.23061
48.89417
40.49089
61.48915
51.65665
48.95467
54.79228
63.56960
41.57257
53.50562
34.76455
50.46856
43.38012
44.53317
58.20136
53.05931
53.40433
62.60850
46.87145
49.17118
62.89526
46.04600
53.35596
31.47484
38.58864
58.64472
57.83500
62.84073
40.66763
42.52884
48.11232
74.14886
59.87621
61.47509
44.16836
39.33775
50.20730
48.93396
44.25077
67.16346
52.92634
50.12450
31.72273
72.37756
43.61630
40.75431
47.34943
53.79639
61.66152
39.89359
52.32930
53.78991
68.31042
52.62408
59.78171
50.50836
50.58562
54.96562
44.45946
58.24985
50.89263
57.81680
53.04443
52.22491
54.35894
35.85766
43.24097
68.66232
51.10554
58.62651
35.79970
35.05940
38.82388
63.19318
66.90140
73.15991
50.98370
67.81479
36.85474
49.35530
26.94746
62.63587
36.51806
43.06282
51.77990
47.88111
27.37622
79.55713
72.34001
75.24693
43.54417
40.23172
62.64612
52.53402
46.88618
42.94937
54.78043
65.31802
76.11362
42.21575
51.95184
75.60705
44.99190
56.87404
63.54465
63.08820
65.10016
58.70424
41.19942
44.90588
43.94963
59.24134
53.20389
64.14411
44.18417
50.78326
57.61802
40.69844
53.15414
48.01195
46.59867
57.25258
54.33078
65.15414
37.67349
48.36931
53.63889
54.00246
46.64911
50.29788
50.38398
38.72603
47.79748
51.85387
46.21295
48.67684
31.00472
78.42967
47.64418
32.77833
43.98277
40.52066
48.33505
39.63424
43.62523
57.30684
49.54097
57.03628
46.94905
52.35992
59.71611
52.22725
41.18933
33.49422
41.97015
52.78225
46.88195
41.90983
52.88424
45.34318
34.45707
41.59227
48.45438
65.00199
50.42777
50.60081
25.62706
52.65191
52.57491
34.29830
44.34077
35.93635
58.94034
41.58432
35.76354
64.37985
44.53282
60.91588
42.75317
49.71845
62.06804
72.59558
46.11950
58.90401
66.43980
38.92558
43.94529
53.19213
48.40418
59.73179
40.95641
43.34640
74.82067
71.00852
37.00316
43.84177
57.28950
48.13254
40.56016
40.90035
56.68458
53.95218
60.44530
44.08739
65.56903
39.25066
53.09117
61.42168
51.82981
43.00093
38.73675
51.86046
32.41808
38.91705
45.60412
69.32941
40.39306
44.58674
64.48971
52.87006
62.58745
54.26278
64.34015
46.90328
43.27170
52.23506
49.91347
50.21954
54.93402
53.97098
46.14284
45.10841
39.63464
61.19924
61.61059
67.97056
81.71748
50.07371
58.32457
61.28781
63.26368
49.36444
62.17965
53.77714
55.28866
48.37833
41.20581
58.77779
54.87111
36.58420
37.14432
53.62365
48.10478
52.47357
56.92747
49.56972
63.66624
52.60975
52.77690
48.93861
47.70819
39.68643
35.35170
51.26795
54.15033
46.73115
56.91534
42.91935
50.01169
49.34715
41.89045
70.66124
56.78779
49.71227
45.78378
50.95835
47.26557
58.64941
31.18356
44.75456
38.75586
41.21387
44.02326
38.03402
53.37697
53.48662
53.54953
50.90642
38.69208
36.33501
51.66794
50.89619
53.14207
46.76113
41.52201
52.78332
62.23401
40.03856
53.25245
53.89739
37.80697
73.21206
30.15558
42.82746
41.34267
39.42289
53.72796
45.65290
49.88863
75.24945
38.85490
33.41349
35.71393
37.66379
62.83195
50.93818
42.07421
40.76896
39.44883
63.49346
35.30684
37.35521
58.17955
48.05299
51.15019
51.12656
52.11508
43.21827
42.61024
49.04825
41.33195
61.50839
47.92501
45.50978
51.41046
56.78276
50.02303
56.29010
44.76496
43.30423
50.33995
52.97000
49.96243
60.22523
42.03936
44.93292
52.66192
41.54612
43.41786
53.84228
33.43852
67.11772
49.81926
43.97521
52.21649
53.59065
47.13498
75.43980
41.76835
49.73267
47.83351
39.85153
44.78170
45.96749
52.19979
42.65522
57.88322
62.33885
51.47531
61.86942
51.11922
49.69037
43.20447
64.95632
58.17463
44.18114
35.76110
52.99835
47.72782
40.86802
51.79131
45.79659
37.28259
44.34003
37.73700
41.42946
37.13199
56.39603
51.12756
42.30193
46.92293
57.02837
38.76163
40.06251
52.84582
51.35961
54.39140
47.69438
41.97192
36.66193
56.18023
38.79341
64.21166
48.51196
40.04683
50.63863
63.80876
34.87490
43.38127
37.52841
45.68350
56.94071
41.11034
46.29253
42.51958
65.89730
42.32750
47.50460
53.14318
49.85440
46.88468
52.00082
58.97697
56.33884
28.72315
43.20787
60.25969
39.45789
61.24550
56.85656
64.01168
44.02710
45.56408
53.12271
73.82499
46.54211
42.02066
49.07776
44.81985
48.76031
53.78849
69.32430
49.78555
54.13006
58.22580
76.26923
43.71790
49.62532
56.03536
34.84580
66.16445
54.24874
54.42130
42.21836
47.66566
69.88060
44.03397
64.60217
67.18053
73.79577
44.02277
36.26933
45.42091
45.20709
40.59171
49.14989
38.46527
50.04065
56.02382
48.42770
43.44611
50.76860
55.21138
44.50218
43.93152
46.63540
34.08570
39.17577
49.37492
32.25150
44.47266
55.97809
46.11352
46.83301
46.93382
51.68534
39.95027
52.48451
61.19306
51.27539
46.59367
38.84445
72.92708
40.76870
45.64832
39.76856
52.94746
65.79376
67.22110
39.95720
38.55275
36.73703
42.69453
48.26188
61.88495
53.96844
61.61618
52.32012
54.73497
45.70998
49.90011
70.32509
50.10263
41.64712
75.35186
29.44941
43.71222
44.11796
57.15977
46.35302
54.95025
73.08837
50.10830
64.43068
44.74714
44.72788
32.66643
49.74663
49.54893
36.00439
75.04613
53.58863
51.59309
66.78060
44.59079
43.81936
38.51112
41.56520
43.80462
52.51773
68.62601
73.56808
34.25625
45.49905
49.46728
59.23550
41.66390
58.37546
59.63710
60.54903
51.03088
56.34090
56.17954
53.18103
46.45343
61.28212
50.97301
49.15623
35.86373
58.38097
51.92883
44.71866
65.21336
48.47349
50.72709
49.72297
70.01134
55.06191
50.52670
53.36566
57.88170
50.24064
48.11882
38.70761
38.45265
34.82525
61.95953
61.85388
39.41324
54.42727
38.69785
52.72510
48.40801
65.43139
52.94179
50.45063
56.02426
39.21229
38.45951
35.20875
39.85892
39.11488
42.24463
59.81628
53.26219
61.22364
57.82988
35.50634
41.75047
55.56697
43.80450
71.23031
50.41145
45.46125
59.51318
67.98022
61.64539
48.37096
55.08429
57.65201
45.02082
55.43989
39.93115
58.32336
64.28434
37.19586
51.32350
50.92842
35.31858
70.30488
40.50580
29.31577
48.06448
30.00760
53.59019
57.05182
51.39890
55.31814
32.91134
49.76714
64.37008
41.42465
30.95874
37.76573
46.72011
54.11329
31.37667
43.52555
39.81153
50.72301
51.05778
53.22917
59.39265
53.09497
53.01922
52.66151
71.76412
55.41336
51.63653
44.83401
43.12348
48.07942
42.50103
54.90022
35.50243
74.58737
58.12532
42.46534
43.76475
54.46479
49.51411
49.42078
51.30672
39.74948
60.48181
52.26662
57.57364
73.11300
35.85807
48.68925
46.83753
52.39437
42.17683
61.80610
36.37823
64.45277
51.70890
44.74012
41.69090
41.56612
41.92779
42.10250
77.85693
54.32882
24.03894
63.59682
57.13562
57.32640
59.52446
37.47487
52.86106
40.35814
43.12876
43.35335
54.67056
56.10847
41.06822
60.31069
49.57337
46.26049
46.04265
52.93345
41.58358
45.92482
55.81057
44.76775
55.62449
52.04192
53.48105
45.98265
34.97191
48.60408
61.86225
50.16031
58.38717
43.15938
36.36351
41.21106
48.03984
57.82504
41.08379
43.39227
49.66431
56.73717
49.88736
56.50746
56.02775
33.08197
67.07131
47.65694
43.62504
56.63749
53.32958
57.48051
41.90771
55.47361
45.11000
52.74069
48.97267
60.20627
63.92078
44.95155
46.56706
51.84686
50.67964
48.18832
50.13607
32.98767
37.61855
64.78298
49.67078
43.18497
37.04474
48.53004
47.34022
56.87895
44.75338
40.85507
40.36399
43.74543
83.57930
63.11408
55.21150
60.36490
61.34045
51.66900
45.41611
42.80379
51.70374
44.74691
56.33318
51.65574
57.10540
54.25063
47.15710
33.40186
59.39614
40.16899
37.23755
35.98309
50.96323
71.58641
47.94448
52.63125
54.79813
60.61504
46.33828
74.02823
48.11028
53.28620
48.04389
53.07129
39.95223
39.01514
55.33339
62.50830
50.50440
53.63108
58.32780
42.53953
59.97260
44.76789
47.26854
47.73007
34.77421
52.62468
55.81645
60.15393
40.71157
54.56683
45.76363
49.91604
39.33476
40.71167
49.82315
49.95866
43.24909
51.29318
57.72822
42.09880
40.83710
41.92438
37.32885
48.90560
47.76629
34.54010
43.72896
62.50606
49.95320
39.90234
62.27033
36.40946
57.84201
39.82547
37.84589
45.08225
60.56595
67.35978
41.50742
38.83878
42.79198
50.75275
56.80319
47.12129
64.41380
43.69295
52.82297
35.36549
51.44568
41.58966
45.60166
30.06722
61.14890
42.77132
47.89346
50.54659
60.69572
48.37443
29.26305
46.71292
45.05812
50.01773
46.18339
43.74064
57.31475
45.01916
56.50061
47.92210
27.86549
55.92622
63.34917
48.03129
56.45139
72.95826
58.34015
41.08713
45.11007
55.64155
48.72484
48.01458
70.71063
45.76215
55.98301
50.65759
42.50526
61.78963
39.84228
43.03473
64.27388
29.35286
52.09661
52.61964
51.01436
54.18185
40.01839
50.73595
41.10699
42.09956
49.39201
51.21520
44.49467
69.13120
47.77885
66.36425
55.75276
46.41854
47.53118
49.70027
64.28972
47.17369
49.74906
38.60153
52.77708
49.26949
67.92991
67.59054
52.15305
71.30921
54.26421
39.15865
43.94486
58.89728
37.27315
49.97760
62.66485
45.94782
37.41817
56.67497
46.77337
42.81683
56.77194
47.36145
47.70932
66.87973
47.10840
39.10456
56.22732
44.66559
64.30707
61.60057
40.43584
70.66663
51.93867
53.13211
56.02880
42.30551
50.15879
44.46527
44.18102
29.00582
35.67709
48.48113
47.59947
41.86023
50.65146
54.37995
52.83181
46.70399
44.51504
54.00067
46.47683
52.49125
56.38613
49.85661
42.00417
51.75843
38.01745
56.20349
62.39592
43.09983
48.34671
50.35332
62.96173
50.60779
50.84515
33.33594
53.02429
53.51179
65.63539
42.21801
47.72252
49.68071
56.79223
59.62296
33.05405
55.92539
52.46523
64.71004
58.69409
50.60270
45.97305
45.46888
41.44306
42.03922
53.38991
61.81228
58.92063
44.95292
46.90877
48.54278
59.48564
60.42237
55.25999
64.14913
56.33816
50.76247
39.92212
48.93510
45.25733
59.05997
49.96282
39.09335
51.52719
32.65290
74.54273
43.30743
46.56740
38.14197
59.03632
41.42736
41.81332
44.24081
54.07615
43.89067
52.53586
51.09867
56.72694
52.51892
49.32312
54.81144
48.48851
51.61813
50.37180
53.87657
46.47311
62.25264
65.49122
28.03468
32.85893
59.27485
61.54313
40.37193
44.73459
51.86576
43.73284
37.00272
56.70762
60.24355
57.83414
39.56388
57.12269
49.33268
62.39057
42.47645
44.78304
60.65325
56.90410
40.42503
46.09417
52.81390
40.27486
68.90122
48.03580
56.15675
43.48171
63.49045
74.99727
51.82828
49.26506
49.00102
38.47492
61.41304
61.66246
75.59959
35.14643
55.05401
50.10981
50.34450
41.18441
32.82805
45.89976
31.41681
54.80787
47.71324
51.34549
42.81378
44.96954
67.19500
53.07437
32.77025
32.20645
41.77482
51.64451
46.57923
48.66195
37.24447
44.58163
34.30332
40.72502
53.26160
51.09757
52.55598
54.39449
35.79455
47.69490
61.33607
45.43089
58.83602
40.38980
35.33627
45.09664
36.68375
55.63788
43.41545
61.90624
62.82132
41.66110
40.91919
54.35090
60.54477
45.33547
47.54340
40.94102
59.06540
57.96855
51.81536
67.48842
31.01867
62.18602
45.21931
55.28361
60.35652
45.50918
45.22139
42.15867
61.17542
56.56386
79.30954
39.64388
47.19406
66.56527
47.98973
48.93829
56.95931
56.88679
50.62641
55.27284
61.11067
57.04018
47.10142
51.06123
50.21192
42.44206
43.62330
44.97441
56.73789
63.33053
37.38728
49.49669
50.75975
45.84103
37.39692
49.60372
35.66971
46.52690
50.54525
37.63983
36.57837
52.64341
56.15439
46.50444
46.73295
35.58425
44.97200
52.22909
54.68690
35.68619
55.41583
53.77169
58.23124
59.99568
40.06975
50.50417
44.81512
44.30716
41.61636
46.59022
37.50687
46.69508
48.73852
45.28990
37.33439
43.44261
71.83863
59.04556
29.76247
73.04303
42.06429
46.62954
55.94608
37.93348
66.35481
42.00711
43.38057
46.98625
39.37277
66.87588
46.94148
64.27449
47.60009
44.12291
53.85745
44.17596
44.19087
64.43603
39.63611
42.12765
65.59475
47.56878
50.76309
57.96920
40.63712
43.08298
42.64574
43.09206
63.64591
28.15797
37.61535
35.27499
59.89773
45.23562
45.02398
46.35698
46.02432
70.39204
45.38571
50.30359
68.56552
45.27373
45.08318
53.22937
42.66389
61.44138
44.73616
50.04370
35.17462
48.64959
42.51246
46.87165
63.95030
53.24669
42.20907
56.15704
43.39157
34.27512
44.67531
48.19958
36.27863
45.46282
44.33139
44.80393
72.10939
38.36599
33.79660
38.34147
68.04587
55.44391
66.56495
37.47302
45.56186
47.12475
52.63787
56.73778
43.01554
53.53359
49.55166
47.32017
40.34769
56.06663
52.51921
43.27022
57.64208
51.29450
55.74383
45.45943
46.01471
61.01410
49.45549
33.19393
56.04452
41.66582
33.41449
47.36735
47.43309
50.04966
54.00689
41.62641
49.54170
38.85556
57.24229
62.80326
48.74595
50.74794
45.36297
55.59992
48.46880
54.66119
43.43850
38.38317
51.37223
70.05739
69.02240
64.41904
35.88534
55.94941
55.69817
62.90796
60.87834
60.65055
44.65733
56.61806
37.06034
77.78844
55.02445
61.99612
35.54295
61.58229
62.42316
32.16737
60.48302
63.09441
46.97888
39.75628
55.06759
70.14459
48.68284
43.75026
51.83827
49.84095
60.71116
54.58133
46.85263
43.97229
34.17579
41.65777
37.85819
49.78388
61.28853
46.31170
40.28090
71.15460
57.59543
68.89992
54.57106
37.08503
41.52338
38.16042
60.32221
58.94763
54.52718
71.43266
48.53824
67.80875
40.39108
52.55446
40.70365
44.99227
52.93925
47.20503
46.64879
41.75651
36.28396
46.68638
38.63570
44.53651
45.13880
52.97436
49.57824
55.12092
54.62179
56.78646
55.60428
41.44084
59.99686
67.97787
52.77582
42.01644
41.78761
46.04467
46.10851
69.44382
45.77117
50.10078
29.55231
42.06634
47.25397
50.04792
70.96474
56.74829
44.40987
54.45776
72.64865
60.94905
63.94545
36.87623
56.33235
50.14697
55.00563
39.38720
52.18736
42.42266
36.32278
59.80751
45.42037
32.25721
42.38315
38.20172
53.90673
42.75985
46.64659
48.53005
57.69141
53.09878
46.20990
50.15434
37.90233
47.38265
59.46610
28.83732
55.93468
60.50534
37.40755
33.65776
54.52183
51.98846
44.61635
51.57423
59.41556
44.45224
60.71019
50.86234
38.15234
30.21511
46.01955
44.86311
42.01388
50.31498
60.95637
40.90505
55.85902
34.43727
52.89681
47.52874
35.14213
36.24320
43.66999
54.60355
38.12419
42.05792
49.36100
58.91445
53.51978
48.48018
61.05903
48.54428
50.19735
56.48135
38.31981
31.72063
38.00485
43.39984
43.86693
54.27422
49.94960
48.78605
30.67151
62.62264
62.90588
53.87822
53.91168
43.31188
57.82274
66.98683
68.05206
47.99014
36.15067
35.28220
51.07213
52.31487
61.61906
47.21927
39.47402
42.14112
60.28544
40.91748
51.77612
54.28779
57.90733
48.46014
44.15198
49.60877
31.17931
63.47269
52.73755
46.22634
74.50486
48.62862
42.76871
65.94829
54.88934
42.37351
57.72788
40.21116
43.17525
54.61577
63.03923
53.56454
57.24321
43.14597
39.05319
39.33581
45.40647
46.92535
40.04196
32.97808
63.21071
35.32470
55.07442
56.14190
49.82304
43.10967
40.61372
63.44306
35.46086
58.29176
50.42483
51.79223
59.28271
46.60254
52.88164
53.59176
61.01072
61.54943
64.56874
41.42173
61.56192
62.89648
48.96052
42.79425
35.96159
38.42725
33.21998
63.14201
44.98043
42.26102
52.05166
39.73544
50.80937
34.45498
56.81320
47.32160
65.10729
49.01714
40.95828
35.92156
48.84510
37.69937
58.04438
63.28377
49.26818
55.08362
57.25947
47.10104
52.49543
62.93419
49.56418
63.86768
62.86766
50.30843
56.68089
61.42960
50.16746
42.16481
58.73325
47.74482
63.38737
43.30754
61.30775
54.23662
40.30136
48.73026
54.98873
39.46351
57.04605
44.45784
46.59543
46.00309
34.28911
43.11558
71.28869
64.01082
51.44841
53.70928
59.98402
52.65214
55.49561
52.80631
42.31381
55.29708
43.32211
50.43460
62.55981
54.18722
36.61262
60.51596
61.07815
49.67593
39.05205
55.59339
43.05369
46.79603
50.24800
46.60381
65.35415
76.00188
39.52673
50.42180
48.71138
45.32211
62.47151
43.77682
39.19445
64.65158
84.33274
42.36544
54.16876
47.46396
48.02552
44.01344
31.77718
36.83996
31.68279
36.32399
40.45948
57.40491
51.11457
44.52250
38.41094
51.54269
41.73345
40.49119
43.52906
44.76469
56.68079
51.17807
31.16060
44.00057
55.18452
64.29346
47.78423
43.94824
56.90465
47.08262
59.67772
56.94008
61.49318
51.87210
38.70525
30.38906
45.80275
45.56319
57.83229
45.31439
54.62180
40.02855
43.36068
48.12000
68.49178
41.58879
58.72809
58.36178
48.39961
65.67531
26.46630
37.23675
44.92785
46.57620
51.84757
54.42322
60.11490
52.71010
57.73202
51.89006
35.45163
63.67650
42.31206
42.60219
52.44025
65.04707
54.36698
61.15815
45.34984
51.48079
57.04055
54.85404
47.15814
42.78272
69.26322
55.45715
61.36906
41.60140
44.60897
42.42008
45.95435
51.05956
52.03321
47.31121
52.57489
46.71682
62.43113
59.10468
28.32718
27.72425
59.75239
33.99350
38.78048
44.73219
55.25833
46.54294
43.49140
34.61979
47.70978
39.94283
41.84546
40.76888
43.73463
48.15308
46.13035
56.06053
62.42086
58.58215
45.80400
48.82568
63.97246
62.20458
51.86894
43.17741
37.17384
48.80302
51.99103
39.28292
64.07364
42.83518
59.19900
59.01160
41.96476
35.44805
55.32347
36.02187
48.98077
49.00136
83.71792
39.13098
53.83342
50.17461
61.36539
51.73964
50.10078
62.41385
57.18449
33.16231
48.08978
61.45456
42.65598
37.22172
43.74357
47.74274
35.72393
46.56880
49.44993
47.40633
48.12957
52.95674
55.97519
28.62907
50.39903
46.65180
48.37644
42.61944
54.25901
54.75504
50.87334
54.84125
38.66036
70.08714
52.92992
54.74012
48.13724
36.17356
51.98432
43.54397
42.42386
48.32119
37.40287
42.74049
48.10737
31.53728
70.46195
45.88830
54.21075
52.94566
50.02988
40.96773
61.78524
56.87952
52.47246
62.09627
53.83983
56.97268
50.58451
51.30031
40.27869
53.43150
66.38252
49.17324
47.47079
50.40420
49.52908
50.10722
40.43149
66.66265
53.93919
51.79666
45.10323
57.16128
37.32995
43.08452
50.11400
47.15799
41.73274
49.67867
68.70275
48.48091
48.08963
61.00072
77.51537
58.64039
59.54935
49.87475
67.14865
55.24622
49.09992
49.80077
48.32960
45.15224
43.66350
46.60121
54.04525
42.29275
38.47108
39.47379
39.51250
49.83812
33.74038
39.87625
59.07961
73.60816
40.97116
65.94826
54.49491
34.65100
49.03830
45.47817
58.39449
52.74417
46.41668
37.32572
43.66398
44.98205
37.94895
58.56481
55.35643
48.76232
60.55730
47.70095
57.01666
61.12287
48.49979
57.06986
43.42712
63.68890
57.63368
30.34893
47.40776
47.77636
49.16546
36.41110
65.79205
47.27889
73.21703
59.47369
60.71200
37.14895
65.78679
58.70026
38.15867
59.22736
57.09078
47.35891
55.31926
50.83951
60.04878
50.18191
43.48066
58.16564
47.72912
59.87273
53.89067
49.17858
49.84090
60.75413
52.48638
55.82272
52.70787
46.84063
53.91977
56.02798
38.13576
45.13502
49.52721
43.57063
44.29367
55.10416
59.58615
36.49022
70.02606
50.76522
39.61600
62.83350
59.39247
54.14453
55.49431
51.99875
54.16681
43.63292
49.79661
35.59416
43.65832
30.86290
74.05264
55.26093
45.13669
44.61455
42.20751
76.18765
46.23626
41.64546
44.20662
39.19115
47.47104
55.35745
54.79982
62.74681
44.41943
34.27447
64.94480
35.54667
40.12289
58.43142
58.63413
46.39398
47.82892
50.99825
43.92412
41.87838
56.09304
43.06569
41.71294
53.99328
60.35387
52.59293
44.60396
45.89300
68.72517
42.96211
52.50130
38.88627
38.84457
31.80764
57.88665
42.06334
45.68901
38.57395
34.38064
57.95258
50.76863
49.90045
69.71467
54.25618
50.77523
48.11945
37.58363
45.40796
64.86337
36.98224
48.34749
46.06429
52.50707
44.01602
64.08798
48.73071
60.29992
54.34732
51.81203
50.62957
33.53219
41.93185
50.61398
38.16639
36.42082
72.24473
63.42867
40.41783
54.41241
68.40262
48.91811
47.30919
66.84114
40.54742
70.09098
43.10434
54.29329
56.27583
31.38717
37.01266
73.22486
48.02648
47.62525
63.70361
49.70355
38.73467
45.87970
58.00390
46.46728
44.22451
50.10309
64.39305
52.07337
66.87815
42.69243
47.27874
37.25904
61.36569
72.76856
49.59434
49.16304
66.98046
52.05201
33.76156
47.00049
59.13423
41.73820
39.26907
55.05632
44.49343
64.59123
45.76535
56.66420
47.62955
83.05007
48.98544
51.35702
46.73237
34.79170
46.65631
63.82184
56.05300
51.34110
48.26935
41.85100
45.45758
72.09992
51.99193
57.21286
45.35336
58.66137
37.40129
52.04092
56.83766
49.95717
32.12493
55.82198
63.44122
72.15600
36.75218
59.67163
41.84068
34.76364
40.92101
47.89387
56.47922
51.63142
36.51212
72.97102
61.29398
66.82445
52.47230
53.07252
46.01984
44.54650
55.63438
58.63009
55.23607
64.53797
39.56282
48.30155
41.57122
41.65149
40.03287
49.68142
53.27768
56.78098
49.60076
30.10467
53.23437
48.65633
32.02520
45.17712
38.41516
62.52974
58.82289
67.14576
42.48906
47.85696
41.02806
72.55936
29.35047
25.96142
55.48490
59.59964
37.52041
54.26031
51.76387
76.76470
51.39097
58.68593
27.55119
36.05722
45.54858
50.55827
40.53602
68.04346
59.63499
72.66661
45.54005
48.57729
65.83511
41.27586
62.80347
50.92043
40.68312
46.40639
62.53738
49.70719
53.96514
58.75738
57.97074
35.78782
59.26046
47.81484
66.14007
47.80121
49.49742
49.81622
53.75232
52.04916
43.77917
50.76222
31.72009
51.57236
67.02562
40.78920
38.12852
36.89193
46.37377
55.73782
42.79183
54.26732
62.53227
43.82812
40.93122
49.23137
56.41431
69.99792
51.55441
46.76793
49.88794
63.85178
56.28148
68.25880
48.01353
55.03540
55.37999
62.60981
62.13457
38.63717
35.31938
54.31340
38.60965
45.24364
47.11743
52.11128
50.47380
52.05019
52.46773
37.22492
51.28065
34.82047
71.64972
45.26987
40.22536
58.12508
43.34387
53.33987
45.85228
65.32952
60.50143
45.37214
54.82419
64.65966
54.45221
55.91720
59.51960
58.69958
67.02965
63.79615
49.55802
41.86920
48.80633
44.58104
46.32506
52.07109
52.56485
55.72436
55.28834
55.01393
47.00293
57.07966
53.53997
50.26512
35.09876
50.20980
33.46797
40.01312
39.32725
51.72834
64.28052
46.39267
64.27673
45.43788
80.95171
47.19927
59.94483
56.33826
58.46225
36.65034
53.00433
44.55572
43.97304
52.15720
64.34297
56.11744
57.39023
52.74394
46.12402
77.20215
51.20691
42.15961
61.85473
58.64370
44.23742
43.50309
69.31534
44.76670
45.18150
65.45833
56.55195
55.53428
67.97677
59.29062
48.08245
43.78570
60.53330
55.07526
53.94752
41.29822
43.53771
31.10206
71.47744
58.78353
72.68660
55.99766
42.08869
60.84261
58.49377
44.90332
45.19759
28.76167
53.81016
46.51286
65.63243
63.82933
48.98064
58.40363
80.58884
38.85357
48.95908
35.35345
44.96671
34.33897
67.69006
58.03269
54.20274
58.87403
58.98323
70.55419
41.28546
65.61421
49.48796
42.30442
41.37380
54.09153
40.80118
57.14942
40.67558
53.59505
60.00235
42.38852
35.77425
49.67817
30.33961
45.51668
27.70772
56.86218
35.15731
38.21526
49.04517
47.92488
47.78476
76.49131
48.22982
56.89805
44.20905
39.03080
46.36819
48.95435
51.03207
48.41560
43.89963
44.36218
46.65870
48.51108
37.46834
55.68378
46.32054
35.00544
39.06244
42.18119
37.43529
53.56763
46.23466
72.56990
40.85824
37.24889
44.20419
57.62929
76.32203
55.63216
50.80253
47.80056
57.12616
71.86464
54.87725
57.73873
38.57182
49.43650
39.77926
44.08522
41.40983
43.18749
50.07516
66.66497
51.30816
65.74545
42.94112
55.24254
49.54514
50.77616
41.74026
43.59768
45.90298
34.61299
54.48924
38.43526
52.56229
53.85705
46.10716
61.78436
58.23258
72.29491
46.49515
52.86964
39.91799
52.66698
79.39729
40.39675
54.97686
45.99969
47.15231
60.77181
34.14788
51.29935
43.28564
49.44290
77.75103
58.84802
51.98499
52.56297
42.62643
43.11135
29.43874
45.79345
61.25494
86.74888
45.92222
53.81909
47.83232
43.30218
37.22636
54.54249
48.89708
68.88004
49.08594
59.34637
55.76779
41.69905
44.31531
41.41924
35.75758
50.12218
53.16684
47.49216
71.26654
34.36429
33.11797
40.79637
48.39727
45.73953
38.68946
50.62433
47.92918
49.43780
39.68757
40.16604
47.04048
40.32839
65.41212
31.30606
55.80222
40.41060
63.33839
46.84340
34.10553
61.88044
69.31481
65.56578
42.45636
50.44782
42.33230
42.04578
58.06983
46.52990
37.42681
45.75503
66.42416
35.55080
57.16050
52.26554
56.73432
36.26700
69.47421
49.73314
45.96729
47.47110
51.57093
42.78595
46.81982
49.46886
56.57544
53.09472
57.25140
51.72818
39.23865
48.69280
36.48561
56.42456
66.83651
44.68870
46.47029
23.71669
50.72786
56.70777
46.14380
61.84044
57.35013
46.72947
43.44099
51.96364
41.31148
40.52088
50.89552
45.21800
42.43363
42.73115
70.88475
34.68598
78.38400
60.72006
47.89343
30.07424
59.74554
49.13553
61.32136
66.53758
48.12975
35.26779
61.08604
52.22828
60.88931
56.74216
52.38732
59.28401
48.52235
47.41965
54.39653
52.22327
51.26594
68.59573
55.63127
53.78477
46.97274
45.00196
64.98333
36.74661
38.39175
71.77365
84.51376
41.19202
53.44149
75.44747
54.69371
54.20172
65.32401
63.06208
71.22487
42.48280
50.18757
53.78962
57.43376
62.70480
50.48330
79.89646
43.14085
41.46907
31.00908
40.44919
52.83848
65.17938
48.20121
41.81284
42.74381
69.94324
51.62384
50.88976
49.66627
48.91093
72.66566
59.53153
55.46731
50.00258
42.26796
50.92130
52.59549
55.56088
37.96275
37.20904
63.00488
48.41549
35.57583
45.44707
57.36776
73.44425
36.79101
49.09618
56.68575
39.94529
40.60840
60.08145
45.77691
54.35815
30.48578
56.99267
41.82596
53.47647
59.22345
54.81667
39.27914
47.25048
47.60102
36.99364
54.84553
43.43768
47.02356
43.20809
43.93547
44.05973
40.97093
39.96304
76.43096
41.83592
46.62279
55.03147
42.16780
33.32134
51.33132
43.94145
51.06090
46.01612
53.26525
51.11560
45.48678
41.07291
79.88441
63.19264
43.47971
47.34420
38.69801
40.79158
56.78426
49.11089
53.07528
37.67469
65.69391
53.15016
47.89692
40.88509
61.62932
63.44985
46.33744
42.64359
40.13895
48.37885
36.75343
37.39956
34.95839
41.86631
37.36882
62.03842
47.30371
41.76179
39.15513
36.94127
38.37131
59.15360
48.38461
51.28588
50.93765
51.98737
35.02992
57.40822
34.12432
37.82446
40.55319
46.25933
56.74373
41.22507
47.12819
35.97815
52.95257
40.69571
57.05054
52.98948
58.94849
54.23117
52.67504
57.62499
56.21089
51.03873
47.71958
71.78249
47.34649
53.24461
53.02927
69.48100
55.85861
40.98492
55.02187
50.09530
58.63637
46.01799
46.21621
31.19047
60.14775
57.90203
42.51696
45.96154
42.30888
60.53331
36.94712
45.67177
47.99084
43.84527
43.29229
45.57280
53.66734
40.25643
28.80861
56.56768
49.68083
33.13136
38.14018
40.37746
50.73908
58.95388
48.04932
68.48219
37.57939
49.60448
40.95137
47.46994
53.02058
47.44007
47.93496
66.62511
41.70205
60.81203
42.46796
46.85439
37.80953
62.16573
71.56048
41.00392
49.90981
40.37150
37.19062
60.00490
45.80011
56.21401
54.13636
55.34873
49.68231
36.93223
58.79568
45.47047
40.03712
47.26742
44.98151
54.54071
56.70080
61.61289
41.41204
46.22135
32.52926
53.05020
62.54911
52.90283
36.92802
54.45087
54.96376
48.20249
89.31010
59.07283
47.32744
54.50875
46.27580
52.48435
35.53232
69.36921
58.93871
42.32876
45.36924
38.63495
45.97122
53.62980
43.14275
41.97522
51.83590
67.18910
45.43221
46.46401
67.67673
61.67388
39.72722
47.08973
43.00243
49.56811
61.31269
57.52425
44.66237
30.78531
72.67872
34.72232
42.67695
48.56898
53.10955
46.28144
34.65750
32.97308
40.12424
29.36842
36.91891
34.60424
43.83859
48.23154
48.36683
41.08719
34.89299
47.53626
60.81852
73.65353
43.31230
47.50896
61.64868
42.97629
53.78395
39.93086
47.20206
39.23987
30.36555
67.51017
46.99610
53.23971
37.51786
40.69433
41.50081
60.68486
68.43720
43.67034
56.94603
51.18262
39.48154
39.06464
34.08150
62.62065
53.42017
59.37550
53.36424
47.77295
45.16032
42.81108
51.31407
43.97150
51.59825
50.37330
60.41300
49.27292
54.73113
48.83063
36.10031
46.38892
52.03450
34.26794
49.36332
45.87059
48.59838
68.37023
48.67660
60.02049
38.34297
45.35301
55.50096
73.27714
46.81169
71.28720
36.01814
79.91152
62.10034
52.74968
43.26781
42.87225
51.48064
53.07469
31.31290
45.49215
55.72720
37.68377
28.10002
45.99570
43.27009
60.66274
65.57096
56.49462
60.20100
44.58304
52.89447
44.04281
60.23467
54.25940
59.15495
49.23695
51.65296
50.47960
49.76978
55.71945
45.78800
49.75596
36.63917
47.32571
52.42612
40.38007
70.92013
57.00711
40.86483
35.72223
52.33213
54.65802
53.29289
52.59091
69.01948
51.03595
46.05650
76.19638
30.52558
55.58541
58.74415
38.97275
53.68182
43.62203
34.89449
42.74518
54.38712
50.84409
37.40885
54.38507
49.37932
60.92886
44.56860
46.31277
44.50889
30.58203
46.56111
59.44176
62.04403
43.16687
43.32077
35.84675
54.14051
33.63688
48.50912
45.17134
53.08467
61.02050
39.39155
50.03638
60.91839
40.46797
56.25366
45.94783
58.35257
52.52891
39.62949
63.47246
35.38781
83.09452
33.14276
69.30046
47.92637
42.96375
41.02103
50.53718
44.66849
60.49452
48.63735
48.90690
46.04736
41.38859
41.59799
47.12064
40.92873
76.39745
36.28693
29.91455
52.68495
61.50847
43.29760
43.36250
47.36115
38.54650
53.71716
37.04812
58.74150
55.76221
57.94668
61.85308
34.87978
48.13839
38.18331
43.00413
61.09153
40.66926
60.75259
36.16865
37.81680
47.65094
45.85824
37.56941
75.11206
58.34680
38.94857
51.74441
53.78057
47.19144
52.42161
56.23245
69.08147
47.00714
50.49031
39.73007
58.47292
42.84248
63.00448
58.01666
43.51111
34.96359
44.59195
44.28362
66.72888
33.44766
40.21691
46.00194
38.63447
47.80836
62.65901
45.00453
55.73480
52.04197
49.22316
58.28677
45.71483
51.13950
38.33806
71.50921
67.34723
24.55238
53.37992
41.61248
56.32714
42.61239
55.48978
25.39755
29.30674
46.55816
45.70177
50.80913
38.06372
62.91759
55.43161
37.80837
30.85362
47.17971
39.14639
50.35596
45.66696
52.12950
42.49907
64.38450
65.11960
51.34195
40.13909
58.74294
58.75050
59.90612
54.45100
41.31548
46.28555
30.64881
59.11952
58.85938
44.26281
68.04125
67.86511
48.61969
54.82071
48.08656
51.53172
44.81369
58.35456
50.36663
38.13783
38.60139
50.46013
51.28309
55.87297
69.68374
54.35367
51.88479
62.03544
48.31783
56.18496
35.51473
39.06734
39.05513
55.42439
39.07843
47.61345
49.26940
30.91061
79.95782
36.38389
44.83059
47.03187
68.82494
66.03564
50.31154
30.09534
50.56557
37.60950
55.32067
40.57087
53.37176
50.14921
52.94182
54.23677
56.23227
68.65040
36.58225
45.25114
36.28326
46.76294
46.32006
51.18641
54.17805
60.49201
62.15097
45.74276
66.05461
53.84829
61.57412
42.20464
44.05706
45.46899
67.13840
62.27321
46.48839
32.42666
57.04020
53.14767
36.96505
43.14203
43.86479
48.76784
55.14326
40.75215
36.32926
42.46880
32.38746
55.38676
40.07620
23.96333
64.63780
50.08482
37.29319
49.08356
58.28898
52.28379
42.17236
60.71030
48.94009
50.65530
63.25648
55.53480
48.47350
41.33789
56.23404
44.72046
46.40075
43.82716
43.17047
36.52161
48.96936
47.73905
56.92753
32.77760
38.61596
71.98185
55.18162
57.30634
51.86829
63.03000
50.40318
67.80151
41.61771
53.51465
52.92958
50.35687
47.11676
44.30199
55.54312
51.53269
36.15341
54.91385
66.21497
59.01105
42.82466
50.17941
33.67519
42.65048
40.52253
42.95690
70.89965
53.07057
42.36772
44.95191
62.87830
57.33553
37.84028
45.25170
55.98121
55.94626
45.97166
57.49339
51.63322
55.86837
52.58503
54.60569
41.45360
50.70359
43.57752
51.08389
47.06820
54.03189
33.06391
52.47179
44.35774
60.61401
39.65663
51.87513
48.80645
38.89879
63.94677
53.63640
42.53401
32.39230
30.64297
60.88230
54.93727
52.24256
51.45996
57.33252
48.48329
55.92641
49.47863
54.58958
46.29472
47.41224
45.72262
47.53047
43.26837
42.11413
74.37190
54.97974
49.86122
52.55146
42.10949
65.96336
25.17155
45.51159
53.49785
59.94861
36.59243
40.05945
63.82780
56.46070
48.43789
42.96759
47.56126
67.50363
46.64728
36.08200
49.35057
38.45754
51.45725
64.57521
54.68722
61.98569
66.07986
49.21881
59.74208
79.37182
57.22362
37.07614
45.60503
56.09849
65.45658
37.28162
44.79003
57.44777
53.65354
54.01656
46.97225
58.77718
46.46503
52.78097
68.61472
48.10342
48.89774
43.28527
42.18585
34.23308
39.66382
47.17199
45.18884
55.55260
48.46807
44.32771
43.70600
44.58880
62.28623
44.44612
34.83051
40.63101
49.01804
58.90762
42.91150
40.50175
45.15847
57.23421
35.63560
52.47423
51.46865
41.94141
41.63349
46.79404
49.00615
55.03495
40.39690
36.87768
36.49674
41.23997
35.27095
49.92921
47.16065
53.27189
50.53543
45.07001
40.21299
49.32894
51.07167
48.86439
33.71307
40.24198
64.32824
50.73997
32.33533
37.58176
52.03002
50.97834
50.39490
40.41244
58.48486
41.24781
50.82833
52.48056
51.89215
44.12547
64.26042
48.96511
32.03501
46.21637
52.05100
44.27512
37.63267
42.76562
47.24053
50.64284
54.23825
64.34391
50.12712
48.62375
59.49172
43.80712
59.27458
62.47855
69.20847
50.11400
51.23080
34.35498
43.28751
48.94288
66.18326
46.05550
49.85137
37.68926
34.26379
58.77686
47.10388
80.87319
54.10575
56.27164
56.59983
39.66716
43.04087
50.10217
56.92588
41.62965
55.32420
39.71686
47.92472
39.91829
41.85509
60.13668
48.31061
36.37029
32.77140
45.11378
42.23879
39.39715
43.95559
49.29290
56.80080
64.74945
45.61736
43.69434
38.10483
41.38997
56.94816
43.97192
68.35305
43.98771
47.07242
85.46626
42.39196
56.30952
53.58936
46.33106
50.79310
63.39099
50.21640
54.09369
33.53244
46.21569
45.47281
42.74350
44.26804
41.50932
68.52923
51.38694
50.45867
67.16059
58.21719
41.02766
54.90565
53.03684
60.21701
54.95025
56.62127
62.57211
60.86010
47.13749
44.15356
60.79196
64.49482
55.10594
60.17529
39.04646
50.79796
66.76140
45.62860
58.83952
73.25180
54.33373
55.60309
45.29354
44.89578
65.10532
58.90411
57.41067
45.55621
44.10108
50.70928
54.52967
48.74886
40.60836
58.16622
30.95279
48.81802
54.72837
50.71292
49.21558
59.52597
53.90325
60.72193
42.43952
45.45592
45.97529
40.21453
52.22152
47.35847
58.03605
67.27560
36.17222
53.49314
38.24525
48.17963
45.81111
37.15345
54.79894
52.64856
54.56659
41.94710
67.56176
56.52073
38.58812
56.76603
39.28231
43.02493
38.44920
72.32846
57.72020
52.93083
44.90476
54.55434
44.04317
46.08028
63.86747
60.66153
61.29059
38.38628
52.52019
46.89406
46.61079
56.21854
55.55021
51.67511
84.17561
64.85203
52.80369
46.48116
40.40849
37.54194
71.51081
40.58811
61.55175
50.14261
38.54988
52.71712
57.49137
41.72022
37.97718
58.78672
54.13003
41.73020
35.64176
39.76668
42.13784
39.48617
37.49207
50.64852
44.16086
51.53478
52.63324
50.03457
59.78021
51.52204
42.77437
49.43530
53.79888
57.24121
46.55267
47.16623
24.94297
34.57368
43.96534
50.22602
57.36115
61.82415
66.15866
57.21606
54.49988
56.23353
33.40634
56.41623
37.99961
35.52788
42.79704
40.14222
66.40378
49.59892
49.21371
36.41036
28.19877
38.76448
37.69740
51.72681
66.15995
51.33008
33.72273
52.24229
40.97987
37.37090
53.55974
62.58926
44.65821
63.80091
37.92461
46.79147
47.00059
47.66033
51.26553
65.89473
35.57391
48.65517
53.11252
52.64584
48.02083
35.88250
49.23467
36.25537
52.31630
38.25047
50.56998
36.09061
40.14249
58.51012
55.45156
44.40388
50.04492
48.67938
47.58885
43.94290
32.64166
65.67052
39.75242
45.73644
69.21507
57.45018
69.89948
49.02815
33.15764
36.07337
68.39596
40.75547
56.23262
51.54183
35.31752
53.63063
31.85916
44.34239
69.24341
59.63764
56.90905
58.79893
65.97603
55.66401
41.57299
64.30547
51.12999
48.56492
50.60320
47.40334
49.57802
51.44868
27.85417
53.01163
39.97780
46.35681
62.38367
58.38968
40.16121
65.79838
58.92804
65.55972
37.46717
47.64976
57.45545
46.10139
30.04298
46.30149
46.75736
53.71633
51.22766
58.61392
46.34736
68.25219
44.02915
51.17512
71.90501
49.34351
78.41886
52.38633
44.19844
62.95652
62.31509
43.44823
51.63365
58.08140
54.50640
37.57029
36.97661
39.53634
44.26192
49.52307
39.37162
52.94263
50.20662
45.18119
34.20765
81.03778
57.37612
48.92128
57.32312
49.36134
47.96547
70.48056
36.15244
41.71772
64.82443
62.14027
35.74659
35.50917
48.80482
38.44211
42.56706
56.01086
68.67666
52.98222
52.23520
50.82957
66.55912
57.49634
47.36762
61.18200
49.33452
59.62660
64.65245
54.08314
57.50928
65.06653
55.36981
74.89432
45.83173
48.15902
38.32054
71.73720
59.66812
44.14659
39.76619
39.81155
65.59813
58.71029
52.46290
51.38689
44.80006
69.38774
50.72052
49.32577
47.71718
35.33686
37.22850
48.56674
47.55163
61.65379
41.64875
41.93215
38.12142
65.20599
50.19259
46.02804
61.99180
49.10809
53.73397
41.44373
41.22200
49.17299
45.24719
56.99993
56.71985
67.42356
76.60044
53.10154
41.33707
71.18540
40.76830
48.88421
48.47933
48.12592
37.71116
82.60720
34.58957
53.40047
66.92128
54.84213
51.95420
32.15012
45.23116
43.97224
38.86097
48.08129
56.27084
46.80010
33.95199
38.43343
41.48186
40.04162
33.29383
45.26670
38.05660
50.25237
47.95596
51.82421
63.67646
56.09801
47.18414
50.68265
53.70678
43.04023
37.21716
48.41171
37.99084
50.14946
63.13253
52.28243
46.61452
67.17743
53.15384
50.83788
48.05082
40.83491
63.40559
52.27030
52.67361
81.96823
57.13943
32.35601
38.06296
52.94234
47.23105
46.88547
42.65626
47.27392
44.99378
38.37873
57.26802
44.83871
47.89959
58.89958
51.62573
46.17617
48.94561
49.17352
55.68405
36.74290
43.03710
44.74159
48.46087
36.81297
45.13558
46.27468
47.88390
38.52912
45.33220
49.59242
45.40888
51.54140
38.79924
50.42973
38.28125
42.86373
61.01068
61.55655
43.66959
50.46107
34.49007
44.37179
51.82366
45.21574
53.73708
62.58270
39.02864
50.09092
39.66417
31.30757
60.19667
53.00674
48.00706
53.75252
46.92679
48.23632
40.33103
41.93398
36.19780
59.15398
43.42536
40.38721
51.12295
49.17057
52.00199
67.30064
56.94900
54.70632
50.83436
61.37579
31.86512
39.43563
54.83641
29.57896
61.58942
58.29689
44.11839
64.35836
50.57055
35.33353
45.97290
31.50007
47.65149
52.33962
50.73635
44.24694
46.41480
61.62392
41.34784
42.18010
48.98517
62.82687
36.49777
64.49843
58.37098
53.22933
51.04381
42.38593
69.26412
50.15612
53.89036
34.89636
42.83672
48.55729
48.86581
58.60633
37.21160
74.52504
55.12746
48.78972
50.44721
56.46409
35.06861
35.79172
34.88444
59.63438
62.38934
42.55779
46.30497
42.80944
63.47796
53.07042
41.39758
36.64575
51.96030
42.82696
59.21312
46.28158
36.07914
41.77531
39.88215
49.60224
50.22265
50.18700
42.32831
52.98776
41.12291
56.46282
60.16837
34.57271
63.04724
47.06298
52.18522
48.59513
51.03420
60.52478
25.72796
62.93580
52.08498
47.25622
52.08357
62.30876
51.94561
48.96074
60.17658
42.45229
44.05343
41.94421
40.45078
32.35546
52.54998
51.11834
40.74542
45.00881
33.27405
51.63414
50.96351
51.29056
45.20241
67.68550
66.38507
50.50480
47.94945
44.70412
64.44783
34.45748
44.09709
49.96022
39.31639
56.83576
54.06540
51.38001
38.74000
40.31843
42.30462
46.58213
44.04631
64.88397
45.63862
49.31285
50.48957
40.72385
78.49713
56.97784
45.07460
59.90880
38.27021
45.46311
44.35009
69.74140
55.33663
46.83463
48.25234
38.83839
49.87440
52.47997
53.83863
54.30034
52.19364
53.95263
38.65942
28.19734
51.12447
50.29400
41.68073
45.16039
57.81553
78.14343
47.89242
47.75543
47.06534
50.31405
51.15245
64.36821
51.79113
45.21664
35.63886
70.56266
49.96746
54.41637
56.55425
54.75228
41.80434
41.36506
49.15068
46.15771
42.35329
42.45338
60.27279
63.37730
72.29250
42.95176
51.75086
43.33076
61.68184
55.75755
73.99270
45.98370
49.21785
62.28311
44.55045
47.44256
31.87548
41.66623
61.33058
51.10412
43.02670
71.19141
85.81056
43.02247
64.97012
44.42019
53.60569
48.73479
47.07038
53.04038
47.05293
45.19524
57.54171
48.30789
47.53791
48.45951
53.11080
51.35239
76.92983
71.33529
62.68997
38.35096
37.12215
42.08593
52.35655
47.91057
64.04330
48.13778
39.94772
51.75080
55.66802
50.77647
45.97259
53.64544
27.05848
56.25930
49.22862
47.69911
44.59236
47.98989
43.00880
48.07741
54.66028
34.45452
45.88919
41.36198
51.21445
44.25410
66.26135
58.45545
61.52353
62.84531
47.71383
35.53018
35.44167
55.11363
61.54093
43.51891
49.42133
41.23813
55.15360
66.55190
49.69407
42.36984
57.37183
44.99306
58.06897
39.24604
48.24237
43.64281
42.98942
59.30468
34.40219
60.47422
53.07836
47.12955
55.63924
38.21809
53.66511
47.97740
37.82979
47.37528
62.38903
46.34278
47.09627
35.21546
34.44194
46.71304
34.47198
41.81866
70.04497
41.76145
37.22464
59.85868
50.54461
52.22274
47.54466
69.63991
44.47801
51.57913
62.35045
50.23907
53.02093
85.10059
33.30068
44.61098
38.98628
67.41884
49.91762
66.81712
45.11377
48.81452
53.27502
51.67070
53.41561
78.66203
43.63672
33.66002
37.44561
55.24950
46.69142
51.76561
60.80307
48.75865
66.28170
42.04876
59.23846
35.91049
58.17601
46.35606
53.69218
41.86248
61.08351
58.84418
47.32773
45.18242
52.16158
53.61919
54.76306
61.22672
45.18768
71.43613
35.00558
47.00967
34.85873
44.13783
64.26587
47.75743
40.02450
41.65229
46.76761
53.56374
53.18321
45.39983
36.48473
24.34355
44.01967
57.41136
43.68181
49.25578
53.89497
43.91368
50.16932
38.93925
40.90840
44.95829
48.87604
57.29509
44.46511
70.61898
43.14821
40.68581
64.63551
37.87364
38.74326
44.71459
51.14030
51.61412
38.47478
60.28248
46.18827
52.25863
34.42883
40.73749
68.89210
44.86134
55.05928
41.01953
60.85858
51.57482
51.38785
37.25822
34.97123
67.84292
46.91286
40.53057
33.62043
40.98311
54.20289
54.30568
28.06297
41.57531
50.78540
50.64520
54.43953
87.98034
53.92889
54.11430
37.44398
55.72657
59.76786
63.57170
47.55987
45.74246
84.86237
52.69212
43.57997
50.60130
42.65333
37.99942
44.87768
67.02684
56.20065
39.51251
63.52799
37.95102
36.52331
48.05383
41.16943
46.35080
53.66957
40.48167
32.92443
61.55695
52.07655
48.30559
54.24102
35.83685
60.42696
40.22506
50.01575
45.31272
34.47785
57.31008
58.98716
36.29683
47.02327
46.94715
54.40356
39.40060
36.08981
64.75816
49.20046
38.57675
43.01537
36.27573
53.15021
44.07458
34.03326
50.03657
49.38837
38.57154
48.92089
39.79034
54.38901
44.11377
44.06744
45.40809
42.90720
47.26705
37.56770
47.30415
45.91681
53.12094
39.08035
47.71078
37.93916
34.05243
43.00267
61.79538
43.91459
63.61377
34.93869
73.49676
47.83589
54.67837
47.40881
56.01900
63.04478
55.44058
64.27995
65.80960
60.63601
58.43601
48.60391
39.45889
45.97238
47.44928
40.40895
37.89240
47.19621
35.16836
59.14218
45.00907
45.43468
34.59637
39.01979
36.87627
61.22834
60.28208
46.09583
40.90239
60.49043
50.56504
51.89238
49.19248
40.94035
52.38169
53.43488
44.49253
53.77157
42.73176
60.71846
54.45642
57.04103
58.21241
47.47355
45.47997
64.18773
53.28371
53.23829
38.76981
47.02301
34.78204
69.63008
38.54488
68.38937
52.56475
48.53635
29.98357
66.05973
48.80209
46.73425
59.42473
51.74266
56.62467
71.18021
66.84345
51.84347
47.77457
50.00939
44.35125
40.56978
35.01327
75.76108
45.57506
39.07521
46.21177
49.23386
39.23438
41.03861
37.62092
49.17755
62.48034
54.74684
52.77610
41.81103
53.26908
59.61960
48.75626
42.45405
24.82294
51.58587
46.21028
50.65821
67.46469
55.85146
43.42793
36.73430
44.53878
69.35229
69.97236
68.38199
33.68492
55.79475
43.93993
84.60763
55.14781
44.35241
48.93054
57.10154
61.36962
48.81402
38.74487
37.91639
60.94271
54.34296
59.95462
41.98531
63.78660
42.04298
42.99091
49.43026
69.21416
58.00562
59.92243
60.81104
44.17494
44.77253
56.23844
40.78066
57.79596
43.38668
43.87595
54.97922
44.28979
41.59145
51.69209
43.28148
50.54567
52.69610
52.35218
42.25188
76.32549
48.41457
40.63515
59.76752
48.79772
32.01910
50.66031
39.53693
26.11093
63.14509
42.78461
47.07039
55.62433
58.20827
41.00867
45.62973
43.86598
62.83902
47.13900
66.30970
54.49293
34.43530
55.94259
49.81658
39.85066
34.31412
54.17629
45.61787
61.38947
49.47602
71.22622
54.73312
66.40009
60.22062
41.87524
47.96413
65.61209
46.87626
56.07463
69.94747
66.80951
52.46619
56.98121
54.16269
88.98039
32.60636
46.56626
89.42280
47.62568
54.77493
47.97500
54.17699
81.02647
48.76684
38.33634
49.14647
49.60557
41.17860
74.20798
37.43303
36.40460
59.86536
46.48473
34.04624
49.27182
45.61406
45.90620
48.14145
35.77056
50.42073
41.56207
58.72122
62.30594
46.35515
61.85193
52.88130
68.38713
47.47659
56.88388
34.28581
45.59580
39.48173
43.48574
54.73329
42.17082
36.95099
34.20876
48.17486
53.84775
46.18855
44.19822
71.01949
49.32410
42.07102
52.27819
48.54611
47.82846
67.06471
39.33407
36.61000
44.08094
53.89577
47.42611
48.44660
45.45919
70.21464
40.11268
58.87026
57.98073
54.88774
73.71248
56.97951
46.05383
50.83996
62.68660
54.71617
63.40090
37.94536
63.38512
44.16977
59.60733
45.22941
59.97297
59.20519
37.91378
65.07066
58.50675
31.78438
76.44799
65.35748
54.12316
49.09466
54.81215
50.85292
27.61627
58.25235
56.09725
44.89954
44.16488
36.59540
52.28117
50.60551
62.10438
68.47357
55.17041
48.13578
38.40378
63.94406
56.49124
36.42908
50.91115
63.74435
39.10702
60.00062
57.00875
44.93917
39.08585
38.85832
25.51696
43.53735
62.22208
53.38852
56.87885
57.36964
42.86466
59.25529
44.70311
25.74051
50.72982
34.87817
59.76688
44.94842
41.40254
42.65804
45.16779
65.03213
48.94025
68.14173
36.42171
57.71614
51.86514
72.80063
56.83496
63.81258
46.27644
55.08387
63.31865
43.29028
56.01698
37.84891
59.29866
55.65670
49.06160
49.63476
45.91937
46.22335
36.04354
49.20167
60.43044
51.28381
51.94240
57.74684
46.02094
52.77252
42.16070
47.41464
39.19665
48.89078
47.68519
67.29630
55.19181
38.69112
53.87964
42.53641
46.08258
61.54691
49.01379
50.96787
55.59882
55.22505
55.00374
37.69141
54.61652
50.18835
68.12007
47.80545
45.21568
53.06369
47.02254
63.50007
53.14049
54.14817
45.15113
64.23466
74.07395
41.90566
68.04436
51.94875
40.98522
47.38913
59.18383
44.09734
56.67166
63.82531
50.46028
58.77238
43.03950
32.67438
63.54134
46.97607
38.03933
45.25673
69.22759
54.30069
60.46126
45.39447
50.87217
61.28180
43.13839
49.27472
55.82884
48.09191
39.21395
41.59563
58.79617
47.53573
38.34792
47.71010
40.39595
58.17763
55.59224
44.12120
41.80647
41.50580
53.49960
55.09116
40.28199
43.12090
59.24493
31.20435
50.77457
60.69639
60.04850
45.38890
47.51726
37.28212
41.37531
50.33904
44.83819
54.63933
55.21466
48.53542
44.95864
47.96073
43.01757
56.40321
36.83804
50.18389
57.13647
51.98140
58.55404
56.67931
45.22907
66.71912
45.98060
39.93531
47.92311
45.26106
41.66189
38.64967
61.99894
50.12097
51.68446
41.69844
53.27404
54.43774
37.43002
58.97936
62.95715
48.37763
59.82294
67.39029
52.67101
54.05755
47.71184
48.25653
50.61004
54.87608
52.20979
38.63601
64.71541
41.87828
39.02395
50.71799
56.54313
53.00633
45.18113
55.84220
36.76447
66.11493
39.43768
33.25156
48.72390
39.24491
40.69301
45.53053
47.42045
49.98108
43.82320
51.03813
42.13470
37.86312
55.37100
66.27719
39.56321
40.58216
73.09558
55.83657
53.45984
53.22427
40.85777
51.67111
65.04778
36.61171
44.30597
45.75742
48.38948
45.43841
50.40138
38.79541
38.91658
30.36912
51.05807
41.68555
43.24458
53.04309
54.15640
44.11789
52.95795
46.39202
45.20536
41.93349
46.26572
52.41423
64.34621
55.14232
54.97086
32.79814
53.14003
34.98061
48.99606
45.31663
40.43404
67.90332
61.46154
60.97340
41.01555
48.76620
59.05874
50.29725
70.03982
59.77935
44.65445
53.05598
63.85205
58.52435
60.89380
60.11565
63.50037
60.84480
52.25172
62.73914
39.01982
51.61561
45.00832
61.51119
53.26709
40.04973
35.17194
44.24405
69.73828
37.46196
60.31396
35.66928
54.28957
45.51566
36.33883
50.01947
46.80164
53.98586
47.61638
41.42560
65.82398
53.17290
35.65580
94.00140
40.03541
59.08026
64.08519
51.40475
52.48286
48.15626
44.35203
55.37011
53.77594
76.44137
61.98702
55.67944
55.89222
42.57199
43.74821
54.39026
54.86536
63.57986
44.96703
45.40721
48.05181
41.10437
63.14104
47.84942
78.89734
49.23732
54.83046
54.74982
37.62961
56.66741
57.81085
47.23943
63.25748
45.10145
45.80133
45.82121
50.89522
31.12034
35.42640
57.71598
46.07464
42.17199
55.26917
67.16697
49.47382
57.61480
50.39638
67.46263
49.19270
55.11460
33.56227
41.59736
41.00983
47.88958
44.40902
45.97621
36.94658
52.63978
60.90352
57.48297
45.37481
44.62566
44.19759
48.44252
44.47298
47.83241
52.48452
49.19711
41.17251
69.54803
38.26679
44.45216
49.70293
51.23065
34.17284
70.12421
42.58456
46.18702
47.33509
48.01026
52.77065
47.74489
52.58023
54.70010
56.66371
40.93400
63.04225
48.72247
50.29526
62.70995
54.56677
32.16873
50.52713
50.47101
46.26722
42.36258
34.68445
75.58207
47.71615
45.28752
42.38981
48.99632
52.28476
56.66998
52.41159
41.57879
77.13283
50.78106
54.46808
38.22327
54.84113
56.11575
54.51903
45.92834
43.22080
53.88097
40.53600
39.84243
33.60805
47.01057
58.39847
40.53650
35.94126
64.29570
45.86969
47.07929
54.07059
38.87931
44.55364
49.44293
45.15443
70.21521
49.65775
48.95354
57.04657
53.49664
46.08274
44.85980
51.96675
65.05715
60.32656
52.01433
49.90649
40.46860
55.55810
47.23419
47.02265
50.40822
51.42452
56.02382
41.11467
32.18481
54.06126
61.44150
68.03649
56.26917
45.44603
42.13656
45.73840
45.12500
37.24676
57.92481
38.28469
56.49243
69.90257
61.36171
35.05650
47.23847
46.89744
38.33186
45.33975
63.76659
41.19133
53.19964
76.56869
60.36113
57.21831
47.69334
52.93980
44.20881
42.05946
77.35480
59.79442
39.83257
45.66879
69.44953
42.54358
55.42754
35.41601
57.22313
35.96314
43.32110
48.44079
45.22554
53.15649
45.70086
53.87244
37.16832
65.65427
67.64108
44.67903
37.55015
42.77185
59.36001
41.00009
65.31776
36.44425
58.51552
63.73402
51.33824
64.41382
40.06790
43.72942
49.11493
46.85908
50.27750
41.38749
44.04683
45.35567
63.71105
62.71825
54.59431
30.53016
56.86070
50.65506
48.32911
43.13597
41.22754
43.29279
52.56701
42.89544
59.64729
61.21875
49.70487
32.68584
45.67330
41.27651
37.42749
56.37514
58.31538
45.26623
48.46256
38.00758
48.70573
39.74935
48.54643
51.33000
50.96686
49.30578
52.71739
51.14372
63.19740
53.76701
48.85767
42.26933
57.37359
55.81647
60.12816
43.10764
60.13017
47.19844
51.13811
62.48446
45.51270
44.06939
47.72806
48.17540
48.02232
48.86955
50.46501
43.48892
46.59007
56.10444
61.40296
60.90181
59.73029
35.32653
47.09362
56.47017
70.05587
45.36537
42.26879
39.97675
52.06847
46.50591
63.00882
51.94365
40.21745
45.55228
43.16037
66.38920
52.68713
56.22729
80.14975
36.87261
51.57103
42.45795
43.37168
53.91692
50.39929
47.61750
48.31227
48.36391
52.63394
59.33439
67.57448
46.77748
43.07262
50.43136
51.66345
37.36951
48.43315
49.83019
39.98114
39.88893
58.83110
47.49699
49.22289
61.53376
62.36166
58.99768
44.85470
51.70988
48.86861
45.35272
46.52739
53.37309
47.80833
63.14918
65.08022
34.60106
39.63958
56.79278
58.17933
51.53152
51.81354
47.91541
38.75009
49.19597
46.41671
49.64491
59.21542
53.96879
52.66029
44.24447
45.56872
63.37752
53.67315
58.59819
52.65573
66.58385
41.45562
39.64988
29.96959
55.69254
52.32234
39.82924
47.96576
56.10937
55.65534
36.93637
47.73301
31.07627
45.49103
56.41664
50.22764
34.34824
53.92643
38.98520
53.34056
57.26995
44.63749
48.76909
46.23479
43.31634
50.41566
47.25161
56.45321
41.30329
48.13921
45.29665
36.70294
47.76641
66.37025
46.69041
41.61481
42.85890
36.30176
57.99045
41.79700
64.22093
43.99919
43.99415
49.20046
54.20220
46.56305
46.88907
35.03272
38.77334
45.43865
41.33446
63.38067
50.04492
46.32322
40.15245
41.31258
62.86447
48.45535
34.46722
57.75510
66.30410
43.71651
33.80705
52.58578
51.81049
39.00576
46.30961
46.58855
41.40198
41.77648
48.11677
68.14104
59.44807
43.81821
34.18130
58.42790
47.09662
67.56178
53.21246
45.76943
57.57576
56.70925
84.80960
33.96675
46.22815
41.20604
40.77906
35.82243
47.41426
50.84896
46.07287
46.17885
52.75362
56.48409
38.45838
52.28234
37.15565
42.78505
68.15795
55.74978
63.09751
44.34998
41.61108
51.10917
48.30965
58.40298
34.81779
61.85741
55.37368
49.26132
50.00539
49.27743
46.05912
66.24111
48.18212
53.06274
50.24773
49.95121
34.26840
52.42461
44.44601
55.65925
58.16797
46.12156
69.17366
73.04164
47.37635
51.59723
48.50413
41.96308
30.38769
46.60479
38.39890
55.67711
42.82850
36.11629
48.21488
45.82773
40.71983
51.69522
51.73137
33.25320
52.84949
48.73196
60.86239
50.31002
55.64182
55.89708
59.40406
56.33188
51.06075
70.47145
44.73568
43.73512
48.46555
63.65045
62.09292
54.79568
50.07353
47.05718
42.35842
52.41766
40.89304
59.23311
36.73693
53.27405
51.05525
44.90764
51.49813
57.71395
49.65669
66.62025
52.40681
45.26596
48.13213
30.30013
45.01145
55.46539
50.61052
42.79165
53.33550
42.15069
42.05957
41.54100
66.29734
59.88180
49.51237
36.46171
41.04696
45.51984
49.90260
48.31637
37.16913
72.40404
51.65116
57.66339
42.66504
35.82705
55.33340
37.87632
72.71104
36.76653
59.62860
77.24017
38.19195
41.96121
35.99232
37.61365
47.36817
44.66319
44.17437
61.51818
61.50502
53.31064
47.05112
37.01866
44.52209
54.85012
49.94887
51.29286
63.45241
44.12493
36.99645
48.24528
55.83478
66.50758
50.24972
46.68878
60.00229
44.00886
63.09867
44.99760
54.19531
61.05873
46.63037
28.06039
38.86053
68.15671
48.64424
65.86426
51.39583
61.69266
63.10364
62.46499
48.85122
43.04905
36.41431
37.62856
35.61921
59.28842
60.08111
44.32146
44.17664
44.99276
47.35605
49.21232
70.85920
61.43257
53.11544
55.63020
61.71834
45.87397
34.13434
54.68876
52.42667
57.49116
60.62140
36.06574
39.58834
43.41264
40.06925
47.68862
37.43315
67.88164
49.82428
50.70729
68.55357
49.29800
57.81091
50.91130
50.58593
53.61687
37.32447
43.41351
60.07534
69.67056
42.51932
52.45143
54.31600
53.60306
37.56164
56.36351
52.61356
57.44680
40.23251
58.04991
61.84560
57.98019
67.57349
51.85049
43.89576
46.22302
50.35847
51.74253
48.03679
52.23187
63.49258
48.26222
47.46777
46.47921
56.24760
42.57184
55.54840
65.80780
54.97525
54.04943
44.92386
50.75787
42.04401
51.08516
45.07900
52.83225
54.65619
49.69618
42.50743
51.98922
45.65721
51.39881
40.05269
43.48893
50.42311
49.26026
34.38432
59.63260
35.30158
38.40587
56.76587
40.22382
66.31923
31.92737
48.18052
31.25739
31.46375
46.14029
85.34793
52.94341
49.29709
48.94346
55.56467
51.08615
50.60295
53.27560
68.31535
53.60413
46.28977
47.13629
39.78231
52.06271
46.04464
43.14401
46.25905
52.21093
46.30719
81.53222
50.12769
36.11970
52.18530
44.75621
44.07895
36.10425
78.52296
40.43561
44.58440
40.63100
42.65311
60.74322
45.12913
48.01217
68.07508
35.60090
46.22078
35.01700
41.69502
57.00520
60.33124
50.99277
32.38500
56.47031
50.20513
53.55640
69.70857
46.75110
39.25766
50.24840
44.75884
67.48774
46.86457
48.07713
49.31808
43.57628
77.16680
39.50382
61.85343
24.52848
46.22348
55.60142
60.20411
39.14348
62.56080
54.30649
38.86484
36.56667
62.35336
50.16177
47.25687
54.17275
48.00204
52.19680
53.58601
43.86071
40.11669
47.33177
37.23290
35.62369
59.52203
49.46464
47.12906
51.15084
43.99251
52.69604
64.16900
53.45168
29.24691
40.42094
53.43839
44.55816
62.77054
36.67776
34.83078
36.00708
46.19561
60.62776
33.55504
45.64579
46.43317
33.19150
69.79988
45.10769
47.79265
39.76325
38.32093
50.97441
37.48232
53.12801
53.32636
38.27891
51.04230
42.20763
46.78938
55.65405
61.89554
52.17378
34.59750
45.89909
50.32797
51.87194
47.57350
50.27827
49.35335
25.17739
69.86548
40.08276
43.65547
37.30519
53.54322
54.73405
35.84497
40.44133
39.92762
39.25522
39.38820
39.45824
57.93879
71.32980
43.35538
43.70686
54.20776
69.26969
42.98030
60.43896
52.83242
45.84695
55.98681
60.88237
42.60157
45.05554
40.38090
46.04351
38.68305
54.33280
40.41773
47.43022
37.09433
43.99134
39.92287
67.29325
41.76714
48.24743
77.28955
51.35429
48.14736
58.78945
42.15842
56.82555
46.05056
50.58565
43.46344
35.94818
51.95316
49.34240
51.89049
53.04198
42.64771
55.14966
48.02721
42.43131
45.26775
45.40073
72.07390
39.62350
57.95431
42.06128
50.79224
47.53787
56.01451
65.25478
50.51725
60.46732
49.45201
49.64971
65.35535
49.07686
48.93371
44.29058
50.81688
39.89500
29.79176
31.68462
54.00759
64.53446
38.15762
56.88034
57.34250
44.00804
67.14870
52.14109
53.16366
31.15691
52.46805
43.15908
57.10681
53.48036
46.24257
62.91107
50.60520
56.43203
47.25830
47.62225
46.63752
69.72736
47.18752
51.43888
60.26459
37.37272
59.25844
51.69761
55.27349
49.59991
45.13569
51.54094
44.51458
52.72876
52.12262
42.54182
65.17429
42.47602
43.25269
33.57255
54.70775
33.15133
57.50935
47.19135
54.68665
44.22473
33.44276
48.96710
37.65452
53.23438
55.29639
52.10858
37.48593
53.33003
48.40944
56.72292
65.36414
61.98684
38.47647
49.46403
43.60551
41.13402
34.54603
40.15215
47.63941
50.80568
54.72416
49.55562
44.22523
43.74738
52.96948
57.52512
59.61744
37.72884
49.35257
61.95135
65.51238
46.35696
36.00406
43.02172
51.28116
45.46397
47.41675
44.62267
51.56958
47.06770
53.52535
43.01656
54.45061
65.85276
64.49549
35.32251
55.69766
52.47307
55.06708
56.94034
42.97485
41.95143
60.65611
40.87033
53.87020
51.58797
42.46813
54.78833
31.35280
55.02462
43.95318
55.70632
48.46327
43.79003
36.22349
51.39630
57.72327
56.58121
54.91871
44.04822
66.57690
35.20962
64.34249
68.57290
52.52736
52.70740
48.70409
63.78843
55.78099
54.23859
37.11357
57.69574
45.26396
44.32860
36.11985
54.04714
64.15856
49.16362
36.40578
50.86460
45.66862
46.34768
84.24792
49.08161
50.47481
40.61687
50.91987
46.59921
52.69257
51.02542
66.54006
55.35952
56.35752
66.51554
59.24059
47.07577
40.49412
55.99738
42.44799
62.03658
54.17294
51.63789
32.49698
57.07097
57.59144
51.91481
48.11916
68.95075
41.13599
46.49495
41.69414
52.77867
42.20156
47.92585
73.42353
46.21800
60.85543
49.41210
33.51489
41.45502
44.20217
62.56553
51.41058
31.67370
42.19308
56.63829
60.06880
65.75454
56.67127
50.72841
39.73835
43.24490
40.44030
46.48115
27.70688
58.20998
29.42656
49.16563
41.85717
45.17683
65.04711
50.04060
65.13428
61.78405
47.46786
35.23066
41.05453
60.47944
54.93084
49.27050
54.83571
37.85041
59.50287
41.16550
53.38369
51.98809
55.10214
64.10659
41.31123
68.64271
50.59298
39.52524
59.93843
47.10929
31.00964
49.35954
45.51390
54.52561
43.32625
43.29177
48.67021
46.13335
63.11199
45.19722
50.49183
46.19597
47.86370
36.57133
49.15626
43.75573
50.51914
50.24285
64.51286
43.10194
67.09628
49.93904
47.93616
32.73860
49.78230
60.17091
53.14454
46.38461
55.57603
52.61430
72.73253
45.65200
37.34648
58.50169
37.24952
36.82622
61.39123
61.40402
36.94107
35.43652
57.59261
48.52814
68.35633
62.96539
37.78096
47.11192
64.62223
53.55637
49.23259
43.21325
39.15640
66.44280
61.06236
49.20418
41.18116
58.02025
60.92584
41.37968
46.94124
43.22875
42.50339
48.42663
67.97903
48.63620
53.74360
52.60670
42.18222
46.58542
43.95095
49.32996
45.80044
56.53007
34.23842
55.97173
54.52056
33.76852
47.40278
43.23469
79.82991
63.74033
37.01051
51.91707
35.36813
30.02551
49.27336
56.18498
36.68005
39.51332
62.86910
44.91353
45.00204
68.62950
46.01396
40.91100
70.22625
54.22652
54.26950
67.44189
65.91515
49.91920
61.81866
39.02230
46.74384
54.61208
72.15850
51.03360
62.44120
46.05549
66.73521
50.88891
59.54015
51.84587
47.05204
50.68265
41.35511
71.36382
56.17143
55.70038
37.46961
44.33658
49.05617
58.72964
60.51826
46.66361
74.90647
23.63664
48.39025
63.48488
49.46468
58.12298
56.57295
58.63003
48.55315
42.95434
70.22723
42.95903
61.73303
50.69937
56.67927
41.63416
52.09157
56.19860
66.72106
41.20865
45.72912
42.54290
58.71923
45.37937
37.94434
46.17832
44.01551
53.57071
44.52184
62.79811
43.57227
61.57271
43.46640
45.79650
53.51320
39.82220
49.87925
44.42377
61.95878
69.72721
59.10890
69.71483
55.08477
47.54511
48.22411
60.15152
51.24090
36.08198
39.58806
45.12606
42.22751
46.56202
59.17966
71.42531
50.30039
69.60422
54.66660
43.33533
41.49588
77.62275
47.52465
48.12564
46.73671
39.21263
47.43941
59.89802
61.29384
47.84205
60.47171
51.73257
51.39538
48.44247
40.02038
60.42703
52.63316
43.80931
61.94206
54.75487
44.25329
63.83648
44.42628
33.23802
25.77049
32.76820
62.43388
47.85145
43.76164
46.19357
77.13034
51.67009
42.12609
46.88682
39.18996
50.41398
55.07326
51.20067
43.49153
57.92061
39.48816
62.32427
60.59951
52.98524
31.95075
34.29551
51.48355
43.11644
50.58383
52.54290
33.67057
30.88118
50.92621
38.21884
44.35926
44.36430
50.76436
52.60990
47.30669
68.38292
49.79844
45.96763
47.81285
57.77656
41.66424
39.55791
54.01104
51.34743
52.83081
61.69166
48.72143
58.90695
50.32434
41.23107
46.75001
49.38864
35.87032
40.05354
44.16837
57.56017
55.20190
44.31398
46.72846
62.01380
51.92873
64.70192
47.61896
49.21549
55.07159
60.00753
40.53207
44.79666
62.03574
49.13512
51.86644
42.61817
54.34908
47.00882
44.90030
61.69284
48.68141
62.49167
50.58830
42.93065
40.59707
44.97385
41.88471
53.48765
38.66211
44.45892
59.91722
67.42460
37.76094
61.58244
62.03030
46.36953
56.36073
36.54054
46.57593
37.92634
56.39310
64.97944
44.73494
62.28249
72.31872
32.91124
44.62204
36.85858
52.60653
42.79497
49.53018
43.19670
42.30674
47.90750
56.23342
37.30865
55.33885
59.84800
60.28377
68.26594
59.12447
63.82749
45.66491
38.43157
33.01626
46.96078
37.12896
33.84143
52.11375
54.76333
38.02077
49.93838
59.78790
67.15904
37.20025
40.89205
58.24113
51.68731
56.89281
50.25019
48.48761
54.69379
47.04817
43.59413
50.24312
49.82059
47.92689
33.95727
42.56093
67.54795
52.19646
61.55510
62.97507
44.76914
40.37595
52.23950
59.55088
45.81212
46.67548
51.69445
45.71480
57.40940
44.48741
56.51106
62.37480
53.05278
48.61937
25.31104
43.43437
43.42182
43.00506
44.85296
70.78924
25.39853
44.38716
56.16390
39.88449
34.68834
51.72118
55.80105
38.74794
45.99058
39.75246
64.31528
44.78620
50.52136
47.52940
56.25659
60.25084
47.84777
52.44340
51.84367
42.51172
50.64729
40.64098
40.58917
57.47494
50.87663
46.24736
45.50988
48.54915
46.24624
69.26376
64.97140
37.75036
53.75114
51.78920
54.14661
48.22798
37.58787
45.13636
48.28845
49.93094
36.71204
47.54742
66.88733
41.12624
51.63150
35.14460
57.24045
58.28337
61.42822
31.66901
48.12981
47.94925
49.01555
53.05709
48.14502
37.83768
51.09224
32.93823
54.95627
35.56606
56.08055
46.10944
42.24663
38.67654
43.85568
64.97196
52.14233
43.59133
72.56108
61.53469
36.89705
40.46340
46.58671
41.77577
30.84806
50.88455
35.03504
44.39532
45.22323
55.38014
37.74595
60.66868
63.94950
41.11041
60.74309
46.95080
48.32668
32.19013
41.12484
71.00072
66.34837
30.46262
56.47329
52.68226
51.35319
44.57605
50.25746
40.80105
47.48482
59.62128
59.21431
52.13975
52.33699
63.87834
38.77162
44.05057
41.07874
44.76586
52.49564
64.24008
36.68058
41.36823
45.06630
61.80488
39.27681
43.31879
73.39147
45.98782
52.57449
58.66477
49.57389
49.19001
51.05983
58.85190
55.92467
45.21413
54.87800
47.87921
63.24849
53.70710
48.47290
55.93231
44.28927
44.33191
41.07832
42.18385
53.84285
35.30747
52.41870
47.95823
44.51524
52.28819
34.21678
38.52917
46.77858
30.75672
50.48572
71.13064
59.38334
36.80549
46.49053
37.54062
61.97327
43.08760
85.70442
72.65057
64.28343
59.70538
40.38103
48.56835
37.21713
60.21222
58.03146
55.05705
47.77134
85.83664
61.34584
65.20559
67.19872
36.38059
51.39302
55.05072
40.66174
58.52364
31.85281
52.79847
63.23522
45.51598
55.84500
44.62831
47.83809
37.76562
62.66343
47.32261
42.89841
59.67621
40.58987
37.80542
57.71173
34.46690
44.32549
39.05009
46.56438
42.55256
48.76492
44.38802
46.11377
50.32298
40.03273
53.98460
41.83980
48.78333
44.65621
40.92147
41.90335
49.79130
57.23085
58.46396
42.94422
45.09928
57.72877
71.14562
33.44036
43.11523
49.72470
44.89878
58.83756
61.02006
46.54486
44.62569
56.95340
59.36679
56.57239
48.17162
45.24828
38.71392
36.22276
65.16780
44.55129
48.94372
59.75736
52.11020
54.44053
49.35523
59.30189
74.23530
77.11899
58.85183
52.17587
52.08484
41.08860
49.26595
61.13240
57.58481
48.51532
42.63250
36.38051
40.84695
45.29247
49.00979
54.39927
66.41709
53.15783
50.86527
71.02429
56.70445
48.66719
53.66062
41.27714
34.86366
50.58507
51.14170
44.47693
58.01570
46.58965
35.50900
66.96748
43.93699
52.16790
39.74515
40.62264
36.35421
58.09416
50.35633
43.43504
56.13918
65.28795
34.49671
49.83647
59.19918
45.60520
40.95178
51.41828
50.76158
58.52811
35.23180
47.86079
48.91418
46.10264
55.05745
43.45307
47.38630
64.05578
52.00879
63.12633
55.22621
36.06705
50.57896
70.70726
54.67880
54.35254
45.35462
71.91584
55.39043
42.53941
45.50099
55.21138
49.29525
35.92453
46.70064
43.95885
35.76100
60.90164
47.42628
54.95610
60.73411
53.09803
57.98194
69.73908
60.26697
43.54498
54.91555
60.28601
45.86643
43.52040
52.20534
40.17705
45.31878
48.21454
54.82248
54.55037
44.82506
48.47683
61.47863
64.10020
39.99812
42.98208
29.67956
52.73174
45.22421
60.51927
52.76534
37.14921
50.80012
58.57876
61.99982
37.18379
54.65999
66.70727
53.80203
34.07992
74.56993
50.26773
48.70475
49.02828
44.78149
30.11931
46.47089
51.12241
47.71842
51.09440
58.51472
44.05365
41.00373
52.58939
67.04010
35.93293
42.94699
41.84947
52.57099
52.75623
56.17457
62.38319
41.17343
49.09238
54.62056
45.85106
81.12386
52.11762
59.57387
40.74929
53.67050
52.96906
44.72586
39.28173
43.05750
66.04130
28.48444
57.52998
26.56849
43.90937
37.70258
56.74005
78.19693
46.28131
46.69878
48.81703
41.19823
35.80315
34.17710
52.12308
34.10077
44.66869
47.24800
48.96981
33.23411
61.28243
34.28022
45.08993
46.24768
34.97227
60.09251
52.54133
47.19719
41.62187
63.09456
60.82125
41.01483
50.20671
37.11392
59.74085
42.22713
39.17077
56.71376
61.21786
37.40795
60.49514
53.32657
46.43336
50.70632
59.43936
42.32505
30.86700
45.45092
56.11755
45.55092
38.71871
51.68060
38.87489
33.01575
38.23571
49.10413
46.09474
36.18601
43.50918
48.48984
62.72283
50.86239
40.11631
52.38471
57.32278
39.63754
60.76672
60.32455
74.78863
49.10078
36.44283
48.49268
67.06761
47.64697
44.57351
47.59380
60.64490
49.51050
44.82881
44.62265
46.26417
52.04907
47.80458
58.80460
53.52325
44.37118
53.87367
46.54425
50.33872
43.74223
67.25484
35.20794
51.83797
58.74879
53.59945
69.48650
48.66104
34.02298
46.27011
34.85555
66.79395
38.63174
55.63882
46.09171
51.72041
45.06987
43.09827
54.25714
44.98331
49.09937
53.29120
59.26450
34.84024
71.45463
51.27823
44.43044
51.82549
47.06826
52.17592
49.15512
52.72412
53.62690
43.54677
32.55728
44.48945
55.97348
54.38677
52.41451
50.43370
50.58398
50.65212
42.21671
35.62755
59.20158
58.87654
43.43252
48.41826
41.40593
42.73815
45.65166
34.97688
41.48294
52.27844
48.85119
50.35429
49.92004
42.35713
45.66273
58.87208
57.00899
58.15866
42.40163
44.21387
58.22025
65.90938
65.97389
55.01039
37.65561
59.62727
59.98578
44.39374
49.81214
72.42264
63.84465
61.34287
56.63183
69.40492
68.02858
50.23972
42.11980
58.50578
47.46495
53.71910
52.83040
40.59489
39.77225
42.82377
41.45310
49.38307
53.77084
46.27669
47.05817
38.79315
40.54716
38.98461
54.07363
40.50603
56.08981
39.40998
39.61255
46.37065
66.40527
48.00080
55.92721
48.40237
54.34798
45.54350
53.93850
51.99183
57.52540
43.93708
42.71663
45.79746
40.40404
56.31770
60.71898
62.34688
46.36897
54.20239
50.61471
49.49358
40.34911
39.02800
62.43949
31.95145
44.63603
52.16412
44.95984
50.71015
42.99407
47.17378
62.90893
50.51977
53.97078
70.00376
46.44867
55.28555
52.22989
44.02154
48.44990
35.13100
48.12867
44.54054
31.41861
43.53707
50.18116
42.27588
42.90266
32.38781
61.35580
31.83518
58.23830
63.70067
70.29048
67.76459
46.24693
44.19769
52.20246
49.74174
44.30196
53.29214
39.59712
55.84565
57.73702
60.80907
59.11797
61.00471
45.38115
51.25118
32.15457
48.59169
44.69928
73.27774
30.40063
49.70955
56.98531
37.23773
56.62728
65.80018
49.11427
63.25397
36.46108
40.01978
56.24172
30.92570
56.96868
43.21969
55.29098
61.68910
49.87349
57.13120
61.84481
38.29626
45.85324
44.36968
48.63350
43.40046
35.36749
61.25723
52.30167
43.28462
57.14950
53.77212
48.57255
46.03992
50.09289
42.88704
47.61248
65.24169
43.41179
55.01022
27.98993
43.33168
40.67044
63.25359
48.46482
51.16614
41.19137
54.19509
51.32485
48.64095
53.70155
48.80622
40.97826
61.23949
43.69411
61.74560
48.34083
41.35781
69.23689
49.16670
43.82016
49.97765
57.21027
51.10072
42.52276
52.90983
33.06003
44.89912
65.55776
62.82581
48.94472
56.60286
57.57238
61.19888
46.71224
55.31766
55.66142
40.61097
53.03683
43.72964
72.14243
34.82264
41.73019
46.95629
35.72301
55.75615
40.65637
51.71294
39.27537
53.68342
55.86767
55.17921
43.45627
73.94548
32.59188
42.89439
46.45450
45.28207
34.24745
45.78365
34.92543
52.00190
41.57824
56.71460
47.77341
50.34711
47.67203
51.26591
44.43106
35.96146
52.72649
46.62416
43.98301
71.66229
47.69728
68.72114
46.63402
41.48053
44.01956
50.32266
62.03135
45.69081
52.36829
53.53717
29.46548
51.11345
43.99799
29.12393
42.77358
52.13389
42.34799
61.82942
37.08671
48.88728
59.44794
30.55061
41.60636
43.17186
71.10958
46.59393
53.02298
48.36200
38.48625
36.09439
54.08196
51.04248
54.73634
71.94150
47.85588
54.69297
52.26050
74.95467
53.25226
61.88034
52.42443
58.33433
64.46051
46.53315
52.07793
37.44775
50.78525
40.77199
53.22684
49.38138
36.02574
33.38166
46.07926
53.21537
54.06540
53.66622
43.48940
46.59663
54.55660
51.83837
47.61243
31.21251
52.92807
51.11867
36.28682
40.62345
39.80364
63.47096
49.31981
60.17370
39.98556
53.08240
61.41295
54.36681
57.34942
41.49090
49.12463
55.66296
47.63967
37.03057
78.13834
46.76723
46.09314
58.40043
45.78934
52.77057
61.25314
69.27850
36.36716
48.21164
55.87836
41.67372
37.71171
33.46388
42.18606
39.86018
24.30850
43.27747
43.41303
50.16634
51.49537
44.57697
45.93767
46.71385
31.92263
45.20090
56.26252
45.64010
54.25632
40.54789
37.63256
43.98155
58.18712
64.85743
51.26749
38.25978
37.91590
49.07432
45.09864
52.01686
54.89204
43.09035
37.29734
29.40615
47.77242
47.61133
53.25940
39.53372
54.66622
76.70255
48.16955
66.97159
54.50235
45.55199
61.17048
49.47932
49.83285
37.75032
34.91576
40.68615
33.23187
58.03797
47.73436
31.33643
39.18586
65.36965
44.95045
35.04851
38.23329
39.90736
45.55252
54.39661
61.48559
62.94780
55.18352
51.89543
48.84655
47.50994
43.13664
59.43217
42.73272
53.65500
45.29858
53.73774
42.17443
72.12231
46.81677
48.75464
50.74667
41.31232
38.25718
53.45015
58.03973
50.60695
32.05007
46.34674
35.41352
53.55332
55.39227
46.67112
62.63849
56.89842
47.20745
41.91075
57.96709
45.09214
73.08167
49.75711
66.40442
51.63627
51.41652
53.27224
41.11257
58.18036
36.09757
48.52143
68.43059
54.20973
42.20710
38.65796
41.76135
45.21697
55.37894
44.28184
73.94680
55.21978
43.60222
46.75063
47.15859
55.59540
61.92499
46.04777
43.43618
58.46644
46.30908
46.27412
52.93975
51.31292
58.35755
35.62531
38.71558
58.38179
56.59106
51.51647
47.47733
51.28723
41.01368
55.92760
54.56289
46.79664
59.09601
38.64049
57.92091
46.43626
69.72178
47.69063
48.26334
55.81401
62.75716
42.90144
52.93696
43.30823
76.68279
52.09275
40.48570
42.57437
68.22755
63.50676
68.13335
58.54163
49.18898
53.67537
52.57268
68.84368
27.40452
39.24780
47.85111
33.03735
45.20797
48.55259
32.65595
39.48365
51.69473
57.20128
43.03550
41.60912
81.65672
44.40825
53.23996
67.18666
43.75450
43.99341
38.30232
34.58110
27.86083
47.09323
49.37807
30.62018
45.82119
52.38026
51.18070
51.78739
62.07990
38.79116
42.09873
62.17403
53.53090
46.42858
