Sample size N: 10000
63.29681
45.71143
66.29242
48.68404
34.98995
66.20040
67.26862
35.02983
30.62859
40.00151
46.05798
81.33761
78.72397
47.79884
65.46189
42.62521
66.15043
62.96133
67.74956
44.96509
49.52685
55.32411
46.16752
45.30857
52.20353
66.52900
51.68848
31.25557
60.83207
29.53605
29.74290
35.66091
35.92592
72.43175
32.09598
34.45589
58.46207
42.83958
34.91721
66.49275
35.60384
51.52436
69.77669
48.82467
48.45960
55.08111
69.82768
18.15808
55.92935
43.57150
39.77658
56.43115
72.19813
48.34421
42.80486
33.97570
56.80548
54.31707
29.46746
66.91329
35.03685
43.05560
78.39399
33.38629
89.26726
36.87915
44.18955
54.79537
67.11290
42.70047
53.25607
34.01294
65.58056
40.23879
34.10299
61.35190
66.21106
46.46719
66.09442
71.58299
29.41575
73.76730
50.83712
55.89819
49.35463
56.99087
50.28749
53.75001
70.96179
59.20290
62.79060
36.21639
42.46876
47.76723
75.11577
53.80719
49.87715
52.24283
59.44211
62.80041
65.86933
36.46800
77.67974
60.26870
21.06320
39.26743
67.90712
48.47410
56.76472
19.73542
47.71762
44.18722
44.36462
56.47473
27.61723
85.99432
27.03501
48.74864
49.16742
52.89780
59.79897
30.17053
57.34961
31.93594
57.86291
56.59174
62.17489
36.80310
46.91605
49.59636
55.18680
56.20478
35.44498
58.72423
60.86214
24.11569
30.47417
51.29927
47.39749
49.74271
47.91335
40.66786
47.44601
53.87531
48.43854
40.01847
43.96196
66.65481
51.75424
52.34491
37.33465
59.85078
77.16372
35.94730
43.68830
37.45446
25.02057
61.46912
62.92763
49.01857
65.65368
46.82678
55.36731
56.96630
45.37885
46.03636
52.02770
55.54384
27.89886
54.35893
23.54695
41.92613
59.99169
21.29767
48.42720
44.42857
39.84640
38.52621
36.60461
43.75178
66.20376
64.59634
38.50160
40.68969
70.62384
39.08849
52.15857
35.71758
39.34951
57.41832
65.88782
51.49660
54.43167
49.33678
57.02791
34.61159
45.64511
37.89947
61.53889
49.17346
45.82893
35.83818
50.05936
41.30792
40.83232
43.13302
54.66549
41.71489
55.04612
38.37589
39.44057
47.59989
53.78162
41.82115
56.63572
58.80183
67.21563
55.28374
47.91085
31.53405
53.01542
39.60730
52.47818
49.20112
61.97133
58.67039
38.76785
31.77119
53.56804
53.40261
39.56664
27.10692
56.72380
46.64012
55.68311
38.12553
77.61384
68.69833
29.61363
36.01754
60.95709
57.95720
51.56716
39.46043
63.71915
51.41008
58.23305
42.43190
23.34232
43.39294
59.50369
49.77184
62.70514
64.90454
45.64574
42.81778
54.71616
55.84806
76.52220
68.49207
36.38161
45.46272
32.84034
34.08579
38.08110
73.88505
51.06223
40.64208
46.77827
62.01371
61.77730
68.40594
38.89049
57.11833
52.54760
56.83418
60.28850
56.34253
55.51252
23.92195
25.84554
59.02316
57.98746
49.54591
41.54810
63.15649
41.80768
47.85742
44.25817
50.53537
56.58037
74.27718
41.51509
55.57215
71.26607
53.66493
47.48616
78.27872
55.99321
68.61305
38.59425
49.81113
64.37078
45.38793
47.43935
51.22444
32.50554
64.29186
34.57992
49.73650
56.66517
24.04930
54.18500
64.92308
55.25250
49.46182
48.03530
52.95851
44.31869
34.20509
55.49296
41.48796
42.62271
54.10652
50.13757
64.11752
65.21728
57.76741
60.62753
75.06275
60.54251
63.28173
34.23509
69.61153
74.63390
31.39686
64.95462
36.81739
51.12930
55.47214
46.83997
42.48130
50.43320
46.67399
66.22558
26.90090
47.13973
42.81914
76.35862
50.67583
35.54844
34.46321
65.18494
69.00499
28.87756
73.07507
31.07384
48.58986
43.52406
42.19578
54.53342
74.61605
76.35319
43.81350
45.30842
39.05271
57.60772
55.15168
28.58430
45.95898
55.09812
50.51751
31.47649
51.50190
50.12801
55.33647
50.45383
42.00522
38.49027
43.00832
68.88515
60.19298
54.92817
52.25335
56.25561
65.73100
29.43705
47.06514
39.27460
48.31180
72.42128
56.26945
51.42293
58.77687
52.84657
48.52557
77.79791
41.49662
48.00524
57.01422
79.57337
42.84399
58.99274
48.94096
50.35066
61.49145
57.36134
53.96760
60.80267
39.03307
33.87017
64.71168
47.77611
39.28898
50.22345
54.64773
51.27340
46.40336
55.75248
39.32897
62.48436
48.90170
36.42253
62.31138
46.30681
83.65109
48.05833
33.05366
45.10629
53.50070
47.08060
49.88993
47.12755
48.02000
45.07353
37.64549
53.92734
57.45965
38.20756
73.30970
57.25858
66.10969
51.48110
22.85521
31.83367
67.81038
70.47072
50.16928
52.16206
32.49638
66.66762
38.84687
64.64560
62.77199
73.63177
25.43862
38.40009
39.72869
39.08146
31.68990
56.82715
64.85834
27.53588
44.82157
50.23599
40.37514
52.66880
56.26381
31.28743
48.22432
48.44672
48.52375
29.51438
44.31265
54.72406
48.25862
34.31505
47.08461
39.24600
53.69063
44.42062
39.12369
36.63444
66.58915
40.34741
49.45972
58.77857
40.52126
69.62648
40.51784
30.16826
34.63655
45.51978
36.52966
57.43217
69.50240
46.13544
42.48512
55.88699
60.27398
60.26096
42.28751
56.52392
38.37788
25.16293
42.23406
51.08817
59.10151
46.83189
47.62262
29.00293
37.84961
58.63178
50.04309
47.75402
49.43466
38.20617
39.23538
57.34752
61.98993
69.35236
35.04041
46.45081
29.71492
27.94226
55.68750
19.93243
66.96107
58.38916
66.89314
43.66321
62.90005
49.28716
48.03175
33.38936
62.39056
49.52424
53.90723
47.21642
44.38012
73.02746
47.54414
61.11109
56.07581
46.19196
54.21531
53.41859
48.01126
28.52961
51.34524
52.84655
44.29142
67.35531
50.07287
66.81084
41.04749
46.56808
49.13538
48.26488
36.02377
34.32328
49.51204
56.21783
57.57708
68.63198
39.21321
57.49891
40.86804
52.02442
35.58503
64.08609
57.63203
31.23307
46.66430
35.97018
58.81176
51.61850
30.15076
45.55707
54.07128
45.33016
63.03440
45.78800
20.75715
37.91958
65.69871
44.64815
38.52371
40.64381
55.87402
48.00992
59.46197
39.51918
56.10654
45.56550
63.92472
28.47957
43.55599
67.13519
38.70178
41.45049
34.21683
28.42586
40.80948
48.75898
32.53770
49.59666
68.56636
64.88977
44.08998
49.98809
34.19795
53.39817
71.37505
64.22702
58.27861
51.48703
57.58054
53.39562
72.19588
44.73934
44.99606
48.46374
31.82421
56.89425
64.37296
43.86200
86.03608
41.60416
44.93061
56.89507
48.23393
54.43056
45.90142
41.82419
54.69450
61.60644
66.02547
50.35187
45.38519
76.83607
71.24551
58.61147
45.08725
40.05894
56.87167
44.37638
60.31523
48.01887
43.13878
55.49421
34.89352
45.80042
60.91947
49.37748
48.97566
41.57578
54.87146
43.55443
79.00430
37.22697
61.53466
32.52978
65.91675
42.84556
80.06780
58.86204
19.19748
54.20501
44.27885
48.77656
34.95114
46.88594
30.63747
35.78636
66.33623
48.72802
39.78575
35.39939
34.24431
53.98811
61.76397
31.86188
46.25971
62.49451
41.34894
36.75866
50.67237
32.82843
51.90300
52.04627
52.70340
55.51469
56.25296
43.66745
32.24552
29.88516
28.24855
48.58453
51.16862
43.94933
44.08046
76.43963
32.48131
65.11823
42.20691
50.31825
35.69283
68.65681
55.27202
67.03308
41.41539
36.01222
71.05358
51.62160
50.05061
40.79427
51.20743
63.24854
58.67977
46.73796
54.21120
52.58486
78.66207
60.04988
58.58430
60.69524
66.81535
50.00697
33.17372
51.19060
50.34195
40.69146
54.49693
43.80543
52.22694
60.16141
62.58651
57.75104
38.76280
57.62260
43.96949
55.56878
53.14591
53.61751
50.98218
40.33334
53.50818
57.25937
75.75215
54.45307
34.56822
47.82953
49.70735
55.94163
55.30312
47.02682
57.15517
45.22491
69.70064
22.16112
44.78382
44.92088
62.39887
53.41138
25.48580
59.09542
36.85222
43.08162
19.41641
47.43965
67.58700
68.23596
26.57224
44.15469
40.85726
39.45064
32.77819
52.85868
56.64799
49.15237
60.02726
29.38292
67.99791
49.40197
47.77004
57.10785
64.43875
39.03755
67.60649
54.62595
57.87309
46.72233
42.97140
59.51456
46.05367
49.85070
54.62910
64.45535
44.90532
36.42863
29.36829
47.31169
79.57821
42.91841
39.83203
70.63057
62.55805
38.73424
58.64864
64.52220
59.17006
55.65896
69.04879
44.50346
64.11127
45.00449
46.43118
45.67934
51.32483
47.16916
50.86058
38.00356
54.53826
43.64444
53.11408
40.80366
50.26886
59.09486
48.12570
29.25818
43.95635
39.20121
54.48561
48.70230
58.44658
53.47688
64.69829
74.58337
52.79978
80.57866
47.87448
70.41804
50.80664
69.06681
40.93285
49.95860
61.25817
52.73165
45.85398
38.83709
53.42230
50.96354
42.90094
53.44911
46.43979
39.61197
50.92485
52.22409
42.31090
29.37423
48.38802
30.10679
57.58033
62.95097
49.71857
53.69716
57.48134
74.77669
21.48037
83.22784
46.11417
85.92581
35.69235
33.72695
59.00579
59.40659
57.29692
55.26889
63.75127
56.87734
51.86148
50.94471
51.87281
51.57424
76.36280
48.73258
58.30543
33.09211
35.24465
44.60435
49.96774
49.30222
37.28757
27.02737
45.32467
38.34293
31.99530
52.85360
54.00921
41.51765
45.74567
61.20104
28.91504
50.72185
52.80066
61.44606
53.04525
53.75202
76.98565
36.14545
43.49039
49.15166
28.94178
43.36790
60.76766
31.28798
32.87019
46.34054
57.99198
36.71479
33.79298
35.61390
66.43189
62.46309
46.18117
49.61960
52.68424
46.30389
42.70058
33.83349
34.38677
60.58252
51.18045
80.08210
44.04319
44.33981
49.76470
36.45910
48.56037
31.58056
66.01303
65.14643
46.88911
51.42447
39.23615
46.04890
59.87641
54.55936
29.63682
30.97948
46.55813
44.23550
30.81119
44.26778
32.24803
56.01868
75.44182
47.95857
54.88583
28.54603
61.29916
72.22713
54.23341
49.54419
42.46272
46.63784
66.64669
41.56803
42.12821
55.15614
50.82773
59.66735
46.74643
16.57453
35.64499
53.86182
19.49094
60.99374
47.70764
51.05094
55.69197
41.99059
55.50237
48.46832
55.36034
64.63558
47.56081
25.86262
59.55485
41.29650
59.28671
36.46626
28.77676
52.36149
67.42165
80.01355
36.08814
41.92697
60.08924
58.19237
65.67769
56.58524
72.02097
45.31676
58.90578
36.57926
44.35218
19.84599
55.78039
58.48305
28.29282
52.04009
42.56464
56.34483
44.70976
50.37883
73.82917
50.54619
34.11931
30.94775
32.63378
71.19928
33.85814
44.35721
54.84227
26.50465
38.36728
46.13203
65.97404
64.88792
64.13045
42.55141
58.22348
35.21987
51.39580
56.56732
50.52371
35.80811
48.16947
56.92733
54.08009
27.15328
43.41787
35.20979
67.73356
24.64790
54.73839
60.38763
35.25992
57.33555
45.19600
29.14906
28.45558
44.29858
40.20505
46.65618
42.67872
38.46434
49.28788
19.15593
48.17239
39.67097
64.02736
42.82124
51.34898
35.85444
70.35171
62.09825
48.75132
48.69283
37.81060
66.99504
71.51570
39.27897
46.03774
34.66069
60.83119
47.17360
52.49380
71.66889
61.85643
43.22141
35.47316
57.52392
75.08546
58.65794
68.74912
34.59971
34.62729
64.88017
38.28501
48.17228
76.48127
51.38641
52.71321
52.34020
47.81095
36.34082
50.01403
29.39201
55.68895
16.27946
48.29424
39.07956
55.23498
44.45576
35.57366
44.56467
41.28551
42.44517
68.91273
69.31695
41.21056
42.61071
45.68212
70.61675
73.36721
36.47435
49.01758
42.22912
52.51328
46.84887
42.40012
49.87212
38.45064
52.15248
45.19581
38.04537
63.05181
47.78410
53.33085
52.30504
56.71002
40.31503
50.81966
45.24618
50.18416
57.45737
24.99393
55.79957
64.76703
52.58647
41.25003
37.36351
39.66815
57.83077
50.94431
62.33793
39.78970
73.30082
58.20762
43.41170
48.06628
80.63778
50.34460
47.01052
43.94495
36.01638
53.23860
41.26435
43.25430
34.10030
48.79869
40.44885
51.10831
33.13274
50.02683
72.40082
54.63178
54.94443
60.08939
47.14293
24.99961
62.29848
23.26343
31.05075
51.81914
39.67849
51.16804
28.12477
55.78043
52.97761
44.23660
38.70092
61.87905
33.02714
28.22046
30.64240
60.57308
50.70748
74.16095
62.67374
53.13142
45.66889
52.61347
40.84790
52.47249
57.36228
45.97418
60.93600
56.28307
68.61660
43.46788
43.71812
55.74880
54.78683
55.71914
57.79925
45.36128
66.55023
69.84193
31.89887
31.98889
48.50339
59.96416
46.13260
57.28105
51.30165
50.99947
52.76859
30.51506
45.52108
40.84102
65.38188
66.87819
55.97299
65.99913
60.70841
63.81379
30.15332
63.12039
54.44558
55.37501
42.37081
44.94317
60.63561
47.19229
38.65624
50.37670
48.40338
57.41223
55.37497
43.96708
26.90286
61.92045
40.82070
51.87855
42.63595
55.07227
60.08734
72.39343
61.19282
44.27626
57.19839
74.42183
65.26893
56.57146
60.85884
46.93591
39.58254
62.64020
48.21209
43.38546
50.34687
47.56655
47.93600
26.44320
55.16626
49.32503
53.24239
30.12007
54.73730
65.59749
48.27816
66.31866
68.84218
39.44181
48.19812
59.83361
34.16950
62.38984
44.62590
61.26098
47.83856
49.05497
33.51375
46.56600
45.06778
61.97510
57.51418
61.76299
69.55021
66.24746
37.70905
46.50470
29.77755
42.61196
45.47081
43.77747
63.62865
55.83419
43.06366
65.41340
40.51356
59.54917
18.42417
33.25118
54.85338
45.35620
66.18470
42.85994
47.58430
46.72851
59.30823
67.53326
56.66221
58.80385
39.94174
51.30228
65.96292
52.39002
28.33637
29.85365
49.91166
51.00859
33.48202
42.94754
43.29650
45.03758
68.28145
49.48593
38.32690
54.32672
69.00877
51.74269
49.36606
45.50351
57.18574
52.87191
41.80192
42.09347
43.28389
33.36443
37.81890
44.92705
66.90262
28.60126
49.92480
37.57700
68.49695
35.45571
68.99185
71.40541
67.61411
35.78443
35.28383
79.90966
47.00256
43.05122
46.78184
58.10813
41.09858
41.00515
52.45893
32.78437
40.32482
44.78228
57.42246
50.38275
45.04813
58.81952
48.47564
33.07105
49.88446
60.89951
50.07427
54.90136
42.13800
43.64051
35.24177
37.89884
82.07077
36.45557
54.97182
47.51957
44.51607
59.80086
55.12870
74.13773
51.38523
85.72051
46.90044
47.92215
79.41625
61.60989
29.61681
40.20809
54.11918
64.09899
75.99763
53.56786
41.86018
48.51879
43.82452
59.30162
54.92060
51.30193
28.52760
56.67211
61.41300
25.70650
66.63904
37.30595
58.69793
54.89055
67.96999
50.18849
18.60057
36.56754
44.78716
52.61038
53.40988
59.97021
55.27593
24.36998
38.36757
68.28695
42.14256
51.92255
72.00146
46.48959
60.87652
51.22726
38.53431
52.69879
52.10288
51.08592
73.29090
41.64974
51.27023
49.61943
60.41143
38.39343
71.58415
22.14689
46.64220
35.75460
45.40677
63.06890
34.17598
61.19437
66.02755
43.55057
42.58819
43.59913
62.10787
35.56631
53.02185
69.22152
52.11519
12.50868
47.02314
55.54395
54.80520
64.10044
68.34076
51.03890
66.64760
39.41049
57.52547
51.16796
56.04023
65.23578
45.75319
56.36024
53.15928
54.91161
38.12949
81.61530
55.86202
30.06837
60.27372
49.95269
55.20879
40.00405
79.20899
49.42015
50.51843
35.24912
73.71031
50.00520
60.34321
44.21689
34.83943
50.26471
54.45980
60.71114
56.20099
27.75062
48.83925
63.73117
66.62615
32.48261
40.74692
29.71202
34.35843
58.16451
74.94990
77.15384
31.75131
38.14660
51.02247
52.72023
65.37605
55.47333
64.90870
42.46014
63.22219
72.63788
31.86798
39.85187
40.28706
51.54209
61.98602
59.15109
52.46740
42.91319
37.85883
62.65076
40.92164
55.52667
62.16531
44.44639
62.35068
66.16517
42.80653
32.51137
49.41040
55.26953
49.00054
50.86715
49.61473
48.90225
34.68908
50.65334
65.57636
42.08689
32.58226
26.25037
46.17801
46.42211
63.60957
65.69252
56.66833
57.14665
34.20700
54.54317
37.19972
56.66742
63.01973
66.77574
65.18300
38.69568
35.66660
42.03922
48.62942
40.65437
40.48060
52.35274
71.95955
51.78825
61.77288
53.21267
56.37522
57.70429
35.83268
47.74749
43.14994
45.60536
57.96411
61.41766
62.81319
42.77882
56.75697
60.65232
66.51959
23.59417
30.82032
38.43091
36.90021
54.28581
30.76141
39.05194
52.44462
53.98760
39.47355
47.12503
41.02508
45.48288
48.56967
54.52824
42.02717
49.30271
51.59844
49.28729
48.85258
49.24131
53.72205
44.99013
58.32428
46.57547
39.03034
46.40740
34.57549
29.81474
64.25893
45.29423
61.49500
30.26264
61.61712
41.38497
57.54533
38.48150
38.80726
32.34615
39.21653
38.58285
40.83685
61.94216
57.63383
43.11633
25.83148
34.35269
36.85442
53.26215
65.01712
42.41388
58.68955
37.86217
35.48076
54.08929
49.58278
42.15355
66.85196
51.89578
37.03729
55.37097
34.38755
45.24240
25.31965
64.96476
68.37124
45.71210
67.86581
57.70197
52.42264
63.85349
77.78475
60.24837
51.42087
38.26323
54.02763
55.82470
38.54069
58.40825
66.34697
44.99280
43.82881
39.96778
59.17639
54.81287
45.38938
50.12754
48.02040
53.72852
47.07764
78.46130
55.33255
68.19792
58.36154
45.94094
59.57113
58.08326
45.80279
75.82168
56.13946
39.20996
38.13213
13.85919
44.30074
62.13126
50.58287
24.99523
58.14699
41.82951
41.52326
61.91119
58.18717
59.67843
47.96821
55.07975
80.26984
44.25097
17.17676
55.24310
40.24228
53.18364
52.85947
67.93442
44.91718
42.66881
53.57170
59.02520
37.10058
50.05159
42.35333
47.64233
59.58018
40.59191
37.07357
36.53300
39.34169
61.69064
39.32100
60.38428
67.20489
46.24055
44.09766
53.55729
42.59706
51.81661
67.24348
84.16439
32.40205
26.32952
73.44172
39.50499
74.87274
21.23947
42.94777
79.97327
59.27640
49.51527
64.18561
39.04223
47.96198
52.03994
40.81146
48.69482
62.35248
62.01990
45.45588
51.19209
37.96700
57.76327
58.52164
60.77757
58.69603
34.01375
24.04651
88.59638
48.19248
44.47559
42.46980
49.93517
56.03086
34.35204
39.68439
49.55200
69.77720
59.02199
54.26522
37.41791
71.88821
58.62384
60.82885
60.87013
59.59624
47.12980
55.27376
78.89436
64.69051
28.78242
65.45558
51.64295
35.67136
75.27745
53.33257
79.64891
67.30762
75.39410
46.93990
41.31639
32.99096
54.85576
26.80600
52.16557
44.98263
36.17036
50.54852
33.81515
65.75406
67.12082
70.72172
62.74836
20.44993
40.36793
34.80592
38.09722
66.87380
84.69654
52.06957
41.41604
53.65793
62.65601
55.55699
57.51061
41.56888
24.05920
51.72444
52.44981
54.31492
71.62970
46.21407
47.26711
34.86910
46.76141
70.42393
43.24984
45.28547
40.39784
39.27747
53.36157
32.18660
57.43188
68.51385
68.78994
35.62312
38.08495
58.41838
53.66289
48.13009
63.33885
44.79897
59.35591
47.89392
38.31437
65.42814
59.07156
41.05542
44.74121
59.17804
44.93568
42.18752
35.15461
61.83391
48.08774
62.39086
57.52699
63.73140
71.00073
41.97128
21.22679
73.60704
42.25877
51.07705
50.93942
52.94308
42.69146
32.91045
36.26718
62.50757
37.37173
58.70732
52.87665
50.97767
66.34238
18.25808
44.92404
53.67562
43.05671
53.14752
54.06639
49.65168
60.80053
46.19748
40.51999
50.17489
43.87424
34.79056
58.03706
60.32833
64.97265
23.22624
51.32831
48.27490
59.11656
60.24693
58.22076
38.22909
44.70759
34.42117
22.40898
39.29358
72.32898
33.99835
52.16831
55.94152
35.35115
39.59004
56.42887
47.86497
66.05714
54.13156
30.90965
58.98671
24.23434
48.28144
51.96587
60.93389
54.43896
69.30075
68.39095
73.72173
47.23536
41.54304
39.18034
48.36469
49.29049
36.28362
38.00374
51.81673
52.75069
41.59561
89.84438
58.96600
35.82616
52.99510
49.18794
41.70381
37.52812
63.48044
50.64256
56.49159
31.21122
49.48910
41.85508
58.80672
62.84224
43.60481
38.74975
45.20613
48.93753
48.26610
54.53315
50.87417
32.15664
49.93218
57.34430
64.25171
39.17322
81.58401
46.85533
74.77064
47.73553
78.98287
40.37051
61.02404
43.26568
19.20327
49.94300
78.25840
25.88598
41.34063
64.16752
41.38528
63.50387
60.54388
44.76540
30.88615
59.72680
37.65565
45.99970
53.38350
72.96851
29.40516
52.55016
50.78944
47.18155
61.86591
24.96664
57.91497
64.72697
37.40041
48.78616
50.47860
34.41772
62.72284
40.81710
36.71982
61.03611
37.49825
47.80951
61.86763
56.41092
66.04490
41.50390
56.66552
56.68511
37.18653
18.83348
56.01656
61.61413
51.96609
69.50567
49.48119
39.47397
38.63023
52.85040
54.89163
65.68287
46.16499
57.89649
64.50831
49.60486
50.42419
36.06573
48.03887
38.68893
56.35921
53.24539
39.44354
42.89803
60.94594
51.71081
58.14976
44.23053
65.69205
50.60282
54.56322
39.92779
45.53163
54.48456
48.78089
54.99213
52.24078
46.16921
54.61873
42.19151
53.04243
26.25729
60.69043
55.89877
58.11121
48.23857
42.39060
71.69161
64.10073
46.26364
61.31747
38.82723
66.34938
52.98419
42.69123
47.67389
33.96888
49.79901
49.71291
51.31048
43.39903
37.82206
59.01646
43.85749
61.79335
54.44915
69.35698
43.85628
40.67784
52.63966
42.02498
47.44365
51.65141
71.35795
40.90854
37.15869
35.69569
63.12191
56.69410
40.55985
61.00290
55.24055
62.60292
56.44871
64.50791
51.49422
69.54218
63.11690
44.01168
50.07442
47.74878
57.02342
54.40005
34.45347
31.36722
55.54274
32.34546
58.00682
64.83589
47.71519
59.07354
51.69319
69.33324
49.33715
61.75214
39.16325
47.97450
45.47399
49.55366
63.50404
44.53261
41.60241
51.57970
28.80853
53.55228
51.90933
67.41894
57.62781
43.84962
37.66309
32.35912
26.99655
71.32955
37.75694
48.27450
30.68778
23.98788
22.12605
78.56682
42.17762
53.40859
45.36323
37.91711
39.23482
36.25540
28.05404
42.56434
48.35940
41.51260
64.81522
50.99297
41.04143
68.28172
80.86336
41.10521
52.24836
45.21201
34.03892
25.65275
42.70455
29.78422
57.38531
50.14194
56.39032
68.08179
33.76139
47.28034
54.61199
42.00847
61.39490
41.37620
32.72737
25.72886
49.54516
62.73608
64.80177
50.00655
41.18555
61.88326
41.01870
59.39647
49.42827
46.09623
34.84612
55.55317
30.35991
57.56897
62.04141
41.95625
47.41807
61.72737
50.29272
50.92507
62.34464
32.56036
53.53955
53.24040
40.69626
37.85339
38.52906
62.79939
61.14357
21.15166
61.66550
46.91188
60.99041
49.25183
46.75643
45.48160
34.79843
46.83582
46.97224
41.40530
70.48969
49.73667
47.79376
47.85126
21.22291
74.25459
46.90360
74.21049
64.38993
45.90401
43.35561
47.62312
66.24108
53.06330
31.65888
51.57126
50.64479
50.74996
43.79878
45.49681
59.50728
32.43736
54.02191
40.06487
56.50968
55.97680
49.79101
45.84725
39.62196
49.89996
34.90458
69.67778
60.44061
59.28107
44.75643
57.44375
52.70879
63.36530
36.10734
40.17183
74.73185
48.35344
49.76999
51.83059
44.07134
56.91716
73.13369
49.45708
46.26315
62.34085
40.59186
57.62668
30.96020
72.91950
66.54799
37.51458
53.04609
48.31873
51.62775
47.62584
57.16194
50.40346
54.48494
44.41873
58.48269
47.56426
29.61777
48.80404
44.52760
34.13450
44.47170
58.60009
39.31987
37.56696
44.42759
48.58235
33.52660
49.20598
55.08049
61.28883
44.21383
42.59588
43.96909
69.43959
49.54456
64.18412
46.16620
37.65972
49.17108
33.06374
66.84158
50.94160
58.30540
49.51192
61.41830
38.53021
45.04693
46.15539
45.60797
38.34644
49.79711
58.65565
64.39672
34.07715
52.33381
57.06663
48.10024
46.10413
63.83493
55.15156
33.11887
40.96492
37.25082
68.76788
45.79881
26.03617
44.62402
40.51690
46.07445
69.90955
28.04679
59.74678
42.25919
70.29696
42.11880
58.26261
52.88955
60.03632
41.60991
51.55068
59.31781
55.20846
41.82478
56.49999
40.81600
58.29645
78.60922
39.12350
70.30961
67.22657
62.18660
51.47034
43.20522
46.07026
52.93783
41.48146
54.44520
32.20216
66.67510
24.79413
76.10042
53.35041
78.22256
43.32489
44.96503
32.26136
47.10888
58.61305
55.96685
46.25047
43.32788
41.86449
52.70223
77.96334
73.71574
56.42938
48.57168
46.50742
39.76428
63.99446
48.67540
57.80913
55.22518
39.91280
56.99870
58.42517
46.00298
53.33099
46.82620
64.57645
64.49344
55.35469
51.69763
34.10996
65.52859
67.89258
49.14656
40.75705
45.07969
59.85027
31.90109
53.22366
78.45860
44.79253
52.88381
46.18162
61.17248
59.36835
64.46332
45.54067
57.04323
50.23904
45.05059
66.63495
58.34693
55.40196
55.73543
79.67659
57.63501
35.06376
30.58065
47.33782
49.11628
44.67148
60.36066
53.20448
60.18912
44.09670
37.25610
54.11337
42.62564
59.13566
32.04313
29.76712
60.54195
41.10029
34.92952
79.39990
57.69126
61.13356
51.19539
49.32782
47.41651
52.26827
39.02800
46.93685
54.72256
67.68121
59.42897
53.62145
43.59550
50.61959
64.71439
54.50462
50.17573
29.81437
72.91626
49.42106
66.07606
52.85415
27.48564
44.06296
8.40870
48.53852
62.37431
49.71481
38.15963
30.16382
40.58739
56.65869
54.41069
23.49954
54.87541
39.81452
45.42977
60.71676
47.84320
67.24344
53.94284
69.38306
56.87593
48.02109
56.09362
58.09420
43.97989
48.07174
73.50704
59.19100
54.29260
57.40482
51.90133
26.53168
51.18277
39.63926
50.59296
60.06273
60.18085
73.01438
40.99658
39.45344
49.93014
56.40154
53.37279
41.87297
67.44973
37.96868
41.04633
41.02519
63.86297
46.10107
63.88159
24.06177
63.29087
63.69541
61.29092
47.80417
66.84730
41.80335
59.90531
44.11670
25.00779
47.90253
41.28647
45.36667
46.11285
72.09720
44.73069
30.90570
61.30702
64.05435
66.30356
28.16179
49.36006
65.08703
38.99962
66.05496
45.85900
30.79407
54.53509
73.66467
38.17084
59.25160
45.03205
54.75118
51.28328
50.41742
44.28442
42.86034
50.70911
44.30380
57.06139
93.82929
57.36270
51.34141
31.80175
42.02904
68.91166
60.63918
59.07459
58.41859
81.47222
68.76434
73.09982
54.38608
49.05726
57.29084
52.69079
38.74800
66.07081
49.13927
47.02722
45.08863
41.25569
61.92139
45.35416
34.85086
46.55350
59.03864
65.04185
44.60245
63.15319
53.99042
42.50937
52.46907
26.45714
23.74705
76.16834
55.89515
59.58442
59.15812
70.86646
69.18785
48.01767
65.84069
42.80533
74.91757
60.27380
66.11055
46.69913
59.92629
51.43121
45.63633
42.26787
42.93763
58.82223
33.77476
36.30591
78.47613
53.44469
42.58932
59.76194
57.35465
69.24063
53.62867
52.21034
44.23671
44.68222
42.34386
59.49713
74.26069
59.96379
38.29135
42.27149
37.18931
19.70747
51.51862
57.80064
43.52296
52.57975
35.58822
38.57510
58.34344
49.76298
30.62702
52.56677
57.66438
39.94228
56.38406
44.67657
51.03817
55.66462
58.96182
39.55885
37.63367
36.43903
35.87425
45.69397
50.58816
27.20340
50.25334
44.04046
30.80967
48.67265
44.50517
47.47392
49.56042
47.08437
53.11092
68.48732
59.58580
37.73763
59.70282
58.87801
60.97826
53.04822
107.93054
41.22424
40.90954
55.76391
52.53014
43.07614
66.43612
62.86832
70.25577
49.99129
50.28800
42.28974
60.34153
53.85943
42.88545
61.81927
37.29052
35.62412
30.06934
48.92328
56.23912
79.52370
59.06347
63.20577
40.58460
48.91306
56.75511
53.14736
39.28025
55.38422
68.74897
64.31906
47.52607
61.12221
20.34567
84.11681
43.75917
36.76720
54.53808
59.91744
71.31037
14.80081
43.92134
50.66739
54.79738
40.73266
39.54025
44.90808
34.99107
56.67773
26.95017
51.06994
53.81455
30.62375
47.98723
54.38542
29.36035
53.88623
57.38565
30.04295
60.69263
37.88273
43.69692
53.81962
68.02077
73.48771
20.07407
56.25830
54.57119
47.82858
47.54063
38.80176
55.13934
70.67027
28.27358
59.98231
65.69454
42.15789
52.13262
46.37577
79.11996
27.55059
42.01485
65.50132
58.55644
47.54859
46.40247
55.73505
37.40688
29.05667
59.14892
52.96540
38.93236
61.68118
40.91449
45.03959
82.40968
50.48438
72.25836
46.94903
33.59120
66.54321
42.93143
58.38642
50.44863
48.27402
58.43484
47.76998
63.67969
39.12655
47.97941
62.27403
35.72520
58.74780
58.13583
50.96525
37.68204
58.92459
31.69430
29.75586
40.11502
18.93232
36.62650
54.37854
58.04756
41.92698
62.09032
54.49632
11.83609
51.72242
35.96045
56.43168
30.88158
45.98254
61.89934
38.68215
55.84929
49.95706
54.17635
21.04769
42.85839
52.08924
50.48975
33.62386
56.90398
53.05447
47.43024
52.86068
63.89400
48.74821
40.07134
38.12095
59.93404
51.74156
66.80641
59.49556
56.25245
49.05665
59.40584
34.77051
43.08859
49.13868
57.35902
29.58507
55.97466
55.47050
44.56507
56.88160
56.17695
42.78146
44.72175
51.18535
50.06993
50.47473
60.43507
48.41611
70.26988
63.98990
33.44147
75.32734
30.98957
23.38072
77.73323
62.21461
47.50659
37.07377
49.45460
38.48336
24.93639
55.60954
57.59821
84.45712
63.21425
64.49946
36.59751
50.12055
65.43129
57.49001
49.25526
48.56427
47.51524
41.32697
55.46713
64.85188
49.07229
37.14907
29.12874
46.39612
52.50494
50.33153
32.17062
30.18175
42.05502
37.26268
58.60551
43.78233
66.92062
63.70233
71.77073
28.84622
49.28138
66.24376
47.76325
46.21973
73.11126
55.78339
63.73637
39.69626
47.54188
21.51606
49.74889
58.11403
60.84936
54.86405
51.34387
38.82608
45.57212
46.73696
32.77781
47.85655
43.08694
62.39457
56.17583
47.73132
40.56804
64.93029
56.40470
54.60699
56.57587
43.73170
68.84882
77.01639
40.06910
73.82958
50.55935
57.02258
43.65948
54.82868
35.18728
49.03088
64.79842
68.72803
51.55949
50.81344
45.57153
88.28793
41.80298
35.38691
29.27780
73.34056
33.10403
8.08000
48.43304
64.98872
45.63993
47.88581
32.01711
34.14289
49.27213
59.26332
87.63309
47.02709
38.71937
57.55665
42.30564
50.71851
55.64070
62.16811
37.58760
39.40280
62.75647
41.14883
63.51490
50.68956
48.21113
44.47841
48.73789
36.67340
44.40965
47.04967
60.51491
66.80677
46.40548
39.17331
47.48927
54.52617
33.99775
47.40541
51.25075
53.53511
50.25952
58.13934
49.97423
50.75437
71.42088
41.65432
43.28555
47.84396
53.01318
50.08410
56.23533
30.95207
50.96465
67.42533
50.07254
41.68048
58.85195
44.30832
64.40783
77.09071
72.41606
50.01963
48.82811
62.35770
63.85123
37.22239
60.15353
29.15623
62.81970
42.36014
63.90685
47.25206
40.35460
43.12875
54.73515
34.48976
32.47455
67.36902
32.45793
51.09476
38.45688
69.64593
56.31196
56.52445
73.52239
52.70037
36.33303
58.05554
43.10208
50.27340
66.45866
44.08412
43.97808
55.98966
39.85182
31.77513
66.02949
53.47425
87.10153
48.29330
33.97632
39.50946
42.18742
62.93909
43.05546
47.73902
57.98903
43.05761
40.41929
49.95754
35.47787
48.16534
61.36855
63.80236
72.18182
41.06437
55.44695
42.51052
39.76048
46.72840
55.62683
62.03757
55.58722
62.88666
55.05626
32.35664
51.12196
49.80276
84.26059
56.81785
32.35029
41.61597
32.65728
48.01628
17.95451
55.84211
38.73492
63.79422
48.45813
58.88159
55.30525
54.76256
66.15464
37.23476
68.50788
48.43035
29.25005
62.04813
51.11882
50.89320
46.97790
55.46133
52.72986
50.49484
41.83438
52.50131
42.77362
62.13969
45.33139
46.10758
49.51149
49.35953
43.83275
49.02314
68.25350
59.74581
38.37076
60.19803
78.01632
48.16887
50.06549
55.18459
64.46374
59.21326
40.15375
57.92092
56.00220
43.79338
54.74111
36.70082
56.61514
45.41725
38.35736
32.96483
58.59817
83.24610
27.79134
50.65820
54.71873
52.29926
53.02305
57.33874
57.80087
62.59128
49.90792
59.86976
38.88224
44.57212
44.03902
50.20212
35.11550
48.82202
42.79071
58.92468
52.70316
43.66875
49.61077
44.08205
39.84997
48.65008
54.21019
60.76720
49.96832
54.97203
58.94666
50.90129
41.97937
51.05853
29.94355
40.36386
47.49513
40.98884
34.94038
37.51264
66.77127
35.48444
59.14320
67.60521
43.40730
22.23981
42.80022
45.59883
53.68977
45.88590
44.01647
37.51381
55.11420
44.23597
62.37032
55.40811
27.67335
42.59997
36.72979
48.64144
45.13867
64.31197
53.78397
58.66304
58.46296
53.04852
66.36606
60.11032
41.16991
41.70567
53.11438
58.58414
50.85487
54.14803
37.57254
44.54482
56.22327
17.38397
47.64939
49.96619
52.19373
69.14145
67.81464
61.06113
46.40504
22.13158
49.81819
50.54723
46.58409
53.90770
69.28284
48.94955
49.52198
36.16736
50.75840
46.98275
54.05029
44.03430
65.41643
42.43706
34.13721
58.33027
53.34772
54.15399
64.63258
74.07511
47.31664
45.19365
40.11490
57.85953
71.45185
45.37040
40.19131
37.23359
85.01575
34.80637
66.45131
50.78850
61.09740
31.42775
38.92379
68.03565
50.94763
42.48293
60.70587
73.04467
45.97712
37.46524
71.45391
70.72783
66.58345
51.82247
48.24852
64.12132
52.48592
49.76650
74.27658
37.01650
27.72466
43.36592
58.57602
48.42061
42.69485
48.99096
72.19391
49.99256
32.84624
57.48895
31.38736
37.58054
45.38572
46.28781
59.99983
40.77903
60.89571
46.02070
33.05112
40.56831
91.12152
39.45482
82.73437
66.64135
48.47036
67.21651
43.75434
53.76388
49.66081
40.46375
49.30900
62.20419
49.02383
52.45993
43.85835
27.57619
57.51291
31.66660
55.52313
47.15099
68.11237
51.78324
56.64745
38.51210
50.91719
44.62966
61.63813
36.14443
67.50123
56.78009
44.94223
50.21589
60.76495
30.99162
11.29805
48.60316
49.01398
64.44418
35.55125
47.83228
27.02753
67.92842
44.54850
69.37339
41.93052
55.11526
51.92890
64.72525
49.30575
34.65856
58.64740
57.27491
55.34257
51.33026
45.80938
59.91383
44.94827
71.32301
47.25414
45.73859
62.92209
52.78386
38.79063
37.37927
39.49259
43.34344
64.07844
44.86209
63.79338
47.57741
38.35478
78.71482
46.04498
41.43814
67.05506
73.38633
32.29699
54.31438
34.97466
41.13780
52.71928
65.00094
38.62675
44.88411
68.89522
46.55931
46.94294
30.94294
48.74777
51.93250
46.45177
58.83880
74.77864
39.33817
41.75091
50.37632
46.85982
42.98031
44.92059
48.93204
45.79945
54.21187
54.87607
60.71904
45.21790
43.49592
38.10811
27.04911
41.33609
43.45017
47.72068
64.58069
73.95873
61.77798
37.97344
50.40840
48.08635
22.41375
66.61052
55.96606
45.40518
30.74727
61.10067
60.97917
34.98603
45.46084
48.87752
57.33993
38.29283
41.06662
34.09053
34.68530
43.99764
54.09751
49.15612
67.39818
32.74860
26.41168
63.82945
51.78762
54.29200
54.96372
79.45665
54.76163
40.02798
40.16293
63.21643
24.21145
63.91486
68.39031
70.13501
47.20782
48.72553
66.91492
61.42599
44.76813
60.09708
24.49540
35.68068
45.06746
34.77884
52.05056
73.53721
30.64266
48.70507
45.81009
64.36815
38.78098
61.64209
65.28056
60.84405
53.05635
62.57958
76.05432
50.16156
56.61391
46.00017
55.84934
50.89746
41.69780
62.24489
45.96308
71.86293
52.44143
47.39756
49.89486
57.04118
61.44999
16.67760
60.12776
34.44211
45.73081
41.27133
27.26547
30.34730
57.23618
39.76973
52.61998
40.00531
37.95995
43.73450
37.35835
24.83271
69.92480
63.67976
31.09457
38.25581
29.88343
43.80497
51.99386
63.20368
61.51534
71.25404
30.06100
63.10938
37.78757
61.76070
47.43153
48.38307
57.92449
53.38136
59.08024
52.96159
74.14970
67.97217
55.96690
54.71792
41.92300
52.86924
67.65804
41.83021
49.48219
58.09153
39.68700
57.71390
54.94087
42.08582
56.95508
28.98084
65.74154
64.34691
39.12502
51.92183
31.02705
47.04978
38.74928
33.35004
36.85332
47.69825
67.39619
49.85738
28.98456
46.86235
40.32274
76.02184
64.77355
35.64907
53.07521
45.82844
58.44971
46.36137
64.75135
59.77530
56.14771
49.58292
36.20385
59.62986
72.79008
21.11478
58.69804
61.44028
34.13313
36.61887
50.74070
38.78452
55.01561
39.48556
45.09509
35.33404
57.23581
58.73233
28.52713
71.61684
85.13595
32.29444
42.19691
64.67024
54.45013
72.35035
48.70540
45.96678
22.51000
18.39326
43.48500
35.95860
54.78403
57.36011
60.51511
63.68612
20.94503
35.96824
60.20538
46.18313
48.27817
38.77482
51.01893
40.57282
38.68652
58.78909
48.59200
38.77542
51.65966
51.49352
50.50124
35.15971
52.19478
55.60436
54.38974
45.55124
46.67764
47.23330
43.52310
54.31217
47.55724
52.63459
58.98500
48.03397
75.65673
36.43393
52.53952
48.52216
64.18457
61.62492
41.57772
69.11961
38.60121
48.80588
30.30512
50.43881
52.07621
53.50126
46.69162
32.69480
50.20111
45.00327
45.45721
16.77586
39.43598
60.92171
38.51528
41.32023
59.76354
62.88604
46.61414
46.34325
40.19200
53.70812
57.24399
59.53940
47.73366
69.43798
53.65001
24.28746
41.47984
43.18662
66.72506
60.88726
21.54339
45.19700
39.91773
59.10814
65.92034
63.32523
65.39697
60.83918
48.19022
50.79724
48.01994
38.44376
46.36112
61.11604
44.70114
47.47685
56.83137
53.25043
31.16047
52.89049
57.55792
37.13292
48.12598
34.14873
73.42357
60.82905
55.12106
39.55514
59.74623
33.21560
73.59241
29.80265
43.32979
50.87530
69.88546
55.29826
62.36713
42.33131
40.70566
74.77880
45.69545
43.96511
39.90777
53.19433
34.62454
52.64625
46.05667
70.08348
41.78113
49.11552
51.31126
28.81997
37.22179
47.53787
59.02677
44.23051
61.93892
29.93998
38.60187
45.68799
50.09605
26.73468
61.57789
47.59225
52.96423
57.70407
42.82146
62.79099
61.15763
63.86906
63.31133
54.95366
73.41912
46.91288
72.41900
47.46361
29.29121
44.85473
31.75781
30.98618
44.85316
56.25169
57.74889
55.46331
54.05541
57.29819
51.49970
65.03345
46.37476
49.24701
30.51559
57.26386
49.77851
30.34813
59.81892
64.64987
45.37349
59.23780
46.85940
45.58990
47.70705
47.10663
25.11192
47.51868
43.30433
48.46471
45.35341
51.59529
44.25275
32.59604
63.53159
42.69004
59.84579
62.79214
61.98542
73.64522
49.62860
58.92389
37.93336
51.07162
26.79647
42.46520
39.41634
46.95463
49.94878
36.17108
45.94513
63.22661
50.09677
47.91203
59.30767
65.36925
51.77117
57.72725
48.89337
56.33952
48.11586
35.95025
51.56936
55.09682
30.67210
63.13082
47.25602
39.83091
50.20175
42.75110
24.10692
51.53794
41.00137
35.67021
45.89472
35.34637
64.87721
52.88267
43.24634
38.24789
71.13672
54.53952
55.85786
57.19617
48.70672
54.84643
56.22035
40.48780
32.83028
43.98250
44.20842
61.99900
43.90024
52.05473
52.35992
49.77149
47.07241
73.36262
32.50529
52.77639
37.30229
51.65779
51.05310
23.10531
45.07869
57.02409
34.86496
61.36710
60.63787
68.66317
48.23279
38.21207
62.94059
76.04892
33.34084
54.89538
46.16629
29.50160
48.42501
46.49015
82.81064
50.44508
45.99677
69.29019
45.35992
41.09640
31.61775
55.71512
35.50767
64.05796
47.40717
62.32341
41.39189
55.08576
64.56151
20.55062
60.74201
37.18476
54.24450
50.13771
58.24804
66.13881
40.65552
48.39130
61.64532
58.29770
44.06556
61.52128
51.80597
59.65847
32.24025
72.56868
56.43737
43.18161
44.48550
47.47905
53.13049
60.35900
54.02056
56.40749
54.48162
66.52798
51.40009
42.77119
47.97058
50.86598
72.47112
57.08616
48.48881
23.29268
79.19157
44.59371
47.86434
54.47840
73.75252
53.17587
7.18834
57.95179
45.78113
60.54333
72.07167
13.47966
44.15714
49.12263
48.88362
51.25176
66.10004
48.56310
35.28329
55.65891
70.78902
47.54857
43.03840
33.03046
42.85195
55.67043
43.84076
56.71090
63.00340
51.28552
51.61128
55.97467
52.85906
37.85545
55.09080
54.68222
32.31378
37.58955
64.28131
65.23034
47.58621
61.37075
28.71084
33.00525
42.20386
58.61315
63.81695
43.77904
47.89157
51.66112
59.00549
71.65233
43.15482
68.67054
65.59322
59.18767
47.81537
52.76966
26.88781
48.94432
40.21225
36.98043
52.64291
53.53808
74.67603
43.97540
41.54731
26.80714
28.80821
62.80609
47.52120
42.15261
63.58859
65.20442
61.66508
41.43199
40.68527
47.47401
36.60293
54.12277
51.27444
39.95003
51.44770
66.52717
64.38081
32.67769
49.63128
35.47734
59.52325
46.05158
55.80302
75.41005
43.99294
41.73113
42.27930
47.31189
50.76521
39.94248
52.14549
61.47442
45.81456
51.70305
64.50470
49.62555
53.65904
52.25349
38.25725
46.34463
73.01683
60.25352
55.73573
57.65420
44.25822
31.65848
53.17911
47.89100
61.69473
53.47053
67.59871
77.85676
25.72588
65.85292
52.92766
57.53977
51.44298
38.70424
44.31990
73.40080
50.80170
37.70160
35.65110
53.32189
56.04224
22.20141
42.32826
56.57692
41.70394
40.76333
60.20643
39.11950
46.77611
32.30191
18.35945
41.92587
17.90149
50.75701
40.10939
42.63335
52.16894
50.10546
60.69234
37.60396
45.19394
43.93008
35.63523
36.98480
33.01246
51.09047
61.41223
56.69078
34.56223
37.88383
51.57418
53.28279
40.04059
57.53105
48.70255
45.49406
44.33278
47.81005
51.65460
51.39995
44.27813
62.26487
34.93291
37.51459
50.21048
42.52044
30.00007
53.46064
66.56518
56.24062
69.12329
45.62442
44.64453
51.48928
53.29418
56.28618
56.37039
43.41574
46.79902
37.18755
36.46001
39.93860
45.23752
53.60067
36.52551
55.70421
53.46994
37.30605
44.23034
21.49378
55.91121
65.79676
33.43036
59.78536
44.15034
51.37664
63.31532
58.15278
58.73901
61.20595
61.18084
60.84983
50.95540
62.22691
42.05778
45.44591
48.12089
66.40477
35.47099
39.93897
57.41250
74.47100
34.02662
47.52697
48.58117
57.92479
68.95303
25.12394
56.78446
36.78866
43.60748
62.65581
53.21521
48.35784
29.23452
34.66413
59.67928
64.29300
39.01390
52.34655
79.96091
35.69799
39.14522
36.59255
65.09809
68.45864
25.69583
37.28740
20.74878
75.62046
51.60686
36.35414
51.78131
44.83505
66.17736
48.05773
50.92328
50.35611
60.31460
29.96208
43.98848
40.60739
43.76406
57.06700
41.94341
39.31071
59.95777
50.31570
38.32358
33.00836
68.19004
61.89576
22.56543
44.94128
71.60133
77.74970
45.28629
54.12362
42.23206
51.50408
49.15904
61.58075
32.89271
63.92045
44.76051
39.44489
67.84191
22.43829
65.92109
34.49743
60.45255
48.24302
42.10587
41.29783
61.15306
57.06528
55.02196
61.49694
66.04571
40.03751
54.17333
63.05821
58.65790
51.94047
54.83173
25.65586
62.13192
54.47762
64.56102
48.32679
64.23007
42.20557
56.82708
52.86159
57.27380
52.82877
51.86201
51.15846
49.11315
51.07623
44.77585
55.02007
38.48866
61.92130
58.71801
54.58127
55.14397
39.22487
47.71295
48.58027
59.97290
38.85823
61.86205
50.74592
46.64151
53.46061
64.08867
49.70518
38.56292
20.72621
45.68519
53.01429
57.78265
46.91683
36.49502
48.90824
52.16555
34.17584
47.31330
61.04441
30.93929
53.43171
67.50145
43.75740
52.18030
38.18876
47.10606
60.60296
44.94677
25.28417
36.10529
68.26885
47.89250
65.62762
49.30011
57.95182
55.95600
47.63948
36.79938
57.98595
48.34429
32.66658
56.76200
40.01567
24.66852
65.75946
27.28353
46.52328
52.22119
29.64583
34.95982
47.81061
59.13262
54.40747
59.63732
34.35069
70.03377
35.62122
52.35431
57.26187
48.09211
59.32495
50.26956
48.28284
52.59243
58.80790
33.07446
66.25057
56.16921
49.36660
50.30573
41.59679
64.04701
54.45988
53.95505
66.44941
25.94152
39.76491
52.40715
45.77192
52.81275
59.91961
39.66009
42.91264
54.88267
55.71816
50.17072
51.93791
53.18624
46.58349
35.51171
22.92392
48.20867
26.20402
64.22466
55.08121
61.93760
49.38631
69.65995
42.38624
69.48733
43.12271
60.14448
83.29870
62.99777
49.07644
58.98216
65.74848
46.78257
68.92897
58.40612
57.99962
53.11772
50.60607
52.18195
39.69157
47.10076
38.12495
46.66870
55.53741
53.87754
66.60177
37.90759
17.54781
71.43132
50.15969
60.12466
45.22770
54.27667
74.22076
45.19361
74.03073
57.62561
46.41381
49.88826
53.06069
55.98009
57.66446
59.85439
57.16077
42.67681
59.01156
45.72583
49.08709
55.13174
56.02024
77.19549
51.72618
35.24465
54.05084
61.01863
53.88077
44.72091
32.84042
60.11392
46.29113
54.33381
48.43290
67.15028
61.26729
50.68468
70.08642
62.25971
28.01924
36.93619
49.97548
50.05337
43.02439
65.98740
69.52813
58.84811
56.63776
39.98959
59.11261
49.77611
34.96282
82.35876
57.67380
62.08834
68.13483
25.82516
55.26336
57.45510
43.82342
23.90703
26.66550
62.55545
70.23660
70.95176
48.65013
19.87294
46.16219
57.95669
53.87432
62.32614
39.26143
18.16834
38.68168
60.53485
50.36267
61.04635
45.87371
43.00076
43.69842
41.07164
42.76258
66.98933
39.90102
59.21176
26.69910
36.22487
56.86652
55.61481
78.95448
66.15110
48.98045
36.27729
67.34471
40.25286
70.04819
41.15625
54.65289
59.62873
40.40962
60.86763
45.08128
51.84649
56.56965
45.44928
52.00972
66.25323
42.68659
48.41323
25.94433
81.84182
35.15894
41.15310
53.10234
47.19460
57.37738
43.20356
52.24661
32.74752
56.61950
55.14711
49.52391
59.55775
64.31697
52.34329
56.57148
40.43442
30.52246
54.36896
20.40847
39.11633
48.16452
48.35056
32.70037
56.08425
53.32933
52.75470
30.30018
67.57713
62.04099
54.48163
56.20538
49.46109
56.49107
46.77872
47.21060
34.49372
33.66819
44.87814
26.17109
33.43336
81.14021
31.18137
43.95888
43.42846
54.04662
40.06613
51.81489
70.47606
61.84890
55.84275
45.14554
12.13235
26.36391
64.19188
55.84952
48.91920
52.93278
62.44383
62.28111
56.45300
56.86304
74.22681
57.58410
71.24934
61.15574
81.20191
58.07207
51.95292
54.57102
35.47428
35.08796
59.40973
44.44557
50.80182
25.35446
61.81522
62.49994
60.44919
41.61878
55.47684
44.07332
48.57073
31.44644
55.24010
59.33368
64.18829
44.09534
54.10378
45.93380
51.80204
60.43797
49.91801
31.06972
66.14678
35.62264
42.69790
29.44828
59.68911
64.22303
51.24284
49.21160
32.31119
52.69392
19.93733
49.02556
53.60480
47.31464
45.59590
67.86680
55.05184
50.45436
54.57596
18.25414
38.23324
37.42590
28.11701
68.88272
62.46745
49.08281
55.99337
58.01050
29.07129
55.85083
77.74356
58.13594
33.80627
52.30547
62.05410
49.89198
61.68927
53.42690
47.06910
74.49606
53.59949
58.92689
51.84806
63.40756
59.44361
37.46932
57.82586
44.13542
51.84470
54.76436
55.97351
52.68189
61.56514
32.54762
68.10584
55.87455
42.97387
56.61190
29.56122
54.46785
63.18078
73.32499
47.13199
51.29123
51.33265
32.06581
74.52878
43.18584
47.25610
49.41052
70.37335
51.97842
54.70755
57.75297
47.32038
45.69062
32.57436
50.01039
59.73358
28.32364
51.56973
51.10602
65.65081
41.94609
32.82346
49.55207
43.53325
63.16283
50.22701
54.51467
47.50858
66.36269
57.63099
56.38481
51.74424
62.43341
22.53446
43.05513
44.94443
60.99933
48.69008
37.29393
49.65481
72.50166
62.40239
39.74921
45.47253
49.62759
49.65711
45.62093
51.40185
60.17576
32.17264
52.52898
69.65338
35.36678
60.94463
51.67480
69.96244
26.66354
44.78595
65.71829
39.29428
39.96028
64.49206
51.09845
55.20832
63.18407
66.25704
63.34377
28.65349
53.26425
44.72475
36.72446
43.97268
59.09146
60.56689
41.59199
36.11543
49.37138
52.80985
51.88842
39.45597
48.32377
50.19372
44.32488
47.99388
53.64854
48.48240
38.31917
50.24520
50.76630
49.31161
44.52146
48.09435
65.12655
68.32903
48.57681
44.79582
30.51082
47.06373
26.13782
28.24779
56.43883
46.22832
45.03759
23.99878
39.05860
46.87934
39.92074
53.33861
52.40343
49.14377
47.14583
55.09647
71.67583
26.53924
45.29274
66.75333
62.64136
73.35508
24.25046
54.07546
36.59150
44.07523
48.64115
62.85867
63.42265
38.21306
61.79478
46.40489
29.12510
65.58416
29.05125
71.86745
29.39626
28.00922
38.00692
65.32504
45.41761
46.63330
55.17022
54.88025
55.82388
45.46111
43.67384
51.74571
56.91356
81.99409
66.21657
54.25750
73.02788
64.11858
43.82857
54.54017
57.15362
49.34458
46.55022
35.15741
49.71932
56.32839
44.21416
59.47565
66.96654
41.15309
50.05341
48.93923
50.58995
43.37891
37.39275
56.20556
53.37851
36.00038
42.04690
46.40715
50.42343
37.47560
45.94335
36.83363
40.32728
40.65868
58.01180
55.99755
54.52132
25.27832
62.49706
35.84279
69.46677
38.62333
42.12862
37.02819
48.87726
40.73184
67.46746
70.47839
64.44981
41.87779
48.91384
40.35896
46.82981
69.47368
63.64124
57.32646
61.50275
27.83887
41.44527
80.58978
34.65042
45.01350
41.18285
68.43561
39.68891
79.62034
48.30656
35.89818
59.83035
61.09167
54.37674
63.15608
52.91018
65.84099
20.61696
33.49314
42.83372
45.81408
40.64070
63.62001
58.52132
36.86421
51.52168
62.56501
34.50228
52.33342
53.18370
60.90238
25.67200
46.06745
38.99205
41.23382
23.63934
42.36280
34.92275
50.30178
65.89130
79.41781
40.34844
45.79007
39.78827
37.26279
43.58218
32.39096
75.98108
52.73557
39.15956
79.94328
70.01027
44.37766
46.12783
55.18432
35.18251
39.96435
62.25014
53.13477
42.82056
71.29708
52.72892
40.95533
59.33743
49.36610
54.04172
55.11618
45.75171
44.64147
63.16978
49.94241
53.26660
22.12141
50.51973
48.67528
66.07242
45.96961
68.60820
69.30177
47.17833
41.65334
32.61427
65.72634
39.14076
56.97050
55.88238
50.79786
77.69611
56.41938
42.70819
63.29004
59.73801
58.44566
53.69034
32.47757
38.05382
48.92574
29.37356
35.65615
58.68158
40.87481
44.56134
31.93135
25.30857
28.74386
56.28465
58.03492
49.90896
69.64692
56.67411
43.26532
30.27718
55.91999
49.48448
52.17333
44.34511
39.43987
70.02874
54.83901
70.66411
54.54441
30.58594
47.06285
29.66401
38.24956
42.37436
68.18011
68.07745
51.90272
43.45498
56.78956
66.91703
54.64199
62.98352
51.22069
53.75409
61.83098
65.73397
65.04798
37.80978
38.25794
50.91307
51.40449
77.25258
54.06693
53.34403
53.54644
31.94561
56.84899
50.52152
38.26422
61.75586
18.20328
50.36902
45.25573
54.91163
31.07503
46.87275
57.98792
23.32012
65.03235
66.34061
48.22146
49.89739
40.01925
68.30309
52.69339
61.42626
60.35413
56.39832
62.16045
66.55130
29.11752
41.67550
37.79681
59.77731
68.03971
56.78870
82.06805
55.35152
53.56477
37.43589
52.22365
58.70889
63.36921
47.12011
51.24381
55.61654
49.99987
46.32975
49.62278
58.31973
35.90763
51.36048
44.14108
65.17290
44.74158
30.92943
68.33327
63.81331
45.48599
56.21027
38.21636
32.23068
74.59200
36.08386
44.20191
52.57170
28.45140
24.12018
65.94084
60.29307
44.09503
63.76080
72.18641
36.43992
44.23056
65.82855
45.90059
35.63217
47.65535
56.29439
27.96318
40.28898
71.60258
33.45668
40.66589
32.62078
44.79225
41.76564
58.23753
51.23428
63.05598
42.75494
51.09381
51.90487
46.55224
41.82560
68.69271
59.44892
54.62448
43.09565
37.16344
41.93223
19.91692
37.90501
56.81648
50.39939
86.88627
56.48434
42.12766
54.85112
32.06518
39.99820
41.81266
45.89357
77.68840
53.38369
47.32450
58.42037
32.84215
45.60954
42.44140
47.02418
55.49036
20.09381
64.67822
22.39639
31.29122
48.11362
58.76922
52.34437
51.10034
43.48630
54.59669
65.87860
44.78711
39.21839
50.11841
44.92042
37.87274
73.02729
39.63580
70.00053
36.11896
51.04565
48.95097
68.10463
49.27258
39.86880
43.54504
48.26798
41.66748
48.79847
35.53623
69.10729
54.83934
26.89093
55.98662
42.19720
40.27551
58.73940
14.71207
42.47922
62.55727
67.51756
43.16817
62.15765
54.08978
57.90203
54.25043
39.24984
61.53751
36.13992
38.85956
55.77362
52.28536
70.79403
39.60896
31.50847
42.99957
47.99112
55.03896
53.70079
53.92421
46.61516
49.02963
56.36699
42.08223
41.12230
52.52088
62.18627
39.46042
43.23536
39.90296
40.70751
64.80518
40.84740
34.17941
56.83344
62.49737
47.85271
56.15539
75.33623
48.68073
38.36009
49.02525
57.90724
39.72238
46.96630
81.48613
47.98262
34.86442
47.21662
24.92116
49.67275
41.44734
67.35298
66.74240
52.79044
41.23888
57.83502
82.15719
42.96424
60.88192
60.25712
42.25349
48.01052
32.16554
33.74074
56.46684
54.91905
46.80167
58.69009
30.46397
57.27093
53.69457
52.66614
69.59849
59.06675
34.63928
55.50402
68.37497
65.41341
63.06033
26.24443
80.83383
43.54492
41.72667
36.22644
41.47786
51.48702
35.50856
27.50540
72.42735
77.19991
56.04951
36.23252
64.23406
16.88887
39.85071
17.30110
40.22858
47.13973
45.14630
39.73314
49.44792
30.31057
35.36765
52.87426
51.54506
51.10942
55.24749
48.46460
22.23688
39.77422
53.32771
35.80905
49.31421
61.91064
48.60091
35.46430
66.98155
63.48732
69.91491
30.02153
39.66240
54.87263
57.35155
36.79967
77.29198
60.61956
53.35304
15.21917
62.17335
43.74268
55.74167
43.60944
50.50862
46.04637
46.88257
78.26415
35.60691
50.50761
48.53333
45.97608
41.82321
47.45962
68.51730
45.16725
44.10153
64.59100
40.51085
48.98626
37.74618
61.90229
58.05273
52.50569
53.83938
49.67506
44.17171
56.39392
42.92744
56.61993
44.89321
51.71428
30.21644
56.49179
53.49622
38.87865
17.83805
42.32754
62.32866
25.72870
64.32333
63.30171
52.73223
27.18449
62.50232
60.58872
40.78434
51.57781
51.57559
36.93080
48.58022
59.87060
17.34629
52.16921
52.73954
46.22701
78.99188
32.80054
64.77433
69.61725
58.04203
43.20604
50.98406
58.06646
49.85303
57.08641
39.19294
38.64952
66.14397
30.33232
55.38151
29.08323
43.71648
64.71747
59.48941
46.16395
56.32923
44.78170
64.89030
41.32299
46.53264
36.29157
36.16762
68.83629
36.20244
44.98255
59.10226
59.39063
53.65573
48.83148
48.31539
64.60980
58.78397
74.67245
41.19230
52.80510
54.16904
28.95083
49.03125
47.36850
54.73546
31.91778
63.32083
49.34580
33.80163
42.85985
61.92863
40.77540
45.69399
52.61578
35.93082
73.15043
57.63098
38.08800
39.25990
48.49445
49.26391
53.68063
47.72465
45.81792
66.28037
59.37200
35.16888
50.97093
43.07154
61.29203
40.71605
52.02961
31.64125
71.35227
40.10346
36.61207
60.51926
72.48479
13.47625
71.69737
29.86122
65.31700
70.48650
58.66165
48.37050
47.78672
70.00497
76.17831
63.47575
43.70104
30.55549
39.72187
47.93767
56.90214
60.78311
35.96741
45.30446
46.87613
65.63328
58.42309
68.18278
47.94105
45.31725
43.44539
55.40192
49.00814
48.72916
30.08705
39.98399
59.25006
43.40594
42.82478
60.74197
18.82653
42.22503
31.25801
52.28878
17.10124
65.58145
58.55856
49.76182
56.18523
49.88703
62.95034
34.45885
73.49371
53.57617
40.29243
27.57672
60.31562
33.01037
43.43803
49.35016
30.43931
36.82149
40.40616
40.56728
74.02999
56.53027
29.96770
48.72812
61.45970
43.01077
21.82538
46.03467
67.67358
33.01759
37.96260
72.14069
22.26244
43.06439
34.42503
47.24740
63.34376
39.10822
44.55373
37.56951
49.04873
29.01070
51.22483
32.46856
48.05669
41.28971
75.40901
47.30791
53.78257
23.75202
65.44629
29.15564
29.20857
29.74153
57.47211
32.40921
63.15222
62.99178
52.44095
51.29387
57.11826
52.33820
56.22673
50.76317
31.68639
66.77668
39.73489
48.00987
53.68119
59.74947
47.46104
70.29687
67.32332
46.00819
38.54165
71.98596
54.77879
42.80851
58.32916
37.00285
58.31594
28.64672
47.87665
65.14084
64.87746
59.28940
51.62927
66.37390
48.68096
48.10287
30.25469
41.47606
52.96698
46.32338
54.26656
62.96901
59.33439
25.15912
44.59718
52.40670
35.16198
58.11466
38.34905
45.13156
40.27655
55.44229
47.81202
10.25876
65.21860
47.24748
65.31059
38.83441
42.36138
59.37630
55.38934
46.44082
51.75771
31.18226
53.46707
52.83769
29.66539
43.01403
60.74140
81.84412
62.77867
27.47426
50.18977
73.23311
51.24249
35.99671
79.70488
45.41211
47.00187
60.57589
33.49720
63.88007
56.49069
61.13654
49.87341
59.58036
49.89240
47.32630
53.45392
40.54691
36.12188
38.16028
50.10158
45.70826
43.22219
54.51589
34.32873
53.24312
63.36498
54.96919
34.43133
36.03822
87.90126
53.10164
36.83318
47.58991
50.33140
50.89327
44.85433
77.99701
52.30639
64.67773
55.98845
44.55736
73.76388
57.86612
55.53088
37.05865
55.08939
60.19843
55.76932
62.26825
36.56074
34.15357
38.19931
63.04457
64.40954
55.59040
39.38588
65.40364
46.57199
53.76564
51.67792
62.64075
32.90184
44.59010
41.78690
34.73033
59.01337
33.72550
46.72662
51.70321
58.10140
43.55863
52.03419
70.47994
59.01974
35.15595
38.85377
47.45612
60.42394
43.36853
44.71380
64.56633
41.48977
40.18884
27.69474
57.91157
56.51726
50.76085
60.24323
65.84399
68.94299
50.46302
38.88423
66.02319
34.43201
39.99836
54.09440
41.26906
52.22647
71.38736
34.44864
51.68259
55.35140
63.39310
55.27808
48.85804
46.43470
19.98031
53.94686
47.84590
35.08440
23.00585
35.66115
50.43928
41.80058
47.52005
45.68822
54.93298
46.12380
55.22467
52.85518
35.88306
48.05809
40.92237
60.15178
41.31259
48.50580
24.90726
67.12430
38.61301
50.00212
49.84574
48.38155
40.42267
45.78741
35.13873
63.69662
60.09065
42.67076
39.76137
46.20251
48.02991
52.50187
41.69996
49.68474
49.44040
38.89323
46.74917
36.11170
62.97989
49.20420
54.52969
32.31152
48.33767
33.47823
48.37179
61.70581
53.12171
54.46386
47.78866
49.21850
70.97664
61.25903
57.60206
63.93842
42.25790
17.88785
42.96171
44.26098
55.46449
60.74516
64.62021
55.67226
47.68033
52.81952
32.64689
51.97527
93.75402
51.51441
48.20472
41.05276
61.36554
87.74767
54.09304
34.81717
32.87879
58.95377
54.73508
57.39309
28.23958
61.38453
81.34881
20.45974
78.70335
52.60988
58.25815
57.03508
70.64805
64.71256
60.35772
42.51688
66.52108
60.24072
45.45715
40.73888
27.28664
63.06407
55.03163
34.62387
47.95594
54.90172
74.05685
46.76546
69.88186
37.30435
48.01576
31.11836
57.96545
39.78508
61.16003
66.15177
73.52402
67.94125
60.86305
49.77462
54.49121
67.95194
26.82204
45.94181
43.33199
38.80048
43.03710
59.14782
40.21977
43.99962
60.39193
65.95943
49.96058
49.33083
43.75899
24.76296
63.51351
47.92879
48.47027
47.96429
56.85268
30.11330
55.49673
25.62081
64.25055
56.79338
44.18003
69.00838
35.78771
73.98280
41.22547
28.54082
21.49799
47.57950
58.00883
61.52120
44.70241
28.70239
57.43071
51.57223
42.69216
63.76499
34.31836
62.96691
47.37327
49.12301
63.54507
37.82743
35.75952
36.31541
54.28216
46.08319
31.60219
45.63324
49.88509
64.66610
50.76267
43.86118
56.19411
58.92187
33.12811
51.96193
57.49969
60.59163
30.36663
70.74877
41.19007
52.45351
47.22353
38.33396
30.14953
48.10864
61.38179
54.12621
50.69754
66.82272
62.58690
63.72577
56.56685
22.48869
46.28523
51.49167
56.17234
48.68591
20.91108
53.02333
60.10475
25.49752
65.44042
52.77100
68.91215
29.93908
37.67527
46.81578
56.85229
49.57527
33.36820
39.82859
54.25626
52.38313
43.21029
38.58888
40.51970
41.12474
67.16908
43.62033
62.22262
30.89341
51.94452
45.57789
40.79687
68.78989
44.50623
42.73317
59.68273
49.59565
45.06864
43.10276
25.95925
52.78636
84.59749
81.56948
33.69834
39.16800
53.05141
38.74970
48.73947
68.53000
64.22042
44.30588
61.14967
45.52565
44.68543
50.82459
48.96026
45.27360
57.46228
34.62672
44.08666
60.15166
51.05425
66.61019
84.28820
27.43785
36.60710
41.29355
58.81959
47.33100
48.31478
36.24031
67.14816
41.61138
45.17982
57.03589
46.13014
66.38418
28.95875
73.29248
38.92258
55.78629
36.27098
54.40980
57.28955
57.37478
48.78158
51.14590
49.69242
69.40455
58.68399
72.23192
44.41809
64.52776
68.84178
31.70227
38.79465
46.01836
45.06700
55.54596
42.72628
57.44284
42.26886
54.42418
58.03523
51.42936
56.47813
62.71973
55.39014
35.33489
75.47518
67.40925
31.24595
40.31579
51.30592
37.96192
50.25309
42.90861
43.61949
43.14875
53.59114
35.01831
49.76545
34.02072
19.17737
51.72561
61.49857
45.14628
46.47899
63.32163
44.35261
48.07601
48.45063
55.34242
56.49866
41.95913
62.18161
51.29668
64.03247
35.94112
57.82249
47.72380
47.34752
49.39237
45.91564
43.92631
47.97828
32.94190
53.65155
49.15682
57.09404
46.11864
36.04045
63.33118
42.27689
40.12495
86.77243
53.63788
43.21629
54.24611
52.45964
46.31404
47.67776
36.28180
62.26739
37.19118
44.20436
42.77936
38.18714
36.20994
54.92647
38.38211
55.43134
52.56446
28.33128
72.69039
53.05912
53.27953
52.99119
34.26323
42.00550
67.28609
74.25204
50.68349
56.00274
34.14654
46.84994
48.03699
52.34387
53.82267
39.34194
37.11380
64.09511
39.49555
44.43477
71.71605
49.74153
57.98397
38.13795
50.37612
48.23703
58.83066
47.27805
57.29654
54.16914
40.47496
71.47495
48.58079
61.36447
51.04986
25.60636
53.62876
85.54204
58.12191
54.98137
44.30577
52.04990
27.61520
50.38451
57.01750
46.21038
68.34376
43.40948
55.88681
62.30069
60.49367
54.70578
34.59069
43.77226
52.01614
45.59853
63.89052
54.63364
62.03980
62.75892
39.57604
51.15081
52.63394
58.05018
86.66983
72.51039
49.13691
65.77666
44.39244
42.41503
62.98296
49.74038
61.15206
53.37886
46.81210
67.65795
48.41397
41.22339
73.76006
41.91973
48.67726
46.61828
75.05241
51.57110
62.78116
37.21352
32.76250
51.91214
50.91301
44.74664
44.30652
39.18994
55.08229
54.63200
55.28830
49.71381
52.15410
43.71750
58.90097
57.09636
58.30935
35.87167
30.47317
72.10553
19.17222
35.26794
58.77949
66.14659
70.34414
46.54595
37.44187
59.45087
56.11043
44.77093
56.39418
38.07147
54.25800
52.79741
45.14513
33.58196
43.03983
46.19703
62.89661
64.64060
32.64713
58.75953
56.68146
58.56581
57.06072
38.18097
55.01330
43.62037
53.65698
35.19290
55.45006
41.85666
33.06120
62.14238
59.06731
57.25619
80.41979
78.25461
54.45220
69.01877
41.78810
49.35022
47.07521
43.07007
64.26149
34.97396
59.84336
47.66834
70.21852
37.58895
56.71203
66.88811
39.69140
78.09189
64.31678
29.18467
46.70066
49.16927
15.96760
18.39746
42.86060
40.85419
57.85116
46.92807
61.61894
56.81782
26.20392
75.04534
51.25539
51.61391
63.73876
46.35786
50.40803
50.98857
55.13863
53.53688
44.90088
64.88922
56.54651
37.19120
62.99192
59.35505
51.93544
75.99119
56.16206
48.44081
28.04971
61.75305
35.98243
65.37451
61.71823
55.94436
58.30831
49.10975
57.93525
44.23206
56.30726
63.73457
52.54783
25.41038
51.22239
21.38383
38.68194
37.40521
56.31492
69.26601
64.50059
56.51456
52.50955
71.40117
69.27449
72.34168
38.86051
61.40840
51.49959
53.34199
46.48904
67.43652
33.68164
55.38692
45.11772
65.66221
84.61899
38.69824
60.82204
51.52383
48.98685
66.09104
48.87062
56.29853
65.55051
44.44754
75.17118
83.46609
50.10429
44.77923
66.06325
56.82040
48.30304
52.87571
46.19814
37.50250
58.74303
60.49056
56.47597
38.26594
55.89821
73.99504
53.79832
79.65036
46.27336
44.73899
63.38652
68.78040
54.57165
52.51627
47.15072
63.35679
46.74955
27.85618
71.33975
53.78188
49.97240
47.78815
26.43162
83.63197
55.38135
31.53282
50.41568
48.20314
45.49575
37.13536
43.85253
46.52675
42.86861
42.03460
51.39078
51.49852
68.51139
34.37114
37.00686
60.72445
68.24341
62.88928
37.47251
47.75170
58.68150
53.06414
47.64168
46.38378
50.20382
43.35652
57.21686
44.29883
50.01398
64.66528
37.12473
45.73664
48.93444
51.44965
43.05415
48.43916
42.21261
27.91319
49.32515
55.36950
45.14679
59.22416
65.29410
59.17485
44.58369
41.17231
57.85942
48.06206
69.90566
47.12683
42.14902
39.03482
62.72935
23.26869
55.80403
35.71283
75.31585
30.64033
37.30964
57.88364
46.33809
42.80528
68.46860
26.33864
57.59570
27.25273
47.39090
45.49436
31.13833
51.68182
50.80823
48.00551
34.54978
63.96931
55.93581
39.97665
57.81741
41.35815
63.56216
74.44513
46.90338
51.33125
51.78159
61.60868
41.14019
30.08740
55.12301
68.67234
12.33029
48.13412
60.50624
24.88862
57.23807
44.43859
66.06740
55.08612
50.37182
44.61771
66.94943
60.73181
51.08207
48.04266
44.85238
62.64334
46.41025
39.60583
45.90798
34.24551
38.37555
41.96829
43.95967
32.69159
54.61669
46.29364
51.16002
36.24288
37.08320
40.76190
71.71176
46.53642
39.03447
54.24019
63.98224
36.06700
66.88805
38.25360
46.61745
49.16496
47.83374
53.79221
41.48337
42.03959
60.73943
66.69028
46.13525
48.36480
45.41875
55.46543
36.74677
53.01817
54.72676
19.98545
34.48476
45.81148
63.01402
43.61233
82.84047
45.09830
51.32408
36.88538
68.31405
49.10569
57.84814
51.25370
60.16501
50.41362
55.88428
57.20602
51.16639
31.59711
48.16050
51.05787
52.05817
45.45752
45.43701
43.23195
39.99724
59.64968
52.65662
71.46556
70.27365
36.94002
41.94035
66.28943
44.49252
33.08970
44.87494
46.39054
37.93916
70.68656
40.23519
59.54272
59.44577
35.01921
52.86344
36.14245
34.19079
47.77248
69.95263
32.22717
52.64908
57.67256
56.44436
43.99691
68.25495
67.72172
44.21345
51.23052
43.09330
21.97574
44.61190
42.38317
37.80519
60.09388
51.58485
53.14646
35.17807
28.55489
36.92647
64.35075
52.42992
30.77551
45.14351
51.47589
60.07875
40.10732
66.71939
63.51952
66.84730
40.82863
52.89023
39.20826
57.50257
46.69224
63.60562
52.37938
56.00038
76.51252
49.70519
53.38806
45.86654
72.71046
65.69220
52.93445
38.91003
56.26255
64.61239
52.48563
62.56267
72.15560
52.36456
23.95510
33.58064
47.56188
30.01681
53.63234
53.72778
50.65501
46.89392
68.80939
40.98059
56.60789
43.97259
22.74712
61.81838
42.87596
32.01911
30.51998
71.85304
46.99850
42.27931
50.62805
48.73968
37.97577
70.04964
65.02970
45.68002
35.62373
44.91473
43.02837
34.56784
26.72629
42.02693
33.64229
46.05838
57.72276
52.70733
66.19062
18.18830
57.75026
62.57056
69.89191
43.93339
38.68225
51.22977
24.57053
78.79064
61.78549
49.22404
44.06569
63.78124
30.02681
43.15216
62.07882
64.15026
64.02273
35.67340
53.57064
62.48420
33.30431
56.29029
47.49970
52.76780
43.13721
49.41397
41.53055
41.41723
41.14877
37.69226
46.89415
39.13370
46.67204
54.29660
44.47726
47.53128
61.09015
12.70735
70.14981
47.85349
53.64157
36.38382
39.37874
51.54025
24.49563
49.75084
50.14153
51.61801
56.15297
22.96370
73.91400
53.39372
39.92122
48.33704
67.18878
37.89503
39.09328
55.65699
51.89329
54.82405
53.58603
50.26394
36.95502
44.18517
53.94735
66.91620
55.09629
52.15784
52.23080
42.52919
38.95408
36.57618
43.51164
47.30574
69.11945
46.94723
62.50654
62.25149
45.42360
47.85693
50.36437
24.59091
44.29737
43.14287
50.85769
56.36153
28.61356
40.19740
51.20756
61.10831
42.16636
50.58760
60.65978
60.13228
61.54292
30.86537
55.92591
60.54489
71.12148
56.25310
67.31244
55.83558
48.56630
59.17983
61.60952
65.17549
65.20128
63.34361
13.64090
48.84664
47.67225
31.17081
43.74120
50.21367
52.51093
69.14410
52.59065
18.39078
49.65715
49.95048
38.36601
45.81320
50.98440
46.93369
39.60505
33.47327
39.92877
35.21135
59.54929
57.32998
74.32024
67.90668
86.73739
36.73709
58.47214
34.83846
53.16953
76.63477
44.52450
63.08321
55.69700
55.97363
39.16080
42.13902
61.73476
67.29836
63.36522
49.30020
54.31026
61.15406
37.55598
59.39675
38.88833
47.77160
40.66572
52.19492
44.57168
55.30223
52.73244
55.00802
56.29032
50.71141
58.14299
50.66932
37.91384
34.92049
61.27035
50.02329
61.40401
52.46582
40.28596
62.04515
37.81128
51.43362
61.75833
57.77085
48.46968
55.17438
44.70717
45.72782
43.58604
48.09794
65.43640
57.55524
48.37415
60.04180
46.05259
43.20771
33.87115
48.79650
76.39124
34.61586
67.18594
38.43848
66.20482
36.87801
38.92326
40.48447
51.38490
57.95676
41.98806
65.91939
51.62751
55.56235
49.50791
61.38903
51.34917
24.29173
43.77197
58.54952
61.85037
53.57383
57.24754
69.41423
56.03216
35.11659
56.13966
82.00742
66.54819
60.85530
36.76311
50.02502
50.17506
19.69650
55.05401
40.39920
48.96330
60.61832
38.01823
46.98646
41.40683
49.53392
51.54822
61.95564
43.87789
45.55420
45.39259
54.04459
68.26918
78.04360
72.74638
47.81238
57.91958
48.00749
41.66231
65.76864
41.28591
49.05873
40.00131
77.26349
51.01454
37.94657
61.31016
41.21180
41.89039
43.25792
42.61051
47.54921
54.25108
60.93598
52.50407
36.50841
32.82715
36.68336
39.59895
31.86160
45.33208
49.67614
59.77885
35.02050
65.62011
58.50214
50.96113
27.43986
73.82308
56.89980
61.08897
38.70795
42.46346
60.18223
61.21516
46.10041
40.71415
59.39278
50.55888
51.62146
66.21096
37.09131
59.95165
59.43652
37.50421
96.13367
38.78604
58.96514
65.75182
27.22960
59.86344
37.97941
55.71744
61.35537
32.51243
59.29303
54.63805
67.61831
45.42170
40.32879
46.42961
31.57380
45.27546
72.14698
47.79113
56.06345
58.01679
54.10646
68.46946
60.21570
48.52025
38.78634
65.39709
73.12291
57.74319
28.53715
29.30990
53.99157
49.78842
36.88855
85.97692
46.00526
46.85817
36.84827
17.12947
55.29649
66.46768
36.31458
61.85838
43.60286
32.33421
44.43267
41.27987
38.42316
27.63695
48.56840
27.40081
53.62846
26.73756
45.26039
66.40606
52.28426
54.53136
41.07448
47.93659
44.78974
42.08580
30.42182
62.60190
69.02173
54.41916
36.25689
54.95372
26.67597
37.10510
55.38440
46.83540
32.80002
45.15006
64.01883
36.23307
33.15984
71.50156
58.69622
44.95645
63.92651
46.77968
57.45464
44.94491
65.84789
69.70660
46.47593
56.67615
42.73906
34.64630
47.99145
47.82245
33.49942
79.90068
46.31924
40.44397
32.04584
43.61028
59.68138
54.37853
50.41059
53.37101
34.06302
47.13024
61.31517
20.46291
50.28458
50.54517
47.32776
72.80177
42.59326
43.88954
61.83456
40.36673
31.45100
29.25276
34.16524
41.96080
31.16776
62.52838
50.13009
40.44043
43.96077
38.98543
32.94570
52.42656
52.72687
26.88333
59.27659
72.40541
60.86107
65.91229
54.59491
60.46666
63.27867
46.35420
37.26266
55.54419
40.32416
65.77228
44.44924
42.99542
53.39372
46.44689
30.00161
81.42287
74.13141
58.90086
61.43368
40.60059
29.37757
57.89429
73.18011
45.20545
31.52461
46.85416
55.84367
56.82962
50.81508
52.26100
45.89404
47.55197
39.60461
61.33775
44.19895
64.45330
40.83720
46.09358
66.18510
52.73795
43.20533
54.19264
36.44571
58.65773
61.96483
56.22280
34.77253
47.02877
63.03779
44.77365
41.42981
66.37691
56.33623
35.27434
68.76519
62.71407
64.71823
49.88153
77.80611
51.78617
82.70174
50.28810
58.07201
46.96357
47.83255
62.57780
43.55948
46.26874
51.12902
21.53594
32.88376
56.42439
50.23719
36.48102
52.84603
41.44982
49.73426
59.12115
53.19962
59.86962
25.28620
63.26750
48.03768
42.73578
60.21464
52.57931
42.09617
68.28201
60.42268
55.63669
42.18654
48.62469
56.61642
59.26282
55.70197
62.14758
64.40629
45.46725
52.24594
56.42723
25.51606
61.76157
43.01368
48.46746
76.08528
54.52258
53.55178
78.73056
37.86269
46.27132
68.60612
65.83356
27.84827
60.80386
44.65683
56.06723
48.18062
64.35740
40.20112
43.10648
81.36392
37.67113
44.58170
72.77777
55.07647
63.22316
55.65397
60.44110
54.38222
44.79190
43.67568
45.89936
33.59234
43.95071
48.25237
64.25114
63.57270
43.99039
53.25919
43.06420
42.32521
49.17654
64.28838
26.68937
59.64274
62.40522
47.84699
33.16986
15.30679
49.76234
43.51216
69.10545
45.23440
49.25989
24.85463
63.83628
26.49578
50.03909
43.66274
57.55428
73.31953
37.30280
56.75401
64.53141
66.14441
59.05712
63.82661
50.55800
42.22166
46.75182
48.84734
60.02596
18.25477
41.62208
68.30693
67.67916
54.00138
54.13475
57.88284
63.77475
64.77240
46.01936
43.68225
25.34213
43.45334
50.32121
31.08573
44.52959
77.67107
48.84637
50.40383
34.29241
63.91227
74.41150
55.63783
26.84955
73.68891
64.10263
46.28209
17.01006
60.39472
42.66819
64.47589
58.66759
49.74719
33.30072
58.99613
40.72450
55.93293
31.21742
49.58434
55.81089
29.89104
72.56457
51.67826
50.68087
41.97082
82.28370
36.33487
61.61370
39.65092
18.24147
50.11962
40.36429
29.54763
67.68983
52.55644
48.15746
56.49756
39.52551
31.46829
40.67057
27.69139
63.49548
48.85072
54.96829
54.13404
31.84670
43.81922
58.08364
64.89327
56.91765
53.14837
59.99678
50.68070
72.74646
79.01325
58.12386
66.47625
60.77610
57.39948
48.61856
34.79867
48.38686
43.59413
40.32997
41.93318
67.40890
56.43353
35.95283
53.45177
33.91044
57.37031
49.29684
57.50305
63.94022
51.35894
52.43010
52.00345
66.46542
43.32355
26.61224
54.88727
53.27082
61.62361
46.09579
52.94383
68.14089
34.38994
52.68059
64.96409
50.92845
44.91251
53.06401
57.35479
38.71234
44.53891
50.35388
40.74039
77.07988
71.59148
43.06766
30.61086
44.71083
47.86118
38.75258
47.99480
29.22900
52.60837
44.92883
57.85426
58.37267
39.18839
62.23898
69.06202
24.43539
45.48346
76.57657
36.31361
43.02731
45.57854
49.72630
54.81163
59.79554
64.57365
58.63746
44.96172
59.31191
67.81014
59.98795
38.79199
40.89713
26.96089
36.91263
46.61734
38.66576
72.99191
40.82591
45.68651
65.90348
60.64989
67.01993
32.52565
28.92240
35.80607
53.00751
57.56169
30.04920
51.41474
63.39518
53.11575
56.00781
54.17791
57.72672
38.17694
78.06973
77.28852
63.33093
53.37020
42.58144
61.02668
37.49317
47.68172
45.45922
41.13376
64.47979
61.34168
47.77143
66.77797
49.68684
75.29154
62.94456
46.85864
48.77316
47.08143
50.55329
40.97914
49.10077
48.59915
29.84407
37.24656
75.01855
28.19028
48.04682
59.49626
62.89223
59.55459
48.71854
51.94715
18.71941
53.61104
71.72373
56.24373
54.48543
31.88711
61.81228
40.38575
20.90975
40.24644
60.98498
70.22058
34.22919
69.18186
41.23025
43.31259
42.58558
56.82127
45.42245
39.67827
49.38733
47.52569
85.89706
41.76159
64.03855
27.42028
21.86164
64.04936
54.94394
48.47058
17.53335
70.20690
50.99201
36.27419
49.13809
47.47669
51.28361
37.72024
34.41204
51.08964
47.36070
50.48590
69.18330
52.60586
58.37503
49.93745
40.92709
51.56492
42.25855
53.70624
47.07923
54.04850
32.30650
46.36850
44.14580
55.97469
53.46621
53.37651
75.40161
39.00807
69.32077
53.96135
49.37971
53.05091
43.92137
55.37535
63.76821
28.87941
44.66787
62.51993
59.31210
31.01811
56.91531
55.23072
53.53761
54.53485
54.44501
58.54759
52.08345
55.48277
54.27331
51.66159
55.20169
55.19906
54.55368
33.11552
26.44276
52.41908
40.28601
36.24365
56.35766
68.57270
62.49225
35.59922
54.41361
45.21440
61.24308
54.22730
74.38948
54.87167
44.08253
43.85921
57.02401
59.69742
70.81137
48.36885
69.78831
45.58470
58.93518
48.65433
54.89172
42.51221
51.58110
39.14897
56.30006
56.58966
49.31681
43.64345
54.12180
64.39118
53.54264
44.07788
36.04682
51.56633
37.58537
58.69102
61.08083
33.66048
29.75218
32.51034
52.44548
48.63860
45.93273
48.01796
26.16278
49.01161
61.73349
41.59957
42.16025
51.17511
35.48987
51.32641
87.70624
69.00523
35.54832
50.21030
41.70839
52.90902
40.41407
58.82892
53.06385
18.53590
37.31661
53.62560
54.08862
42.98701
65.94896
36.63436
72.11230
41.41950
53.49857
62.38390
42.21700
55.94278
45.38047
39.18534
61.25168
40.73887
59.95742
27.45177
44.51009
28.70455
67.70864
71.67715
60.96777
55.65796
35.38573
35.47159
55.83178
59.11561
27.64780
48.79018
53.56048
64.02706
37.39888
56.32199
46.21003
63.23263
33.46225
47.68868
42.03980
56.45529
46.45645
58.17970
39.84325
41.32369
52.33844
49.76053
53.66497
42.49790
58.22442
47.98979
37.68140
64.12996
65.60349
58.42696
39.52268
60.26926
61.93814
54.93628
58.24026
53.38007
44.27208
48.16916
34.54700
52.41014
60.35455
64.44413
64.52830
49.90084
61.26531
36.45155
37.06668
48.39167
48.29358
61.33911
51.86901
67.65989
41.60614
37.84861
23.66019
34.78490
36.58835
29.29118
55.22760
43.65399
47.78269
65.33346
54.80948
41.35474
51.85479
46.15663
49.16875
50.81437
50.26297
49.35333
56.17163
70.27402
16.27667
58.00410
54.80829
45.41630
43.84430
13.36135
53.32529
62.88486
43.71695
67.29755
34.51013
39.49761
34.16056
40.56034
45.18200
58.77380
44.56684
55.46437
41.41859
51.28536
16.22748
49.77370
67.24902
43.24624
36.14565
44.79066
51.95440
49.12888
30.44302
64.00965
51.04969
58.87338
54.02612
50.89854
81.89049
58.40646
31.90257
37.09317
55.07750
54.67940
58.39831
51.68863
56.69621
47.19771
57.14936
51.90212
54.07190
40.64050
59.68979
60.67739
71.05673
45.32587
36.44068
34.78347
58.30129
46.55111
61.24051
59.10222
42.75583
51.69722
59.16514
33.99853
42.91638
39.91508
34.53385
55.81049
37.69805
43.70949
31.41592
31.49717
54.44850
47.71347
35.86422
64.22125
30.65795
22.39127
23.37267
49.69050
43.28611
69.06156
41.51307
59.20532
68.42562
61.35584
58.37650
84.08649
37.34541
51.82137
57.30301
49.64775
35.76138
76.06184
47.40745
70.92475
64.98509
36.75721
45.40129
47.74930
48.40565
44.76095
83.61364
47.51935
47.16242
42.79638
39.38653
56.87124
48.89638
45.12836
48.35333
55.60598
39.75695
41.03366
62.01406
50.59124
48.31726
37.18695
92.75530
58.06799
40.12913
42.98327
46.30539
46.33440
57.59351
59.24662
60.92806
28.93767
34.61120
30.60369
69.47900
67.06377
42.16637
47.82429
71.26739
34.34697
39.63131
41.64880
60.47686
37.26773
40.10447
72.40509
43.30785
63.84602
40.05513
51.45603
63.55499
38.40560
41.26117
54.65372
60.03319
61.23200
46.50731
44.06601
53.19020
57.94272
37.14847
45.52982
61.33143
69.62206
35.17725
22.11864
53.39530
69.12761
50.98891
68.47613
60.13848
39.32648
59.61540
39.66363
50.47132
43.86952
78.14261
44.52780
40.38103
66.56130
69.20744
64.43040
48.56043
61.58310
42.71460
33.13127
50.91760
52.59126
52.82092
50.98378
66.38717
37.61175
60.46362
58.58211
75.05767
27.59117
61.88580
64.34820
52.21603
46.17235
34.05048
31.05548
40.84198
54.56350
53.48191
36.14666
67.84800
44.80961
56.01449
43.29068
53.22533
49.29633
31.33908
43.41240
52.23964
29.70098
75.45388
43.98064
67.02879
55.11355
33.52223
34.22900
47.32975
54.11800
58.34822
39.12973
25.51194
42.35631
49.04785
61.13741
43.40674
52.71345
44.41241
48.38466
60.52798
52.81389
45.68981
40.41129
52.86109
34.31424
50.96087
54.67462
58.39195
47.78190
38.21832
47.24999
34.57785
46.60443
45.15615
48.47104
57.98573
24.21046
45.87393
48.68372
68.57385
28.37954
60.50805
55.54101
51.01789
59.57230
28.89510
36.32143
50.65218
34.25707
24.80407
43.87760
55.75459
54.89067
41.81564
43.73140
37.93845
61.66225
54.59745
32.64862
63.46317
52.22142
61.67499
42.88997
37.23530
56.96452
77.17852
49.94813
66.20719
31.91546
55.61026
49.07175
47.19613
62.75493
59.56396
59.50614
44.04222
51.25508
76.82648
70.91538
50.16135
44.46309
50.04855
46.33420
56.89466
45.00812
42.32820
59.88370
39.09070
65.79954
53.74585
47.79025
48.20162
60.68401
56.55949
60.27234
65.64024
31.32226
54.89809
51.02648
62.61197
36.61570
41.40960
54.55080
62.51646
38.01744
40.97319
34.43269
47.72256
57.11879
49.71385
59.48596
53.14369
50.12854
19.90645
55.60900
60.39392
53.08709
52.72818
50.06677
64.05434
64.07476
42.37471
39.49502
33.69085
42.44084
58.35097
63.79224
47.67697
67.54791
39.52177
45.99274
45.68744
63.06350
57.63177
42.14826
65.17417
50.35440
74.55909
41.79250
21.95976
54.88023
69.11364
43.06278
60.86507
65.61581
47.09735
37.46835
52.58566
65.82194
63.07653
48.43883
54.78144
62.69108
22.86574
34.08327
26.98094
37.83994
82.39235
40.41978
51.41846
71.56208
52.35044
46.30883
63.80468
32.07720
38.49678
39.49460
67.79087
46.69515
55.28277
39.25661
35.72091
38.24655
69.80723
48.11933
67.23335
57.02918
39.67335
39.45881
30.34273
38.92755
72.75159
42.75783
42.13570
49.21974
6.28852
65.46053
42.57964
42.35917
56.01587
43.54166
55.60397
37.33437
53.56035
24.91359
51.58043
34.41537
28.69528
47.49665
25.20944
50.11901
64.70505
63.12773
56.18640
36.49944
56.30155
53.17874
57.37469
48.85931
52.81567
30.37881
51.72772
40.26967
57.24734
92.60442
44.85937
30.80131
54.03569
57.03256
66.73939
56.72882
57.69190
48.64077
39.79328
52.95488
50.55870
49.74533
38.68425
63.10052
54.30498
65.15939
64.29651
30.16280
54.41404
48.82232
59.86374
34.83061
47.94143
44.59779
35.32993
38.85259
54.42537
41.28662
39.75634
51.24790
45.16411
44.48503
56.11763
70.09016
81.42632
74.35779
36.13837
59.07898
42.18315
67.56879
40.24324
63.97870
62.62431
37.93293
44.71313
33.84642
54.42862
59.63315
18.56902
47.13871
32.61901
41.51584
75.41341
40.72698
61.16298
47.81977
49.80749
58.36986
40.77579
38.91746
30.28116
49.28276
48.65209
52.39506
72.62409
46.49154
42.30469
48.09548
55.53343
51.42380
51.57641
69.86470
30.91738
33.02526
47.69436
27.87140
60.69083
81.25412
58.97232
46.43749
65.91261
53.90646
49.66651
33.77092
36.35410
50.81507
51.88100
28.90251
46.89753
35.99428
32.59561
56.67907
38.17951
65.45875
51.76527
50.29555
45.22144
45.83462
33.97499
57.53132
52.73604
50.85081
36.97537
36.89917
40.97172
56.27897
48.17239
40.37295
48.19574
53.55425
56.90360
41.97048
46.43290
54.38348
38.06704
67.41754
48.40329
28.71236
58.49656
47.65749
53.44252
66.45844
43.59581
51.38200
52.92140
36.12315
51.73390
50.50925
61.85919
62.21610
55.68230
59.48536
32.08853
54.62521
63.73453
64.11278
53.06726
66.05263
43.86553
51.20665
50.69208
27.44929
55.67885
51.98454
48.87627
28.56743
30.67662
46.13280
42.65838
46.39845
43.84643
66.53176
36.92456
59.18332
38.23946
48.64694
64.25882
33.15609
37.99853
30.82376
58.97001
35.35830
72.88028
36.02299
80.41645
36.54673
41.98277
55.02045
43.40280
42.91920
39.29622
51.41626
53.53448
44.20947
63.13628
88.01555
41.36009
60.33525
44.84275
40.50686
57.24283
48.10173
54.44198
45.97028
61.32167
63.98206
48.64603
71.20200
78.61270
40.94915
19.92793
39.94213
54.59337
37.15358
55.58704
54.05943
43.48173
26.82687
30.66491
68.07730
28.22702
38.08818
44.57570
44.80643
40.23953
57.68096
49.45635
47.07977
69.70886
49.87103
45.31383
43.77538
43.33379
55.17451
67.27218
43.38154
53.41667
46.59063
43.82745
58.42251
54.89772
57.82677
49.35000
67.26150
66.50798
54.06540
55.78566
44.09492
48.27617
29.56339
36.95932
48.66273
39.17982
39.68855
46.83972
20.89585
61.24315
48.85490
48.14342
43.93624
29.00030
36.17570
33.97455
58.00516
45.80592
63.82398
60.87598
57.35801
55.19534
51.14236
46.49148
39.78711
23.51936
54.62044
35.06758
63.54983
52.42930
52.94141
53.30808
57.71671
54.18613
45.16782
60.73930
59.41988
37.84655
42.57364
52.87292
24.69385
41.88393
46.11517
34.04950
44.83923
54.24941
58.87357
64.76863
64.29170
42.95740
64.16379
46.37179
45.70529
63.64799
49.48008
38.44945
68.46602
50.07043
40.87310
53.47983
57.91815
59.09291
56.10288
61.25411
38.77439
46.79475
42.50937
35.44452
57.23088
38.43346
54.97694
68.60905
65.01203
35.91744
60.09125
49.80891
67.11935
44.20263
63.19577
48.47164
32.36838
56.16180
35.44641
47.13066
60.16979
26.45764
78.87677
52.69223
50.00295
57.81605
52.43444
53.76910
28.97710
53.80535
47.63275
55.97658
48.00327
44.15080
30.29559
39.91208
64.87566
55.91403
60.64757
62.26207
71.26865
46.53919
35.63502
49.71107
60.10438
51.57965
53.28051
52.42481
48.10851
45.20853
61.91428
56.56347
38.87129
50.62541
55.48641
64.34141
51.61762
56.66540
53.45491
68.33720
43.81294
55.75487
47.45637
47.64442
38.84589
35.38850
48.27828
51.45239
62.30047
48.23460
57.19297
62.34880
39.67453
52.77238
44.44880
67.88791
41.78149
49.64190
38.36843
42.59240
35.99100
48.06037
56.54785
58.27658
68.33916
47.14576
39.42542
37.04931
29.08648
65.74041
54.15607
34.42690
13.21684
58.98410
48.67514
41.72769
44.24970
38.37326
72.81493
52.72242
52.70344
39.22202
46.48032
75.25056
44.82922
42.32881
51.91389
37.65072
77.61192
65.98566
38.12046
45.54506
45.37464
75.68674
47.91551
37.95526
35.42018
61.32021
57.00622
35.24936
44.56275
15.57506
39.41511
46.79718
64.09152
65.02736
51.23573
48.53635
52.20709
41.39986
57.98584
34.49125
40.24829
33.62249
34.36186
36.00853
47.17751
53.59388
37.81116
57.92826
51.45445
46.93337
47.39177
53.40009
65.29741
85.36295
40.27550
45.29357
47.87198
40.83299
46.95351
55.61227
40.73784
46.74158
54.59331
38.00875
78.17787
54.68948
43.29592
62.92362
50.94686
41.98322
36.12531
26.35412
50.65690
57.10303
57.29337
26.93889
37.67513
33.24469
42.50415
60.05187
49.53975
64.52677
53.11758
42.37178
54.53852
53.81552
41.43854
67.12127
27.70957
54.80871
48.11479
42.15167
41.74769
61.00289
45.79756
54.74410
47.34226
50.00858
43.16649
43.51386
55.04201
41.11234
43.04615
37.61272
44.55522
51.30421
46.17958
51.41045
61.49196
59.12558
59.54029
33.42256
67.67525
51.31424
44.68649
30.36003
37.57653
40.40125
44.38694
56.98279
53.83516
48.48232
43.99454
52.26403
51.44995
46.87152
68.66165
40.93539
48.91814
40.55788
25.11735
44.81227
42.77887
33.18876
51.39281
59.80514
47.62081
73.19025
54.20688
79.65079
61.03147
36.37779
62.78189
21.30151
62.77261
57.13630
52.04423
73.17294
37.33900
47.43557
26.92071
51.78925
53.88178
59.39705
51.98459
43.40602
32.76309
38.25240
45.84185
56.77543
21.08534
49.89156
67.52046
63.48299
32.88149
38.04611
42.88921
65.69916
76.67913
60.33042
49.23725
65.89895
42.24989
46.20767
44.24634
73.64073
46.86024
27.38068
67.18499
46.87310
54.16762
61.62887
48.18967
47.30879
58.58729
60.45103
73.48002
65.66264
53.04590
27.22163
43.37206
42.32945
64.07212
54.53468
71.88547
52.26913
29.03240
56.26272
31.98602
22.05779
49.85908
49.26982
52.93448
53.02146
35.43888
55.34574
39.04233
47.53383
59.51310
44.19820
54.62357
83.72265
25.68581
56.27167
67.54873
56.81631
34.45337
29.85725
53.78182
65.10892
67.64817
53.02405
39.68249
27.31947
46.43519
37.58147
42.06012
61.03116
66.90470
49.79048
29.96987
46.01988
38.39570
48.40562
60.14177
39.88441
56.38940
37.45156
53.78440
54.26135
40.57283
55.24823
27.07731
37.26756
54.50998
67.87613
60.99921
57.61797
82.97836
48.28828
42.65387
33.41568
59.37553
47.51939
75.65560
58.06196
76.37332
77.36705
32.49604
53.91561
28.52782
50.33246
58.95124
44.50722
36.64566
52.31462
69.14511
81.72310
52.04275
51.27686
43.80741
49.74094
35.76801
58.50046
72.01963
73.36833
47.86597
67.12025
64.36949
31.59285
27.88487
72.64397
64.07814
65.90005
46.15148
22.42941
58.44234
57.21097
53.35028
67.70281
74.78195
63.45300
48.96114
51.08887
56.97696
42.71607
39.87398
43.91711
53.75803
39.37894
42.47559
45.94888
37.22902
65.55736
65.19503
53.10020
59.85911
40.26194
59.78458
55.86594
72.82245
52.67400
52.45571
44.57018
34.59084
40.89724
60.74955
51.21438
34.97717
62.91663
70.28789
52.95768
78.11416
63.70940
90.78344
38.54262
56.66829
62.04271
47.08000
62.65867
35.30642
14.89254
68.73520
61.29287
40.49101
41.74209
47.90731
68.52333
52.68984
48.17971
52.95718
41.86833
44.13593
38.00090
33.59611
23.95578
47.67615
63.24567
42.34000
34.66593
45.32639
45.93328
57.97229
48.74807
51.58782
49.33239
65.70061
51.03046
81.25773
53.02092
73.77953
26.70802
51.61946
38.66251
59.06424
28.72561
41.12568
51.82062
45.46957
52.60343
41.92908
40.79773
52.08876
57.73454
44.96658
44.71012
60.06487
46.16613
51.85114
47.36198
47.48287
18.37172
38.71748
31.59881
50.75522
47.35748
35.66421
40.32223
66.20253
41.82768
45.50464
57.67104
37.52795
50.99557
53.83201
45.08888
60.92508
46.06874
43.38394
64.93680
39.87441
57.21892
9.61494
56.52675
40.37319
46.68036
54.45282
47.24237
60.42339
51.02382
60.61571
37.08898
43.36853
68.02900
58.88201
58.83629
39.69244
55.09858
67.84527
44.48721
50.62175
66.67406
43.94431
38.80729
51.48359
55.96932
29.31797
39.30725
57.35325
35.67754
50.51740
57.20336
57.74988
45.68178
49.98812
17.75425
45.91347
53.79119
68.96090
42.74650
65.67404
85.61276
33.73436
43.33511
46.42122
51.78006
52.41619
49.14863
75.42277
36.40611
64.43124
44.37589
44.65886
52.26833
48.54891
46.19427
40.23340
52.56812
48.41914
51.32073
33.45138
56.44954
40.44847
45.72248
33.51919
67.49098
59.29051
39.53032
54.67253
43.13949
34.26549
65.98114
53.66501
52.01144
41.52139
46.58413
43.59755
63.11011
53.70908
61.36167
41.73402
57.49170
40.41135
69.66371
54.36326
64.98121
39.13982
50.41694
41.39092
34.08472
58.64383
57.95071
35.08828
47.60693
16.89915
38.79145
52.93340
43.53853
44.98574
57.51918
42.18515
44.67546
84.56324
70.78503
37.27690
33.08497
53.70952
50.73203
23.60830
35.37017
40.51182
86.00647
50.23952
57.05049
41.45520
83.35518
39.62019
44.51600
64.48075
57.00976
50.92274
60.60898
63.99468
52.41487
46.83501
27.38437
53.08896
43.38243
46.83222
55.24031
54.88375
74.48994
61.38132
52.13331
34.20329
45.22334
60.14609
22.64318
57.36913
75.26814
57.55196
36.40170
59.52034
50.73367
53.85453
58.85338
48.73461
69.90250
34.29660
37.17182
77.44969
59.74649
44.10559
65.33270
38.10907
46.48056
47.34703
49.60067
58.50635
63.96183
20.37986
52.11821
68.84800
39.66647
79.07148
63.76198
39.80343
55.36812
41.28958
44.93688
43.14125
43.42536
27.79649
37.88215
54.29080
48.74402
32.04036
49.39351
39.58057
76.98601
45.86303
50.90802
78.10614
30.88537
41.09555
42.70789
65.68153
54.74812
53.74355
50.49672
21.19931
67.61033
50.29312
56.60810
53.59567
49.24629
49.12930
46.27246
28.36538
49.30640
60.96171
53.37686
45.96029
65.16892
57.36131
50.54380
56.07460
39.43811
50.38741
44.55469
43.18189
52.88466
49.91540
37.98918
60.35254
52.41098
43.13545
40.52406
44.09012
29.08363
59.70527
24.72934
48.95453
77.61367
34.76460
32.69479
43.88478
13.96482
45.86161
53.15299
36.78969
53.06716
61.82610
80.80045
28.91239
62.50737
53.04414
30.40486
52.28801
69.73683
23.40695
35.64912
51.58193
49.85962
69.37049
53.41632
41.39739
59.48117
55.69220
27.72984
44.96939
34.30013
60.25041
68.15036
62.95707
47.69949
56.75600
58.58698
77.81259
46.41672
45.46252
56.89867
41.69093
43.00963
36.75828
58.35296
46.20347
69.43480
66.30718
50.06839
53.54044
38.56348
50.47857
63.56187
48.99109
51.91282
63.89920
50.41360
39.65652
60.04538
70.05988
60.55079
60.52117
40.88884
71.23278
45.54579
43.95603
46.22640
47.40620
46.58790
54.33130
50.81109
36.12907
50.05307
37.18805
69.59750
50.94769
69.50126
44.66892
24.70990
63.75936
53.67158
39.65262
73.33249
59.83287
62.25339
39.89566
59.75918
42.33561
9.71917
41.70159
43.56663
36.64460
46.03135
76.54581
65.54669
39.73379
66.04459
61.10901
32.66058
36.99197
47.26508
65.32848
46.01114
58.98464
23.87682
53.35795
42.54318
52.32201
50.38415
57.23714
41.80619
52.70823
43.70383
60.95116
51.10485
40.64853
60.64398
42.75298
37.28944
51.50378
22.17742
49.71755
52.01713
61.84755
69.70685
66.23545
35.08315
21.63062
55.94695
37.01899
39.36101
63.63465
55.11472
37.64259
53.89464
31.35488
40.35862
32.10056
60.10294
45.50337
67.73371
47.43511
37.18498
63.69475
42.01883
42.44950
26.96665
44.58197
70.92077
43.52780
52.01744
47.88763
36.14377
46.58522
51.82827
61.08736
54.22556
21.37933
43.56371
48.51681
45.37667
37.28353
62.62735
33.68110
36.15975
40.46079
70.24342
61.75880
47.09535
60.89688
46.36826
64.25459
46.57968
51.37380
33.52083
63.62238
70.97752
37.38746
48.60553
37.13897
51.75251
54.64610
40.80184
56.75336
45.59371
34.69925
66.13176
67.50909
37.95451
42.88915
34.46390
50.69419
45.56209
63.92583
67.76142
26.69294
61.51047
28.74656
61.17501
37.69242
39.23152
31.31967
45.52451
54.91219
61.33182
32.46990
37.17281
66.90474
29.65838
47.35038
40.91346
25.30196
45.71267
70.72172
49.83141
41.47016
46.36063
50.83521
39.49507
42.38836
53.98084
51.55676
47.55768
32.80374
49.67720
41.34216
52.14880
28.51418
43.32154
45.46805
51.66738
48.32668
45.25599
47.99617
63.03270
68.14326
68.09210
51.94353
51.90747
21.96458
33.06414
40.11967
49.46227
48.66134
62.66502
52.25442
53.88519
60.79207
56.88135
43.83640
63.16327
64.47056
45.20160
49.11595
34.86206
59.80172
62.75071
47.57860
67.48192
47.76352
57.70728
21.76616
49.73026
53.00348
56.17320
70.55525
38.96066
51.30095
25.35166
52.62544
41.99863
58.00904
36.63305
65.36678
53.66505
28.87517
56.81387
45.80076
57.06043
36.35425
38.81998
32.92793
42.81258
68.26667
42.08110
48.10053
24.55450
41.18818
46.71510
58.93205
51.77315
59.86496
30.52721
64.59150
49.60652
80.97710
43.02280
48.47814
58.06219
69.46946
52.14519
46.69813
47.19328
46.95617
29.94915
54.63275
48.92263
49.62614
74.06740
49.45516
44.71823
63.08481
53.32447
49.59055
51.30266
56.40463
38.81713
48.90428
53.14710
45.34076
71.20497
59.85210
70.89917
45.34614
35.94493
41.83291
69.03374
41.16731
35.29898
40.69327
63.79687
47.65763
49.61580
68.40898
26.46164
39.34498
58.66342
46.81212
29.80900
49.17526
28.25311
59.76827
39.96642
56.36739
68.02930
52.90138
39.89324
53.11694
46.83851
59.34416
40.25883
57.11673
45.26247
44.84165
47.24560
42.63727
62.94953
21.99900
39.87039
53.50207
52.42251
71.97126
48.36586
63.34650
52.06537
81.08799
40.54586
29.37362
47.87449
38.41163
31.51535
58.97414
50.48719
65.89172
32.84147
37.78606
61.64565
39.00231
49.56527
29.13686
48.00292
9.43322
54.44564
65.85307
69.32678
52.35046
59.69716
42.84252
40.71026
35.85826
33.53613
69.11101
66.40542
67.41639
31.22011
45.98834
51.72734
39.81590
31.08291
68.78558
60.55030
31.24023
51.46393
52.27616
38.80165
76.20127
50.10082
28.41200
58.06680
66.06294
47.28917
49.31213
43.53437
56.31175
48.87037
51.33530
53.84181
53.60986
58.91894
59.43962
70.66285
53.47824
50.87018
51.30966
48.78708
48.68715
46.81526
59.32343
70.62076
28.98418
74.46096
37.35305
34.45691
63.90283
60.71497
52.65371
38.95799
61.53106
54.91982
39.62530
52.36904
69.34630
49.00061
49.76511
54.56142
52.40725
58.83312
41.97242
44.02343
54.57234
30.98137
53.89325
79.92734
57.81039
48.61796
61.18649
56.97962
59.97032
49.11496
46.94609
51.47116
55.26529
53.38193
61.81453
61.28866
44.25441
42.76015
39.66219
56.40410
41.40392
42.62199
46.03602
41.34603
48.26657
44.27187
47.51831
48.18391
46.01117
74.99297
38.10991
40.77972
36.27781
41.07306
75.42984
51.85141
54.75959
69.92118
51.76167
64.23017
45.06094
64.59794
43.47720
40.74957
60.09443
58.88992
50.91022
32.88060
47.18248
42.99027
83.91346
48.64720
34.94487
51.47809
33.48286
56.55299
39.10684
34.08228
34.76017
48.13159
51.75665
48.55037
59.88817
75.41314
20.39214
42.72331
66.19110
51.49310
45.17672
69.27635
46.91145
37.00949
85.27539
53.45329
28.35598
55.43503
53.78042
43.70172
50.45598
39.49152
73.48929
37.44179
47.76657
42.04450
47.24945
56.04309
38.75489
54.66958
72.24567
53.69975
33.95926
36.59896
49.79577
59.68914
40.31372
37.80766
77.75264
45.44452
31.05727
59.19860
43.36220
36.02362
53.84186
56.79138
24.39144
55.86366
75.61913
50.35077
69.25508
50.51871
70.84994
46.31232
51.35754
69.84420
61.95334
50.07832
44.71903
55.80532
40.77592
52.98402
56.18082
42.27236
40.32504
66.60336
54.77334
49.59528
40.99130
55.08660
43.71653
50.86715
26.28510
71.98187
57.70234
50.52630
61.04159
52.81739
27.39232
51.74723
52.04168
65.60751
49.56258
57.62294
67.14156
52.89754
51.18839
65.44690
57.35594
38.35461
29.18539
60.36712
62.75251
34.20629
61.77917
44.66885
57.07527
55.72011
51.73710
67.80297
56.05619
69.39852
39.91094
44.01842
55.36796
64.28100
34.58657
36.17206
49.60057
61.72405
33.01387
47.88071
57.19684
55.26330
55.49943
25.75752
35.27910
45.03805
70.88605
54.72907
60.80448
42.37838
47.02938
29.90671
55.88847
77.00098
55.23648
57.09245
61.94474
46.92761
72.97987
75.76217
39.84503
33.75855
61.51806
52.13358
53.73906
49.62948
40.84225
57.89254
40.27950
53.39997
40.56741
46.62146
51.87450
80.72050
57.34503
11.61198
53.80761
62.61050
48.63929
45.51324
74.57347
61.02652
63.50689
48.17422
27.69298
65.62377
28.96948
57.22167
49.49132
37.31808
53.69878
50.25645
53.30657
48.73228
62.74220
33.15632
49.37775
42.85925
68.10093
63.20824
34.40590
54.70162
46.70606
48.32640
27.20911
39.41096
53.79671
57.53436
50.64182
67.24960
49.72833
66.16845
63.46049
45.17352
40.28443
57.57024
39.81280
60.63934
46.39543
53.23354
38.61282
30.38641
53.03428
77.09160
59.59143
53.01844
45.74350
54.67826
43.98664
64.72580
58.64645
41.58742
48.72154
46.37712
50.54699
22.36295
46.96561
60.00356
59.98427
39.28472
42.37610
73.45445
49.01932
44.33860
40.38194
54.43316
41.98532
70.78756
47.02002
39.42611
45.35658
35.39762
58.71411
27.45547
51.75550
72.29490
52.29128
51.06495
57.34582
49.23227
56.47808
58.87531
69.25703
51.08014
44.86919
54.85449
58.27180
63.53848
50.89083
62.84158
42.35165
52.09729
48.63658
50.18878
67.02193
63.58754
45.16091
21.75535
58.10472
32.76808
58.25273
43.82776
40.33789
39.34457
31.51297
53.47172
51.82001
29.98679
35.68128
59.42469
45.42442
67.51395
22.49743
62.04470
56.52681
31.38804
67.01250
46.46226
36.93161
60.04692
33.77446
50.00325
51.17429
73.39480
18.43371
45.94124
67.99285
52.27487
46.10694
70.39142
44.10926
63.77681
46.93828
55.76407
41.69693
46.38838
54.38813
57.44416
38.86747
59.67069
56.80369
85.68816
36.83254
37.63827
56.32429
37.05849
37.75174
76.61739
41.37372
66.76729
44.82293
52.12971
69.65621
42.82156
47.71558
60.35127
47.69361
54.14470
52.77155
56.53069
62.88852
39.21940
47.23759
36.35168
63.99023
47.65011
56.25992
62.29348
45.93070
31.82349
52.49146
53.01678
59.81072
54.99239
38.65297
37.06121
56.65024
67.87274
45.21494
49.91322
33.69836
27.24518
50.42853
49.32052
60.71475
66.39080
63.35674
61.48106
57.74084
57.68944
51.27607
31.61945
57.25747
66.77987
64.25946
46.65802
59.25588
49.40105
22.19549
55.23255
58.41916
44.52141
49.34217
75.93097
63.37109
48.39117
39.87524
43.15299
58.79527
55.41667
52.57082
64.27114
36.42047
46.31645
36.94859
47.00772
40.70210
45.46568
45.95603
69.59540
43.76372
73.30305
67.64013
64.26881
64.33651
48.59535
46.48725
65.14617
52.88729
44.93644
50.76271
55.93737
42.52159
40.81532
39.60914
53.35445
18.06631
45.81460
45.38592
76.56954
59.28872
41.95256
49.89222
57.51219
32.01190
72.75910
52.18887
51.34327
45.35173
39.74418
59.26940
90.43707
54.14780
59.62683
73.64177
41.36528
54.94184
56.59920
40.21402
40.06418
45.25363
44.22443
60.38237
48.74423
64.27021
48.00635
55.47899
43.40640
49.79950
46.11577
38.92447
63.72742
53.51637
67.08284
53.76127
40.86818
52.08256
38.04381
48.89651
66.32410
65.49637
71.62734
37.29988
49.40297
53.26139
62.89566
55.03132
54.60467
