Sample size N: 10000
83.52618
67.74966
65.05715
92.31791
77.16464
48.76321
54.66895
57.38026
99.96682
5.94359
54.84906
62.92305
89.85129
83.88295
47.15657
4.08486
25.12986
25.60706
31.85817
25.48214
97.32105
66.56975
7.43211
4.60802
65.38773
44.27061
25.53850
1.56035
3.89909
67.74276
4.63469
4.08021
20.69222
37.80813
18.34294
65.28025
51.91672
95.53236
49.99892
63.01693
65.49409
78.50842
41.58640
71.18176
31.01211
98.76497
35.53312
34.66717
96.45291
29.76005
84.27883
2.89510
85.61518
22.05287
72.32351
1.99702
40.45581
79.91300
88.74725
1.00926
38.30495
81.57851
27.94159
5.60646
40.67141
34.78317
93.95519
45.85523
52.48082
92.75372
75.50343
35.25894
65.33477
92.55124
10.87627
35.23741
34.07150
8.26227
65.66523
13.12710
98.24738
8.93092
56.76850
67.60872
22.85873
38.18949
60.35789
65.76559
8.44028
53.01425
30.65430
2.47692
51.93629
8.78049
68.22479
93.58391
61.18490
51.00791
34.30294
31.30355
50.47947
19.18216
94.58454
72.27774
96.50363
21.40958
37.14731
1.16398
36.99691
37.36451
36.32014
88.41073
56.74438
68.89070
97.16582
52.25152
78.86545
65.85348
18.23798
85.76009
28.54759
68.88072
28.08068
31.94736
71.74112
65.36424
77.57638
44.76892
74.80407
69.34953
60.71756
52.20882
85.13140
18.46627
54.95752
14.14271
2.66401
1.54676
4.32298
59.83568
81.71341
0.77074
69.99287
98.82949
32.39105
32.65332
10.21800
68.25762
44.52704
65.90795
7.92800
66.17717
59.93698
82.02994
16.77773
4.87940
39.05543
37.46226
43.32177
97.40579
47.84471
30.40718
5.67100
27.51409
16.48072
49.52889
14.03817
22.46012
2.19724
10.32621
54.94176
70.96541
26.09398
75.62339
50.51116
52.43560
95.19756
39.50484
27.77055
86.81401
70.52458
16.36668
18.92427
88.30023
17.19379
46.19426
57.98021
65.02103
90.82764
60.56770
94.61237
92.27605
85.35607
2.16965
5.88195
84.81654
7.63847
43.66175
85.94026
17.97606
93.84865
83.09298
68.76984
14.87113
59.63623
15.61140
80.12943
51.75653
47.45423
23.67836
76.30393
49.73103
80.88381
63.65662
67.54919
56.12269
64.76535
97.26408
72.90564
80.12175
12.77855
41.30327
1.03306
58.77033
51.23465
24.21799
51.40579
48.36685
45.87422
57.74574
18.37720
24.88418
67.44112
39.17202
39.11279
67.50209
34.08974
45.07065
37.91333
23.58574
92.59311
42.15161
78.90586
37.94305
37.43328
25.87860
89.35958
73.55856
46.64040
87.09616
32.93028
62.16523
95.60542
1.67317
83.23483
51.77377
43.65311
17.28435
68.14140
5.32947
86.92190
69.78699
32.38004
21.01657
70.94983
90.81601
34.39801
62.80160
81.05605
25.25761
7.61717
12.14788
75.98267
13.63037
97.48998
63.11058
60.73347
75.26809
68.69353
39.68705
44.52326
46.66696
85.33357
31.04169
90.52240
67.05280
50.63574
49.32248
57.88491
53.69991
23.48173
99.59600
34.94154
47.00719
31.76645
12.00423
94.31203
62.63443
73.73877
39.78962
91.04857
59.77171
95.05519
80.29937
90.49585
95.75721
35.36980
88.72470
4.33174
62.73097
79.15328
77.12227
94.70678
36.92166
26.75962
89.07410
75.82253
80.11172
17.96349
40.72369
80.68849
78.35542
55.71401
85.73520
64.65005
37.02430
89.92304
74.75062
72.02231
4.12104
47.80419
43.94935
82.96275
86.95594
71.74652
68.96712
64.38890
72.79811
84.24261
61.82547
20.59408
1.71671
75.99969
53.14266
37.89081
44.63476
42.55665
17.86012
42.16430
3.08429
94.35778
62.74491
0.82532
41.28499
54.82090
32.72097
59.20363
82.58656
66.29759
83.11649
80.80345
36.87409
47.79105
75.56137
24.20798
29.62510
36.32067
75.53155
57.28411
44.26846
25.18629
76.87702
17.15707
73.03270
51.40195
4.16192
89.29199
35.12026
38.72313
90.61722
18.67861
69.99074
94.28562
93.16016
49.64865
34.36456
12.50747
48.20490
43.25907
46.01412
57.37613
17.32449
3.56014
94.37021
89.95286
27.23140
80.37485
94.63112
85.83362
83.80235
9.42819
7.42432
47.72291
80.07345
65.20820
54.74072
39.83060
5.01727
96.56486
84.67001
34.47299
20.40519
93.95253
80.70206
30.59681
74.08608
17.87960
29.19560
56.36077
99.46812
78.47583
73.68307
83.34680
81.30572
80.82231
70.56695
21.31697
76.16032
88.33213
70.61527
12.43504
77.25596
68.76942
20.62549
3.26435
0.58829
85.39078
23.72232
3.56032
76.20022
73.77390
70.64549
41.16496
68.57760
11.70045
46.02315
95.73541
20.53898
32.38656
26.19550
31.06879
89.08416
64.19736
90.28437
53.71806
89.90461
51.37428
2.76355
92.73506
67.58471
81.74412
83.64071
28.91232
88.04996
65.02945
38.86671
26.09013
34.91673
73.84791
82.94676
32.92003
80.06528
2.49007
0.23659
72.66872
81.26852
87.44258
45.34297
0.51811
6.84164
39.95079
45.94914
18.63312
79.47630
59.02932
8.74500
35.52952
54.40631
82.09242
73.98895
76.51214
72.26648
85.79319
17.35476
23.31239
35.86536
36.13169
65.77267
71.18108
2.87515
98.91420
80.59675
70.95085
32.60570
34.56969
92.55252
46.43402
93.41466
2.26810
9.02842
92.82039
38.14477
37.70329
13.58308
66.09754
6.71299
13.59587
85.17438
2.09670
27.93262
15.76631
41.04814
88.28292
24.29025
37.33468
29.19445
22.95156
5.00582
63.94388
77.51212
3.32181
12.51050
48.29706
82.52716
70.35355
27.30002
11.81702
98.94465
36.40753
38.09054
29.33861
17.28964
30.79754
1.75153
91.77256
20.26138
33.56436
83.48215
67.67946
11.33574
13.51737
38.05432
26.55475
73.03505
15.71580
65.10073
85.22030
84.42873
45.47896
52.55191
17.79172
71.20003
14.08142
9.81815
90.81174
81.26354
77.86584
42.90504
25.56213
58.92565
15.17221
73.12591
50.44084
0.22341
12.65881
12.32754
10.65245
4.34670
98.76468
9.73547
67.64129
8.89294
45.06477
55.50226
93.20501
27.74089
96.28701
99.49279
72.22030
26.27757
5.29222
51.78419
37.10240
31.34607
12.05125
24.06521
18.32708
90.03695
62.22871
75.36734
81.41938
62.30871
77.79497
61.09218
77.99622
43.92796
80.44930
95.21371
54.41660
28.86623
78.90347
24.11849
27.72519
61.24493
58.11402
20.39231
9.35952
22.79408
94.07925
75.48791
79.87120
69.11633
55.67702
22.24846
10.72335
40.35477
86.65105
31.79953
63.27064
35.43958
69.68733
50.26049
98.60453
89.46597
19.70369
68.84432
72.13371
72.52065
99.57065
45.00407
95.73654
21.65152
14.22534
65.11996
34.49969
49.77435
73.78964
66.86745
55.92773
11.11944
53.70761
85.66777
2.95309
69.12782
52.36717
68.68585
87.76458
70.45458
11.05106
73.80975
84.63146
88.83808
94.26079
60.64135
87.92108
39.88826
30.59026
15.20034
28.05250
27.19834
68.88759
58.85057
48.68531
26.50668
50.68281
11.10623
54.50697
58.87826
10.98341
47.96743
68.41171
58.87883
14.03050
38.34651
15.37415
69.20079
97.68434
51.86570
35.63961
2.09156
41.09929
55.72785
27.62626
80.63418
73.29831
92.45992
49.82561
14.81376
38.83346
8.41735
92.26410
89.34218
26.74675
47.23738
4.71921
7.62251
58.12891
54.02398
51.18914
66.27664
15.27324
16.69463
38.94279
84.79740
43.57200
46.68380
83.22822
11.59978
87.33130
67.08649
15.37472
83.45611
36.52937
20.57752
37.09405
88.75690
19.90392
98.80671
78.05072
13.61109
76.33776
26.55572
55.82627
55.77035
55.71727
4.27239
55.27826
54.40465
15.27198
6.30507
97.81732
72.14136
65.90311
54.46872
67.35020
52.57534
36.43509
17.29525
84.29388
12.27360
57.61480
32.31413
67.14471
10.52075
21.47875
67.16318
2.21506
32.86240
78.99341
64.74553
13.22564
39.24960
36.28653
49.35946
7.57673
81.82745
13.94643
1.42647
7.65358
86.34124
52.15570
18.71679
12.98195
66.78768
50.94485
62.52982
98.03146
76.36724
94.38513
43.92002
24.15378
51.17795
21.01954
74.66586
78.21023
36.02378
63.49872
64.36516
41.61310
89.94307
31.34050
87.60537
31.30039
91.93970
34.50614
17.92412
78.22593
51.62174
25.53995
30.11250
26.33105
50.77165
52.79012
6.78430
54.39892
37.75691
10.81416
36.95024
51.14151
95.72930
21.35943
83.34251
52.63074
54.04089
44.76245
46.39873
41.02067
99.83861
15.50736
23.97147
38.04162
26.68076
0.02955
53.68786
91.04288
73.21221
88.27377
56.88852
65.92863
36.44712
25.88848
95.51472
9.79425
2.75015
2.38083
36.52815
42.09613
76.68330
35.57579
63.13662
12.58913
95.23415
36.69352
20.01487
93.10194
28.00259
45.88267
17.82315
90.20376
20.26852
51.62385
22.77397
73.28989
43.83412
10.07077
18.52639
50.17301
70.89007
13.21748
13.48512
81.13327
84.46176
6.01555
92.09813
85.65457
62.35424
62.20528
89.69843
33.54528
48.92305
15.08435
28.97814
1.73641
97.26633
99.21931
30.60914
66.90875
23.29509
7.99088
97.31854
35.93473
81.60033
92.22387
23.99627
77.95913
1.42321
77.94313
10.41024
26.51458
97.11241
71.25980
71.61438
31.46205
15.55518
56.44854
33.88419
80.98453
30.00059
34.23109
38.86171
59.02679
47.34988
33.71876
26.66668
72.64123
77.75228
77.14540
91.57747
92.72790
44.28913
53.91017
19.74938
14.53113
1.68053
98.22649
96.83532
61.16083
99.57145
67.44098
56.74364
82.55648
27.53220
22.02544
41.10103
8.18780
1.15224
24.30829
65.23304
49.69320
25.75197
55.31915
97.44333
45.38777
2.16101
54.95615
70.89582
73.00321
56.12457
36.36308
42.66884
71.04440
71.25936
34.79824
11.65554
13.05237
54.10588
61.65081
37.76070
24.13280
62.33057
49.04703
48.75753
56.88635
89.75123
92.34966
11.87279
17.45147
50.17007
81.74622
72.68288
5.58597
90.39514
91.40763
44.24304
90.20717
41.78509
88.48849
21.81093
14.50760
68.52588
58.29824
63.88594
84.35137
7.26635
2.95992
23.19467
26.94960
35.77413
22.91155
0.58332
26.10397
7.53054
78.77608
24.00099
5.06923
10.11810
23.92927
16.89424
75.03142
88.02308
62.81743
67.30093
1.96331
45.71178
38.63008
92.79241
66.39516
6.65079
3.36465
30.20655
11.24483
29.93898
55.29561
91.90824
28.03488
91.47936
24.78285
30.93672
94.88788
68.53703
97.92421
19.54113
36.30507
45.64721
60.25718
73.62447
82.81735
52.91921
88.92285
13.16728
18.50126
76.99465
84.55244
3.81559
0.39412
7.14659
94.54183
28.20761
54.62722
63.12532
39.71091
63.87936
51.84881
9.40794
19.04678
99.18726
67.88417
48.55277
67.95121
61.56088
33.23900
48.67026
88.13296
33.05436
74.06312
84.90956
71.95697
17.74483
70.25234
2.14163
11.57301
87.55619
25.09947
39.38242
43.89130
5.57529
13.89296
64.16948
1.01644
50.79316
98.69083
5.90523
50.71220
40.49562
96.38467
56.89160
14.77371
62.01319
32.55636
64.51192
51.51806
31.41266
19.84241
35.30010
16.77503
92.43584
16.77000
73.56577
37.81486
61.81784
20.07760
20.84667
45.71002
59.14733
89.46574
93.30200
61.49332
33.56407
77.38877
81.19670
83.99155
60.86363
55.22428
42.00976
44.62115
42.03877
35.53933
8.93159
41.58122
73.07099
50.05651
69.39963
73.12880
31.95100
12.38275
62.95258
53.71504
89.48623
17.05265
56.98732
86.48567
98.47481
84.96441
78.76012
35.29375
88.86163
1.12779
61.36778
61.85640
78.81402
20.31217
97.40550
30.27426
30.53311
54.03671
62.23016
48.93032
93.68635
83.97841
9.46264
45.51536
74.02358
4.41433
91.51613
84.97645
55.62540
79.82097
98.97278
66.94204
29.67649
69.89763
85.26495
53.32694
36.08368
28.24531
34.47642
8.31431
9.50883
42.58600
38.95809
39.02794
92.96104
37.52151
47.27812
92.06281
57.27614
44.46131
22.98153
74.73775
11.69547
89.42169
93.10545
29.74345
63.22716
79.87173
37.34455
18.24482
73.80346
76.03451
45.74420
82.32625
33.22843
18.26142
77.78067
90.39974
74.33772
94.83598
20.70532
23.01577
30.02185
45.11302
28.89612
2.87345
30.73847
62.33407
20.00771
27.65856
75.28470
81.83896
59.47235
70.81394
17.56708
80.99217
90.92753
80.78923
95.95498
37.57064
17.58468
87.65902
54.17856
26.43039
15.09342
3.45637
23.35305
13.70959
27.34547
17.41932
98.93099
77.11891
37.67864
33.33036
63.87456
18.58635
68.24470
1.43273
99.91168
75.32238
78.86377
68.42712
96.50705
76.42576
93.72654
71.10952
20.06475
88.00390
81.32131
78.24171
38.27120
69.34937
74.35833
67.02758
9.66131
96.93794
8.43729
91.09013
5.01376
23.66988
2.29484
55.10128
12.84557
32.04927
22.38941
82.43061
66.53540
99.14491
14.79274
6.22659
60.21826
20.71431
15.55212
0.50159
0.18740
74.67110
0.48451
67.68487
72.27622
63.63013
89.71116
51.28684
45.30939
81.80943
61.18597
49.89105
83.67098
82.69224
38.52932
7.90021
42.27910
48.43069
72.06747
89.92639
50.00484
88.37427
48.98137
69.95700
95.91414
58.91676
49.54061
83.00497
28.95901
54.28132
48.78997
57.68287
24.51367
64.89872
37.32523
83.56665
59.52432
96.65569
96.52847
41.16574
56.38244
94.36563
42.05448
69.14385
98.86538
13.64611
94.81174
9.51887
13.32028
20.41875
89.57701
83.65935
69.17833
73.97467
10.20980
51.59693
98.14217
56.05837
14.44808
41.21981
47.87602
73.23054
82.68879
29.36102
5.68228
96.03114
95.43765
54.79988
35.40239
96.76222
9.92069
43.42975
63.01154
88.40855
71.23341
8.47483
14.31916
62.10981
80.49863
98.07222
31.96480
72.17152
54.93216
58.13777
84.72891
26.71060
93.78437
47.73813
55.19163
32.97944
55.87374
12.91181
25.90328
89.12315
96.47451
98.36058
12.78239
70.41937
17.25662
89.33696
85.81957
65.45133
1.28258
88.32809
11.84831
29.75922
90.91800
83.78583
81.38915
84.95925
32.31303
65.93416
5.41278
57.81594
53.46593
95.28266
36.37222
33.50039
9.73767
19.46818
12.17035
97.41200
54.98787
25.13391
19.14141
41.46520
13.76950
76.46754
47.60221
30.31519
30.12159
9.72440
66.45018
23.13054
4.53967
83.79968
67.98523
29.39593
65.53665
52.85854
24.83697
77.03725
93.85123
6.35643
76.27182
80.77145
36.93089
29.78496
91.14598
77.97146
22.19962
1.31342
52.56970
54.99503
30.56294
12.09689
82.95421
76.04087
12.16703
50.34877
17.61248
38.69915
96.54325
37.03310
89.67785
7.09256
1.55895
24.69425
2.82288
76.03450
35.66804
63.59319
12.48473
33.52166
68.70666
43.07878
60.48645
10.93390
94.95489
10.29922
8.15252
22.44153
15.56801
66.38675
68.35551
83.98624
16.29138
39.24136
31.17760
21.25478
6.82939
7.30566
61.73213
24.35915
58.04192
42.39040
10.21261
18.30947
69.12360
80.36106
7.81884
41.24544
52.92877
36.85314
80.67120
48.58412
78.41012
62.49389
21.11824
40.13159
70.36051
65.13444
27.40156
20.42751
75.59278
59.46787
10.71666
12.10006
40.72386
92.93119
6.52673
24.89612
54.58956
31.16954
59.03718
63.22338
84.79125
5.14663
70.86590
95.78688
55.39095
98.52629
71.76781
58.66624
32.86948
1.92869
64.68216
48.01787
63.21589
28.77498
65.13527
13.80171
10.03848
87.34840
79.87372
75.32435
17.16899
39.73670
30.58547
49.97259
19.73908
26.41849
60.17815
9.16433
29.54964
58.60134
73.58398
8.16250
33.16654
2.77122
6.54955
91.57115
97.64181
22.43117
89.57263
10.40619
23.17162
23.75849
32.79359
53.77481
85.46598
79.31522
5.20878
10.99669
5.46673
13.36963
0.41257
13.85431
55.70256
74.86618
95.96800
89.24135
79.89367
3.44672
58.72223
7.72840
78.33584
89.28823
42.67401
92.97765
51.23300
86.73843
78.24235
51.06803
57.11761
45.95099
67.24455
36.41032
31.06672
81.58333
78.77777
33.92662
19.40725
80.60026
85.58431
85.37743
54.64596
51.08413
20.04848
23.45849
31.31155
70.20382
44.30377
63.78000
72.34462
52.99355
85.67175
16.98528
60.99763
97.69998
55.25048
39.45251
71.52933
7.65177
23.12737
90.29973
12.40339
5.03154
53.22091
87.83233
59.95347
33.79104
70.30325
38.33794
12.66522
18.11164
98.53784
87.23145
65.28194
82.24032
26.48848
88.28063
88.16752
27.66296
83.46211
32.21082
30.06412
22.75260
54.86287
83.56615
34.68398
44.89268
12.88689
5.37359
27.08670
52.04986
86.76755
11.22825
97.17789
87.11256
18.78297
17.39285
1.74758
57.41096
38.51958
96.32852
28.18705
35.38480
60.69260
58.04277
24.00872
34.81330
96.75967
18.78074
44.55682
87.23522
32.49742
91.57535
10.97047
4.83363
95.43937
23.69337
30.61185
95.72825
93.33071
38.75744
12.76352
62.82653
76.35840
28.47305
81.57311
17.57624
26.47525
4.65728
1.32912
86.12658
63.71404
94.90043
49.12344
39.41192
54.75089
92.76739
94.35942
17.10390
44.32533
90.79155
48.48350
76.74193
11.70243
45.73494
20.97234
42.63150
70.53031
40.27165
59.50153
58.62702
4.83475
95.43969
47.16892
15.29972
31.00070
24.04957
44.07848
7.10058
59.69990
93.50438
87.68405
61.37867
37.08397
12.96837
28.72881
78.27260
2.81752
35.78162
99.64370
49.95724
67.23508
23.83720
21.48141
27.55768
6.36835
69.41659
78.55117
50.50417
55.31315
90.35299
92.79719
79.88968
62.68738
52.59389
20.71733
1.77283
73.72851
13.67891
33.46759
37.61449
95.47416
33.43096
7.63051
8.85765
10.43573
68.44612
44.10793
25.03675
11.12395
56.39812
43.41081
42.15888
86.35961
58.62592
75.97907
76.49112
53.25700
92.90757
1.49738
5.46464
39.45659
46.23586
29.32286
62.20436
33.57372
89.60666
0.17246
37.95334
26.40926
1.60378
73.64902
54.81253
94.51554
29.31854
86.78461
94.76374
42.68514
34.27332
97.13203
35.40817
36.57910
50.22417
88.22701
2.36414
4.68845
80.43552
70.35993
11.02442
45.24777
23.84813
86.77385
3.15686
32.41466
50.68909
45.84300
34.09033
49.75101
26.39394
63.64241
33.16385
54.66117
92.39355
67.68706
34.55225
61.84911
38.68757
19.19453
79.89328
1.17844
28.75851
62.32148
52.67123
85.03236
78.78107
69.69532
18.29692
83.05882
63.37308
83.95363
58.12626
57.69480
61.83251
63.30853
53.87925
57.93566
49.18406
1.24370
50.96004
47.94981
99.70915
67.43322
43.38183
18.08747
90.21802
51.50924
67.79346
44.83587
82.84083
34.19594
81.03123
4.37485
71.20986
45.25636
32.14036
97.87834
33.76761
24.13197
38.18426
84.12700
56.42385
4.38525
24.72772
13.55912
35.53739
12.86857
36.65122
93.57138
62.95625
37.74653
17.01173
68.89853
38.28467
83.93391
12.56286
61.62469
40.82532
40.13792
55.57374
73.91341
24.84631
82.43764
83.05641
71.69594
5.37146
74.46863
83.75801
50.99105
79.42513
48.06978
40.09329
66.61032
99.20939
83.75087
72.19867
20.89771
9.12446
54.48361
87.51673
49.75745
57.42344
84.90970
53.05405
10.89369
99.04067
56.47776
51.50015
74.46341
92.94493
94.47607
71.96388
64.20649
85.78802
73.84066
94.83777
56.13773
33.60632
82.84197
32.51735
36.44231
18.81280
94.83291
73.49137
48.58107
20.82219
31.19951
29.17199
39.68898
13.03898
28.36656
81.97323
37.29634
65.67810
20.36558
84.77523
67.82162
53.07779
72.62541
26.85988
88.95915
26.49768
57.07724
35.76851
95.80014
16.34119
86.41998
69.45653
62.13728
69.44808
32.07221
55.48323
38.70716
78.70314
40.40774
29.09057
96.32356
64.45070
81.97899
46.31967
98.01184
69.42406
47.85146
1.50949
64.14839
14.60391
25.78207
56.50562
76.17944
7.88177
7.52517
63.22576
3.58221
84.61993
54.13259
88.50302
32.53402
57.49392
63.19462
13.50316
1.57754
44.32277
49.96372
98.61550
59.02639
70.30449
28.73880
12.05955
36.64076
25.09060
37.90804
10.81083
23.48402
19.67433
77.43781
90.90695
40.17783
21.43092
47.43817
16.34769
81.66692
61.61992
95.62976
71.31698
2.49671
19.35721
35.54318
51.53701
15.89871
39.23565
97.80308
50.88442
54.87509
88.30266
71.45090
4.74424
98.42314
1.34624
9.13687
25.81879
10.38170
37.86059
66.69850
6.21048
77.51725
53.57640
98.93639
87.34979
33.80792
37.71684
43.44953
23.26358
33.89964
6.23029
36.61918
19.31457
5.91434
0.92882
4.43774
71.55652
59.09539
41.42305
30.60146
42.50739
67.94501
31.95518
12.92885
1.06442
86.98712
19.74152
65.39743
64.87705
46.02069
30.24481
26.39900
66.89077
34.64312
18.04451
34.81363
29.22412
19.28819
10.32270
91.66762
44.54307
26.68593
55.50017
40.11975
80.00189
12.49165
72.47769
41.67189
70.12302
91.02163
80.43189
50.94482
52.34749
46.15184
73.45888
3.99586
1.88872
18.93436
30.85580
33.29361
64.96123
14.76541
12.78887
87.81864
4.00048
21.62364
36.92120
75.01217
7.50678
85.92561
28.76283
92.91821
44.30884
68.62955
2.76390
23.32199
3.68975
59.09414
26.41337
10.49059
56.78647
56.83213
81.77958
38.77150
18.47450
15.81109
9.62008
97.63741
3.56476
35.88696
57.86363
10.41375
7.96449
85.01627
51.02070
0.72549
3.97147
91.76597
41.66306
53.83369
81.23386
71.32760
89.12731
45.11429
46.09595
11.96291
95.76988
85.44443
2.09497
68.99113
8.18319
1.05143
17.59425
12.07510
73.82494
78.06412
38.60109
14.04948
14.47035
97.29796
0.97735
25.03244
56.27965
78.77314
28.94394
71.34957
10.74201
89.34307
32.52579
55.20556
71.29360
12.13543
48.61890
78.60660
2.48055
99.17984
60.46243
56.08840
68.62051
87.71276
83.12323
72.43768
40.52362
58.17236
58.53553
23.36933
2.43471
30.61760
94.55322
22.78433
60.16097
37.65770
27.99762
14.83704
24.78768
31.85351
33.18545
73.10777
5.21573
14.98142
74.82313
64.52809
35.69516
96.17811
77.48252
48.64766
17.31435
77.51111
71.40161
16.51664
37.82061
76.00184
4.74855
54.04914
87.39483
5.98033
77.69601
27.62405
23.19532
92.47435
89.48730
44.95082
70.75916
89.37692
39.36466
36.68692
41.96151
49.23366
18.41252
84.28791
86.15919
42.16586
84.97493
41.01636
92.74410
63.79422
6.16778
56.29688
38.53979
78.23034
52.55930
86.91209
38.92429
96.28494
69.77914
96.47232
88.34562
81.60931
73.94072
57.12077
93.21176
20.65502
40.19261
27.15959
81.16135
5.18090
9.25279
67.97502
99.37682
30.84175
33.46046
72.74848
80.05371
80.91650
10.64217
59.90335
13.13330
84.04506
37.17593
10.20540
58.26673
17.15601
0.80002
74.28569
64.49691
5.28941
1.42115
64.54535
42.20737
27.42129
31.72341
61.66867
75.55536
77.29598
63.89980
55.28821
5.89912
57.37607
28.90694
3.49409
0.48862
8.25158
40.25587
75.75582
70.17995
44.23007
84.63634
1.22373
26.21510
92.70101
93.95023
55.87760
11.36066
27.58130
85.12562
21.53391
69.92100
29.46647
59.52298
31.87049
89.48745
43.27447
7.11196
18.39471
17.58063
52.00535
27.13894
95.17470
24.15448
11.93762
57.26368
73.25645
54.62799
61.66194
71.80529
75.39269
56.77959
29.39727
16.29631
10.12976
43.26195
27.06231
43.14199
83.10463
91.33523
83.97757
76.20527
36.78948
81.87959
2.37293
12.74715
9.73190
53.89770
47.43008
86.25077
37.53944
5.88659
40.87461
72.28767
76.36415
86.64023
94.34459
71.32682
83.30227
15.37354
50.38590
81.55099
16.62612
84.36616
72.55547
63.10367
25.11560
42.55754
29.77359
56.26356
13.78050
11.59492
55.13875
89.54445
39.04272
46.51042
11.49019
84.71035
1.41209
12.36268
11.06472
52.26623
79.60622
69.80540
22.02275
22.41007
90.51280
8.49694
5.18488
46.03628
61.09645
93.13639
53.19503
35.01175
25.34323
18.55518
56.48904
0.97784
38.45958
83.77250
67.47189
21.77678
47.23138
12.60333
65.81196
35.25388
10.34679
68.00047
41.43150
1.14675
98.93246
75.72105
91.49176
78.81928
96.37524
50.32367
81.62855
17.02223
46.36389
9.53186
39.58173
32.49488
85.72699
54.50789
84.01470
31.58279
80.75219
36.21657
15.24953
89.48076
24.65108
32.45081
26.07237
3.17106
89.46928
52.45215
51.76907
37.61592
26.87404
42.18964
44.05087
7.22779
29.30746
43.32572
19.90435
80.26685
53.48905
39.75805
72.18808
88.18254
17.73865
75.44686
71.22380
46.25021
38.20788
88.57950
66.05093
20.47617
19.45131
19.76706
32.38427
57.80556
26.74669
74.50616
40.65420
2.10127
58.89482
42.87886
59.74543
63.36243
61.37480
63.47408
84.06040
33.67270
25.13527
41.43273
55.97809
23.80117
65.82866
72.13362
27.88477
49.52154
57.50661
83.82410
70.41170
49.65679
28.75195
77.54902
53.17663
84.34509
24.20619
19.11391
13.15570
65.26949
20.15491
9.58602
17.40192
2.31718
95.79804
4.22282
35.05004
32.01600
25.28386
63.05249
18.01275
83.79311
41.57183
48.44897
91.90305
7.87488
18.29404
7.96411
40.06086
82.26410
43.12276
10.98401
53.40883
9.52624
87.39493
21.20539
8.02829
96.42909
46.33172
37.08908
8.46742
62.81835
16.29801
91.66917
45.25848
28.23540
69.28662
26.92048
59.37879
94.64713
50.92888
45.10132
85.22817
78.95825
35.91006
5.04887
31.10331
47.22021
25.68596
67.36304
0.16702
56.07114
77.61072
34.75338
13.18535
94.63363
1.53228
71.32217
12.73012
76.16957
25.58599
57.45043
44.07463
91.54068
51.40330
51.11031
75.67798
72.22618
55.45608
88.00059
10.66499
97.01568
86.55829
3.15031
74.82877
64.89162
25.45585
76.43465
7.46597
75.60204
49.76455
31.47191
92.77619
93.82324
37.50321
33.96796
45.25852
0.56557
66.80474
60.72198
64.63958
70.97100
63.18074
49.38769
24.47731
6.58874
96.62385
5.94910
67.88960
29.99834
81.18159
4.22488
55.98287
35.83380
60.89045
4.33203
5.24916
63.91056
18.62570
66.49662
29.79284
35.47796
43.54406
49.92285
56.49610
24.58749
93.03095
7.08764
24.48830
53.41940
5.52236
14.65785
7.77532
31.67986
69.12235
2.25750
14.39777
87.16715
53.08947
94.23319
48.10315
39.64814
71.79297
55.05795
59.73918
62.41205
3.00682
50.42925
78.89740
12.91320
99.54164
92.87946
11.58378
18.97618
12.16144
89.39735
18.44804
2.48388
52.69819
93.30056
37.00739
65.55217
94.29888
53.43973
2.37864
52.48011
3.22530
42.45002
37.95976
50.34185
47.23390
71.18659
42.22878
92.34478
37.53846
4.55174
30.17903
86.67378
18.44096
40.60610
17.43260
49.97558
25.40956
2.63988
29.48396
10.54960
51.06003
60.72366
31.34805
2.80185
50.24053
99.20051
86.87006
16.23499
88.63075
36.57575
18.38028
72.45349
8.52144
99.80434
38.23482
48.23737
75.79623
50.99159
91.34959
51.83393
12.49207
25.53420
81.42149
26.69516
35.53666
93.70611
93.15657
17.50867
34.03045
83.96422
8.01509
48.76903
22.79918
99.71057
28.06582
55.60018
3.10514
5.39419
95.58438
31.98835
75.73049
41.02150
55.31588
38.64444
75.44641
50.87791
6.49294
95.94253
70.77999
14.87708
22.34568
0.11641
18.51958
69.09076
24.61579
21.06043
18.62968
51.71274
0.02576
48.35937
71.64653
98.71205
49.03042
61.06233
66.17550
89.72587
57.57766
67.35652
9.41908
96.84418
23.93985
48.47672
99.07434
36.96142
32.92150
26.57224
37.81859
74.61327
54.25010
38.01951
0.13692
23.02603
24.74159
83.14450
24.83958
16.56333
74.04923
24.60957
20.13724
57.12497
79.45573
1.21057
23.78712
39.04140
50.30247
3.22248
48.92658
78.35086
89.83801
49.85506
88.42031
34.22374
76.36696
42.28398
98.79687
54.26553
2.89309
90.00430
98.45758
71.08442
82.24981
17.21266
40.00713
18.67752
78.62555
2.49042
15.56349
46.64540
42.38071
87.86476
86.80291
65.44221
61.42187
49.31558
58.27432
75.03779
42.83867
59.49687
57.22235
79.92612
76.84666
98.42599
59.57508
92.00444
36.56065
28.05136
94.00609
2.45237
3.35534
22.51612
74.74247
56.97888
61.46614
42.48451
17.06126
48.35265
69.62393
88.02704
23.68515
90.63739
71.10369
70.94831
45.12867
13.77670
36.13010
73.77934
54.68075
97.78374
86.86801
40.69060
32.04437
57.08244
34.55243
96.20290
98.12569
63.40731
23.97483
76.95524
15.48638
51.70551
44.02900
87.41429
96.15594
79.03250
63.49232
48.91752
3.15140
51.08826
57.68503
74.26213
89.51536
46.38904
39.33137
83.31028
87.99752
69.63919
66.63657
49.44704
13.44931
59.55115
27.15020
54.37470
82.01578
14.01128
18.40960
21.75398
60.30854
68.63131
73.82204
68.22809
33.91417
61.62249
82.82050
98.60137
31.07714
60.67317
46.74459
48.56827
43.22856
2.97106
40.31772
45.04499
55.93229
90.20203
48.32735
46.26292
18.77612
57.23528
22.11403
67.42637
96.53142
23.03970
6.84042
56.12039
75.85251
5.02540
26.25232
69.33127
43.65507
84.64609
50.01608
73.95513
50.94054
30.37436
85.72113
79.10319
50.55488
59.62049
25.45328
73.88487
56.73950
14.44424
89.17763
5.98289
89.54822
33.09879
75.20494
63.21867
71.19284
99.48406
40.61919
57.22788
7.90484
44.26589
70.48390
98.47749
97.06570
10.18430
97.37496
39.00042
31.03156
17.30754
16.85902
76.93584
2.96988
21.28464
54.66129
87.58139
93.81763
6.48340
16.68569
18.87129
81.29745
83.83912
11.85530
33.82548
93.01827
93.21598
94.81351
46.63607
40.87197
41.95830
72.68852
3.71446
35.22420
63.52830
12.06562
45.28985
28.75924
81.42422
20.10672
62.34950
8.12358
46.03410
42.43698
1.10636
88.81691
77.38881
61.66470
8.84524
18.97910
9.83453
84.48405
11.71349
60.64629
70.84320
6.99596
6.08970
44.02459
28.66308
49.72303
72.04252
93.50684
16.60861
7.98349
73.74082
66.14340
75.58186
23.19236
1.87944
43.32695
92.02387
19.75852
34.94497
67.63420
54.15774
6.27127
79.31202
65.23091
39.63388
40.54284
92.56700
76.39133
43.39917
77.50574
27.31606
98.32194
9.83711
92.83653
11.76618
51.53402
1.47272
31.57695
39.31718
11.69385
45.70269
69.06059
49.24731
78.99939
77.70555
13.29925
76.43902
33.18289
73.31835
67.71779
94.35610
20.14918
61.42308
61.79108
11.86974
16.22840
82.90656
24.14975
90.18980
98.67633
26.85199
98.54808
55.24313
23.32406
3.55008
76.50489
59.34292
55.74324
74.91476
27.02011
68.88365
3.59625
39.86712
59.03792
8.98900
66.58240
75.18518
12.48266
23.77236
89.56896
66.28859
34.44791
47.57775
87.68363
27.47932
32.94789
42.74918
67.23634
65.23365
96.20256
77.53031
46.91237
27.83151
78.20084
17.95861
72.34620
28.52509
61.54029
15.12911
3.88826
64.32726
61.32413
62.81285
17.67103
41.94640
0.04924
93.30421
29.65824
84.58575
42.79446
56.30386
53.72197
21.53879
71.72380
60.27315
65.56007
50.87428
63.83341
7.20808
21.21485
95.85472
60.93399
50.23949
60.03430
15.02317
56.80779
69.07852
34.76294
69.14387
41.74449
47.66388
29.28238
33.36647
70.42128
45.16290
87.40616
64.38350
48.21119
72.43358
90.72824
38.97546
50.65407
92.32208
13.49414
54.74932
41.51638
71.92600
91.68478
10.74764
0.23587
20.66537
67.62460
18.80600
4.76116
35.95199
37.99527
66.51059
84.94367
23.17435
92.91167
96.63537
52.01398
54.25191
53.93352
42.78502
81.88768
74.26573
69.54663
94.60157
71.21189
97.98442
53.86628
85.28638
15.45655
76.93237
24.98975
60.97621
6.58079
4.80866
54.23807
20.01561
9.30875
41.46839
1.76634
41.77951
53.14806
70.42834
72.07705
77.08615
36.94297
30.09632
42.41562
83.23818
22.75053
77.58827
22.83817
34.76423
23.69271
31.12741
90.65770
17.26278
82.19826
54.17046
37.23171
48.88711
65.92357
77.76136
47.82823
8.29308
22.27897
34.01594
21.17993
97.31977
11.02427
98.03481
47.16370
13.49110
38.13483
54.42510
19.46689
72.78121
73.20169
0.74912
7.94160
12.02801
46.12332
91.27418
7.07971
23.18978
35.97795
51.81345
78.34627
57.10809
59.54468
63.57919
24.61226
26.48303
10.56546
47.04139
91.70054
50.22633
42.11070
82.12371
30.97497
63.49153
59.52345
40.31910
91.04902
88.62865
59.75511
95.42568
20.13255
68.74050
34.14155
92.07934
89.43486
73.72541
31.53843
68.64276
64.38927
48.83008
45.61021
93.70018
94.18555
47.73002
76.12981
36.84655
72.53341
98.60439
73.32284
45.83211
65.37066
3.73387
47.66409
7.93666
38.56117
74.12130
7.84904
73.95022
55.92859
94.81304
82.75195
12.61798
51.85735
83.19562
54.51798
71.18717
96.60635
4.37448
65.57123
86.39165
69.01347
69.13294
36.70532
20.98199
92.52715
2.05386
54.15761
74.62222
11.40488
81.27002
19.02840
70.24352
63.74948
0.69208
28.84710
50.28121
64.90857
92.09631
75.74325
35.84991
28.80378
20.02435
0.52553
69.27845
28.52069
46.08021
26.76324
44.56803
75.56592
85.96757
53.05965
1.05780
18.38592
12.21244
13.51675
86.55704
10.12374
6.27408
43.42030
17.02077
36.56431
89.29513
68.63272
30.91444
42.73905
86.31307
78.84186
12.22842
10.45689
29.84977
53.62479
41.21373
83.69241
56.56081
8.66905
84.56512
37.58639
1.21935
96.02996
55.26666
41.46827
87.64913
35.12661
92.78380
80.61115
97.03722
17.18772
99.55166
35.46193
20.15756
21.78079
6.32255
73.43158
87.40512
5.17724
46.79345
21.02708
78.26464
68.70053
61.70931
12.99423
43.40658
94.65120
30.05135
15.63062
56.03972
56.21144
52.79751
7.78928
20.76020
17.80323
25.94545
83.86851
23.74604
81.66532
56.31544
52.24704
10.68218
50.39693
66.99752
19.07027
76.15783
53.31491
3.91864
4.78346
90.66837
24.69844
97.02671
92.87076
66.73307
50.83350
71.77593
36.73758
96.29189
37.49691
5.61986
60.33612
21.53089
22.98523
75.25539
80.50207
80.00348
96.03458
91.85749
46.35999
74.57679
52.71038
90.20297
84.51144
57.18971
8.96270
40.74390
26.38704
70.90219
23.70733
78.33923
89.33161
36.90229
96.11396
85.43199
46.96304
27.79903
62.86529
61.82800
52.04405
85.62098
47.84953
10.73290
64.52806
1.86420
95.92983
25.46307
75.61009
56.92315
68.72086
20.86259
8.84397
28.39989
88.93371
53.33465
66.43366
76.94431
91.39288
86.23488
64.72878
43.94474
26.91858
56.54324
43.65689
73.75542
6.79480
90.95606
26.63642
69.24447
78.03681
10.67342
21.41443
97.27476
93.54281
18.16888
47.15558
9.33872
92.99905
62.79223
84.80709
8.25550
11.37152
70.54678
28.11586
16.90507
90.38231
61.18195
92.62499
77.67603
41.91448
79.73386
25.80937
70.15521
61.94780
42.40747
97.76403
33.19699
75.32256
38.14690
63.14369
24.48872
9.45909
80.54184
96.50245
36.98693
28.29444
92.95344
69.32014
3.20605
32.77387
17.33204
7.55799
31.27969
31.12539
89.75960
98.24622
8.01216
63.81764
14.06527
83.18813
21.11430
58.72978
24.49626
55.78025
22.75628
57.83136
13.34394
29.43107
36.60168
20.01623
94.06930
17.09816
47.65759
40.57189
95.34600
79.85796
71.85833
32.97882
32.05549
45.82143
78.61775
17.60910
16.35788
52.90539
9.12431
31.42525
75.12501
48.98296
48.41657
39.68879
48.57448
88.82322
30.07689
49.31494
74.87777
24.66345
13.26213
88.41256
7.31619
8.46593
88.41521
68.19851
87.49964
94.57611
79.86690
72.56933
38.11747
41.31824
56.28696
36.40173
56.65274
43.55439
99.48686
0.35075
93.74515
52.83416
50.58285
60.29383
67.13585
90.09852
98.56990
99.30520
17.20806
13.51320
42.92833
32.51548
7.64114
18.43671
15.56370
58.00968
18.15387
86.11630
11.91184
43.86733
1.12915
94.93011
39.54063
47.50572
10.67123
3.53959
11.85827
34.46323
11.75085
27.04915
74.73786
29.30513
76.07747
85.16240
91.57552
67.44651
38.86960
96.90402
47.82370
22.61624
11.55968
75.47508
4.49769
15.67672
73.67258
82.29362
46.90000
93.47117
20.62517
49.34953
6.95673
65.92200
33.53202
44.75936
54.64403
53.09032
70.74601
22.27746
99.67395
28.33846
46.42360
14.68807
51.15116
31.35698
8.56820
58.48561
14.95446
46.00516
76.69935
86.28798
59.05596
67.88977
42.59450
54.51690
27.15027
96.31815
56.18017
56.61798
44.07767
59.23904
89.36255
56.92134
81.17669
26.88452
36.93364
40.12217
55.37141
74.59472
84.98677
85.95679
37.94967
81.41764
74.33507
98.01434
17.18267
70.13939
24.71710
59.79483
73.57139
39.28441
45.70984
32.71908
34.85561
17.62713
12.54266
60.33116
82.73952
99.06512
9.48332
78.84548
82.16067
99.76776
72.19698
40.59638
32.32791
22.93711
41.05614
15.73343
20.83650
79.21642
45.39268
59.35604
40.80703
58.19657
71.56274
9.90889
50.74384
39.77765
64.25013
85.91485
26.51648
58.84085
60.66249
7.53853
45.86727
28.93722
30.55411
77.01138
40.13079
20.28594
69.93909
50.95737
51.40647
85.46556
86.95159
49.86226
72.98472
56.88499
68.03023
66.51529
97.28995
74.04197
64.17032
54.52877
14.41749
92.75012
66.18604
62.56217
39.52935
65.95925
49.10131
89.01494
53.60388
84.48756
20.42299
41.15591
78.40700
3.98138
14.79373
46.23508
0.95971
31.92545
18.81656
71.23590
29.32628
15.86058
91.56723
71.64287
11.06983
80.46832
64.92010
32.81292
85.64022
12.90843
52.04099
87.29808
63.07303
66.91412
66.29749
60.67131
70.01138
47.40018
71.27789
47.22851
4.88510
31.29235
73.91395
88.58584
56.78733
58.17466
26.60566
16.29422
63.16978
38.74810
35.67820
94.75387
27.45727
72.38868
14.06771
69.95779
18.28865
80.72769
96.65835
85.05472
75.20468
23.08666
89.76968
92.35582
45.82849
13.64285
75.43303
94.85625
46.48529
15.48887
8.22275
87.62733
33.67899
84.19810
67.52467
89.55479
62.98202
6.91192
7.78027
46.86134
16.48751
39.87924
26.14666
61.80054
34.59047
26.17353
3.65295
7.83553
93.37880
81.73941
90.04228
2.54459
76.52758
56.66712
43.08397
95.08117
71.75044
14.90141
23.82746
63.32920
54.39779
72.32184
26.54003
61.46390
76.56171
77.85729
61.23662
30.71571
75.15999
62.62189
4.41081
90.93691
30.19499
92.73394
16.06324
70.90716
38.42868
48.74321
38.18166
28.61899
70.76133
59.00112
65.99432
34.47991
82.99953
67.72080
45.78552
18.78676
92.82229
5.36336
80.37232
94.39693
4.30040
75.78029
39.07066
64.66486
97.07167
52.64373
63.03895
2.28798
14.71195
19.86656
74.63826
35.99959
55.18145
62.64582
23.90595
92.00966
9.75925
93.91579
74.01383
33.79388
4.88561
53.18480
0.68901
27.87284
51.11734
93.16328
34.63216
30.71322
81.54001
69.42361
41.09744
62.53579
21.88331
58.52744
10.24524
52.10046
60.88496
72.98591
11.18969
3.30163
5.98151
40.19567
51.94507
69.62962
35.87610
34.10781
84.61078
76.40199
25.46107
83.82647
2.29552
67.97913
98.11627
50.98700
66.45919
41.00543
1.90040
43.06786
85.04192
18.55521
3.95296
76.15962
37.89418
19.25844
9.47605
5.39349
62.27593
82.13675
76.91074
59.79567
64.83665
4.15772
47.79566
47.56770
24.32545
46.92051
7.88510
24.58865
46.68977
77.07817
87.27752
43.63955
29.90940
19.96973
15.98578
84.43904
75.58091
68.05935
18.36221
69.03708
14.34075
69.95540
94.93593
78.75332
17.34109
76.19648
60.08004
68.99710
51.85088
62.75590
58.65748
87.01635
1.19853
34.69270
81.89051
27.10596
18.93584
79.13993
57.10095
73.65179
14.18100
46.44108
4.70139
51.30749
20.71595
42.32119
13.50309
25.35582
78.84805
77.62502
78.33268
50.34506
15.05104
93.60698
66.95040
71.95214
1.47035
49.03249
22.39057
2.79939
41.52718
36.29425
88.27140
68.53227
9.71626
32.76779
12.19872
78.89427
44.53029
43.60556
12.95120
0.14142
43.29795
87.98571
59.72333
40.41513
80.98495
46.00442
93.95416
41.43778
71.57863
9.51903
95.33883
41.50375
2.55206
66.12318
50.54809
56.02651
29.96518
14.73002
15.94159
74.26969
97.63697
90.90532
60.22547
32.81968
98.51202
37.93494
74.96110
62.43471
3.57665
50.36087
2.17633
78.18625
14.85111
81.72106
91.27015
86.46609
44.21215
34.05293
0.43840
4.72432
2.61705
55.76579
65.25609
31.27907
31.44563
76.37159
54.82682
16.17567
51.81025
41.19557
78.26016
60.02601
67.54462
30.55653
94.03548
90.95738
74.10696
17.83216
70.93477
54.84196
2.02272
28.11908
7.06299
33.73750
53.73202
62.86162
48.65947
72.44947
97.17584
36.05414
60.94213
93.31912
43.08624
13.45602
58.54449
68.10236
36.08724
97.34177
5.63306
44.18412
24.66075
18.53175
43.39018
23.16353
93.56229
28.55936
95.37771
21.01123
23.94816
29.50828
90.89308
74.44332
1.03558
2.95861
39.81310
38.81655
90.30046
7.20803
27.35136
15.60369
19.27376
38.52698
83.42902
61.08466
38.45546
43.36277
54.76299
70.18020
50.16591
14.84282
52.77970
91.13731
41.20564
68.25364
58.96761
88.79866
46.38648
87.50276
84.87214
77.31744
43.66853
50.60021
94.49658
90.88628
81.93844
17.66822
1.72386
53.73076
74.15437
33.95436
44.09127
58.01881
84.70480
6.68298
83.94318
14.82601
74.32537
85.65523
33.32017
27.51618
3.54032
65.02401
2.03018
29.98857
58.28335
82.47289
15.47407
60.50056
50.92523
52.98249
7.72629
2.79136
74.58655
31.52190
49.70304
79.89605
93.49707
37.04124
35.70499
43.47136
94.53122
81.94208
97.98477
67.70747
84.48921
4.68352
64.83560
63.84039
31.97163
25.08241
37.75114
5.58676
34.60717
44.69437
35.30677
7.03198
86.00846
99.78531
5.49714
93.84324
45.75778
87.88490
2.70024
50.55748
13.00525
61.12302
52.60281
16.35063
7.54114
73.44027
29.64274
5.54067
46.63543
21.97763
77.87606
66.89973
40.64664
18.39789
84.38758
80.14219
95.68756
42.10807
4.38790
66.19718
82.75729
1.36364
53.21322
78.20207
41.13386
67.32029
34.57764
48.94345
21.67574
57.31780
95.56811
35.97478
34.65156
3.66789
31.38518
40.60204
69.76004
59.98827
42.02798
29.47507
0.96852
90.51479
41.28841
75.69599
4.83036
44.76262
76.98150
89.59938
93.82528
10.56076
80.55319
83.18813
25.61469
35.75165
57.82079
24.66893
58.73753
89.84257
21.83494
58.15016
13.77922
71.53012
93.16628
15.52063
92.66706
35.49144
26.27264
75.24192
24.38068
48.34980
21.65312
16.65114
16.93207
85.81958
54.15971
56.82649
35.53067
85.60861
13.16913
64.69276
15.80494
51.71737
28.68233
23.81663
14.32946
97.14163
41.03860
34.25584
92.17007
29.31879
40.25063
7.33959
92.40514
22.72856
80.52547
31.02352
70.55518
29.02240
21.79022
76.18169
45.28841
67.16547
48.08157
59.07796
39.94481
6.18345
85.68554
15.15280
71.42931
27.15824
37.47697
31.20482
34.37468
27.58260
36.12202
70.03991
91.55294
14.39565
67.59673
84.34920
69.98562
65.69826
68.20690
20.59290
24.05745
24.00787
64.54739
27.01689
13.11120
91.55123
81.32132
55.52712
11.11332
40.33195
5.25528
70.37905
95.15223
58.57489
5.37972
10.22153
4.22549
82.86321
4.20835
68.45571
92.89468
15.93459
90.85161
18.40555
26.54154
74.92017
80.98225
31.76521
45.73794
87.88304
88.40177
89.39876
47.74372
98.36962
9.21799
54.73264
24.46602
47.12573
23.59193
25.16245
39.62415
35.78582
93.20443
14.71318
19.04054
55.63633
4.55888
73.60913
17.91301
2.90605
92.36681
41.52288
44.61724
34.80361
58.96515
32.42841
83.85859
47.02598
88.32220
46.87427
61.91284
36.21519
20.65071
53.16323
93.69722
90.13365
78.60898
66.82582
73.79669
33.22465
24.29458
72.69107
80.15085
99.69472
62.54875
15.01781
41.87697
43.51580
45.79442
16.35314
37.43536
27.10503
86.26649
58.15688
54.81101
46.64426
53.42621
53.52687
54.87851
54.88887
13.84236
23.97272
29.87098
0.86553
4.98974
3.72141
7.65420
18.29870
83.56462
3.68106
20.12643
18.78374
55.30779
73.75000
23.75002
73.48961
22.21376
15.82454
78.53361
16.08456
55.34044
14.37529
53.26814
54.32570
11.95522
46.63846
97.01346
91.73823
85.93109
9.39168
14.54899
97.38839
82.18804
19.44956
25.80760
94.26359
88.20045
33.88248
90.27830
38.77916
63.15416
40.59451
22.13088
87.32977
91.92036
91.65043
69.34850
64.18620
35.39314
31.38506
38.02305
71.29731
94.22605
54.80458
99.62404
39.27119
6.08027
69.16957
68.26166
35.20191
39.00819
32.95902
3.94380
21.26954
93.76715
11.09863
35.92785
59.11211
88.33122
66.01143
22.02429
73.85928
27.66075
36.17019
98.03826
28.00953
4.06430
67.77032
66.63531
21.85030
20.89201
54.14140
41.85632
84.88262
54.97660
15.55450
53.14578
42.43268
27.19194
99.02057
93.89303
25.50344
58.92910
36.73160
98.20037
11.64862
21.54826
38.44175
51.60841
94.62964
35.79175
34.33007
57.14959
80.76545
46.00351
88.14148
86.25301
93.51756
10.95978
66.35168
7.43612
12.84658
47.05391
32.74637
15.84886
62.80987
84.65058
1.83181
68.49363
12.07954
15.81497
5.98835
42.49432
59.05561
51.27249
32.07643
74.94308
10.00640
47.85249
75.31901
25.93536
62.62095
38.51944
92.02439
9.47700
2.20173
34.02870
18.48826
34.81415
93.29345
96.33858
88.13204
7.03514
72.27715
7.44857
91.33798
39.80200
13.92189
16.37983
44.88494
29.72230
86.87203
55.44127
77.44555
34.59119
52.36364
56.94481
83.74866
76.99580
53.93370
21.61055
43.71920
92.56337
9.38436
76.64978
80.49638
62.77351
80.69044
4.10123
5.73246
15.22836
91.54231
9.02410
33.13659
8.92137
95.55867
57.25577
72.78001
42.57063
45.69712
5.15219
68.83077
95.73408
94.03784
68.41359
25.60173
12.32362
61.50507
27.04434
75.10489
96.89031
23.63314
41.70190
95.25677
52.53735
34.41422
36.89535
12.74501
25.56365
73.12975
28.68884
77.95822
21.66294
29.18002
13.67018
63.52361
53.45762
99.84502
92.63474
71.70448
96.99398
71.61164
34.96288
34.73120
23.82365
67.47108
28.46873
41.03813
54.02108
38.64345
94.78242
23.77641
31.27106
31.91904
48.06454
28.55888
11.10321
39.47146
50.97493
25.59842
22.80630
76.60280
13.27157
26.36466
37.18522
50.57438
88.35217
28.39588
39.05703
1.93332
87.73421
50.03354
23.22984
88.78817
70.13548
3.58827
45.16095
52.88916
50.93956
97.77335
44.76129
19.62633
45.53609
79.29967
54.22206
76.11894
10.04329
99.44933
60.12025
57.71670
18.57417
80.99090
12.36699
44.09370
68.93266
92.14544
30.04877
9.96292
31.12690
47.84745
40.79688
64.06701
91.67265
56.59820
64.49610
0.81674
51.32393
25.69829
53.73332
72.61327
41.13359
18.34648
2.58262
91.65830
26.91945
57.44152
77.46506
14.63731
45.24826
16.13539
88.53878
89.32921
7.71934
73.54953
96.98474
62.45566
15.57025
44.32257
78.40511
92.41532
83.55986
15.60218
61.03553
29.07282
96.41716
71.84061
37.10856
17.86716
10.64580
46.90819
2.69374
77.57518
96.30402
29.37267
49.76799
22.40111
86.16493
43.67951
65.48754
10.74893
34.60005
23.78097
9.36506
91.72851
12.27623
79.11995
9.60031
34.52227
51.68522
70.79405
22.44454
93.01589
84.36517
6.84845
52.85811
60.80738
98.16524
61.03272
2.94848
95.63348
49.59097
74.78234
25.70206
41.08651
84.02078
27.62199
55.02714
95.96193
27.32562
46.56170
5.74727
51.91500
50.23061
16.45070
87.79317
86.93482
20.16608
68.22275
97.27501
52.93369
82.31265
99.18397
6.72822
44.88629
96.70041
96.06944
1.58601
91.10879
14.30294
75.04355
96.55205
40.50977
14.81469
51.75013
93.52211
1.01432
10.82656
13.03663
46.56433
24.44088
75.43730
39.61277
26.08554
25.22724
8.13556
91.34132
87.21267
3.89917
33.12331
47.94472
3.92501
27.95646
79.75988
80.96339
98.69015
85.27641
67.96505
35.09007
84.85894
37.01510
37.38639
75.16730
8.44281
18.13809
26.67334
10.40324
65.31453
62.79368
54.30512
70.95021
53.95273
56.31827
91.40839
6.08002
24.24585
68.40292
56.84530
94.35929
73.03322
37.38638
91.21321
64.58897
79.87244
25.30667
79.32990
19.68700
50.20710
22.45696
76.50657
94.56199
24.15341
58.82989
11.46513
82.66657
46.22092
14.89777
59.49639
46.16288
6.77184
42.52299
34.93329
48.25872
77.02404
69.08506
36.13079
13.88101
48.70763
60.49113
95.22730
89.21704
19.56136
49.59098
74.58920
56.18304
20.46042
12.94919
31.14057
57.10605
93.57613
0.13764
61.17897
63.76802
73.32971
74.23214
33.16825
17.47805
56.68175
24.23208
11.69432
83.92873
19.20316
37.99652
92.23108
10.81052
33.48169
1.72614
61.00286
10.09768
40.48767
51.04233
6.69396
80.96583
42.78612
58.36253
97.67304
35.37997
76.19289
44.62391
70.88553
64.51217
6.55618
67.31320
75.99466
58.67318
86.47586
23.68154
30.55043
92.43022
84.37889
98.44227
28.73379
9.49639
40.19492
43.63700
84.94543
43.05817
36.80369
55.43978
19.38395
48.72450
32.13429
1.48243
65.85838
0.23319
98.96761
32.80857
8.03028
34.62851
7.24495
39.47322
7.29398
31.63673
9.24854
22.59006
39.14184
31.93762
62.85755
21.00055
98.20082
40.50586
30.27959
38.62456
86.74161
93.63206
89.30604
78.26883
63.43983
37.98241
99.30519
65.33147
12.44161
90.14916
22.26272
90.49087
0.31668
26.59669
31.60171
3.15971
46.71080
47.40629
53.40736
44.45376
15.85917
55.68203
32.15768
70.25783
75.79799
18.44394
64.75632
60.98563
53.25900
19.07378
93.30950
24.17178
41.83890
71.20394
63.01188
74.22477
73.90853
60.20729
44.33641
25.49197
63.95843
31.42222
1.18027
74.71071
25.43507
77.02594
10.74341
92.65531
38.27114
28.89802
20.68926
61.70723
97.56138
99.61408
10.34785
49.72479
55.57658
65.99850
62.55692
30.23660
70.30321
50.10475
82.93229
89.19147
50.76921
45.17461
57.89817
58.37920
92.34437
45.88652
9.71076
47.43529
0.79715
2.88535
1.32372
88.31227
18.15256
7.73430
37.97912
95.84930
5.18033
82.56991
57.29628
59.23883
87.84403
20.92689
69.42179
13.15900
57.62001
36.92760
69.85680
45.81462
43.65577
55.45645
97.61274
39.07849
77.24770
30.34750
28.06203
1.34909
44.74815
64.56678
39.47461
30.03799
25.71672
92.98438
20.31210
92.97750
7.83720
69.38943
31.97676
12.41038
86.24421
50.84584
47.64593
2.67342
31.40994
1.96111
32.29133
40.30795
89.89521
13.14667
7.07661
60.96878
75.20836
99.96728
34.91662
88.60056
38.63008
88.40032
3.86517
19.82663
15.15579
28.35406
31.45765
17.11977
37.71211
56.81954
16.25990
7.83632
27.44231
24.94338
70.64588
71.89883
88.83190
85.09156
36.26724
29.50760
75.00966
24.76717
72.00591
34.16247
19.57522
5.57859
30.89534
99.21057
36.01297
33.72332
26.18403
52.31744
11.92586
3.50124
7.60917
59.52351
6.76400
54.88200
92.32191
61.64702
50.30462
73.77944
17.08412
52.45097
1.42904
72.65972
75.91707
82.70072
16.78899
80.65930
80.38888
28.91683
9.01560
84.50582
79.27943
28.95033
44.20207
31.09854
44.13267
94.96317
76.14999
79.46922
63.63963
39.58694
15.33740
20.32967
4.95975
10.34554
16.74978
81.06840
20.32500
43.17341
70.34679
16.49065
57.88178
29.29193
82.55282
63.49825
44.86837
74.80574
48.00858
28.82181
45.79690
31.72855
96.86754
76.41554
51.91527
90.57876
0.53515
7.90832
46.45585
72.60792
92.49175
66.02877
75.31878
73.89418
16.13838
80.54123
82.73776
71.45943
36.70048
52.31255
4.73280
76.51034
76.91939
23.24350
67.27782
70.26821
77.51948
73.30400
55.69613
36.96652
19.77540
13.08661
32.11063
28.16509
62.40413
85.08923
31.17528
7.72362
64.59017
79.13122
94.62244
61.52447
62.67154
32.56091
33.90458
44.85293
81.75101
5.94013
21.15746
46.29725
9.79525
25.29690
85.62505
32.09634
71.95592
31.13035
73.89716
98.04692
25.88140
8.71248
64.66549
31.30076
31.90061
92.38622
8.05669
98.86615
29.51196
70.28998
17.98758
6.74944
66.93074
65.77682
14.38926
78.64447
15.14204
53.01605
95.69693
24.04659
6.56130
42.23894
67.75021
15.21224
50.98672
76.71614
40.98308
70.17717
12.31870
89.07527
92.65369
13.57413
14.34133
88.08265
25.84087
80.31009
91.24754
0.39435
62.66132
66.85798
23.84460
67.29889
20.17382
99.50899
2.34485
4.89057
19.85782
66.58939
89.56300
63.45485
87.23387
21.39487
56.44139
68.63097
96.02814
91.35369
83.73497
87.32977
72.50338
46.45609
53.87767
98.13166
45.00148
45.03690
65.76194
66.36134
53.49325
77.34832
40.11112
98.64456
16.57194
93.64580
67.53374
13.55718
28.83600
71.61508
32.16904
10.12452
34.03186
46.81478
70.81733
76.61801
81.90828
44.19953
53.22675
29.86996
70.66817
37.38996
9.89731
38.21770
11.68740
95.95282
23.87093
17.55112
51.27991
7.27420
15.82695
23.04243
58.86188
42.67297
87.45608
1.55597
21.27929
87.75811
89.85474
21.01051
1.56178
62.65768
30.55867
89.36541
53.40591
62.12258
19.35451
85.37258
11.52520
17.67569
81.40462
81.50072
71.51087
85.96248
30.73397
69.69098
58.66244
91.72543
69.47436
25.66818
22.29519
97.08678
64.71120
25.62438
8.52031
94.57095
46.88039
82.62266
79.71532
41.79257
79.28403
43.32887
56.77830
53.90259
70.96694
17.06301
41.69946
23.89973
34.12216
19.77219
84.86147
50.62753
6.46962
28.58553
31.58902
57.89924
70.94011
17.73158
19.17999
24.63995
37.42024
32.35754
29.85057
85.82944
71.34086
50.81390
10.81618
45.11310
42.66027
45.24536
60.94208
1.42321
8.50568
60.51155
45.26154
54.76227
48.49835
56.40359
30.03268
87.32365
60.57619
13.27981
81.32959
89.59298
69.60368
79.51614
70.86361
30.98717
72.78505
37.37263
2.60033
98.09459
28.19463
9.75617
16.40651
18.37754
76.02577
4.72113
30.70327
54.09945
88.14604
10.71546
94.32192
96.56545
71.63489
94.82938
87.99221
64.32089
69.07235
54.50891
57.09130
33.71621
37.70949
51.89450
15.89148
51.16085
14.83938
39.27603
72.75753
40.57107
46.14393
45.96943
32.43476
78.50826
98.46454
32.83870
60.44692
64.36209
4.88466
58.86972
82.70787
53.50355
25.66715
93.79830
83.38752
34.83813
33.57134
72.18552
37.86204
27.34177
74.65854
56.26746
27.31442
64.45326
21.74308
82.75203
72.27721
87.57916
73.22012
13.00573
19.99482
91.26372
85.75532
87.72636
9.50157
14.02390
81.09330
16.57733
70.45984
22.80450
45.52967
22.46316
49.20996
35.99698
59.70718
0.28283
38.81416
4.57490
7.25144
71.84467
72.64467
30.32511
21.41524
35.44676
85.50991
67.59992
67.21402
37.33424
94.17504
90.03245
94.85330
72.39512
4.76720
45.46068
42.35242
5.36829
24.97814
75.56065
72.24179
39.81376
69.63954
8.36843
92.59128
9.10809
76.79197
4.11471
32.75534
59.56193
49.12129
96.59059
25.49368
57.11554
90.05474
39.12275
69.26469
98.89435
2.49789
5.00183
90.33503
61.31839
54.21018
44.19080
29.64678
23.00984
93.20300
32.50521
64.86355
4.62729
67.91273
87.73103
14.47098
58.23946
89.41126
72.49051
62.15799
86.55154
45.29502
33.33771
4.75831
31.00298
19.83134
29.60907
32.21263
92.91938
93.16178
31.40796
85.80792
56.78143
49.29867
97.50044
56.64271
31.36418
56.47751
12.82234
64.36119
82.63701
50.77393
79.09949
91.59070
65.42713
96.31343
22.80767
20.58755
26.17930
48.05631
86.36774
64.27345
69.99989
86.90089
42.84737
58.29662
59.23214
23.60489
47.59553
56.87832
76.23189
90.35442
84.26497
63.67197
66.41509
89.05414
2.32016
0.90873
19.88258
20.62630
73.47473
54.94214
64.86264
38.55619
76.44517
78.40058
84.10697
60.62439
37.46512
74.17832
72.38087
58.20162
47.06975
3.47851
75.09774
51.53111
72.05424
54.90627
8.53611
86.96809
82.76808
15.22581
35.02308
77.93711
77.20359
75.77519
99.77726
39.14075
14.17921
18.35413
45.34896
11.47699
28.66845
35.28798
84.68164
55.10291
95.18520
60.29974
45.37859
47.90883
67.32716
23.65387
67.32439
7.16290
39.96906
97.44630
55.61466
90.46608
68.52511
25.17598
27.54175
15.46689
23.00557
96.51560
34.55330
21.28340
34.06622
28.59680
17.12745
35.99185
34.66044
87.21213
52.64466
40.21177
2.55505
14.08625
82.57005
50.99894
76.46809
51.33827
22.71130
47.52245
60.13019
62.19187
0.44403
1.36211
87.93757
49.31595
29.94428
40.55286
86.85664
65.95876
91.98767
37.19987
20.86360
11.25647
15.52742
81.07147
48.78550
43.55668
93.10778
61.45366
69.45405
43.90392
50.14393
69.98223
61.25422
46.56310
21.99285
7.12981
95.68407
41.02801
17.80805
85.41609
9.32701
98.62614
70.59700
32.05016
11.27869
16.17020
88.85319
72.11657
89.13863
20.47003
11.58566
82.48977
32.84402
64.27396
28.70540
69.12380
95.65584
68.97620
30.99571
96.61602
28.28978
2.19447
4.89554
69.78531
43.91306
90.58000
77.68531
38.96889
95.18892
9.83749
80.24994
4.75084
60.88811
4.70904
48.82655
0.19065
24.09170
10.88729
92.41315
23.19510
93.36040
54.88554
92.03219
98.46227
50.35551
1.81749
78.13362
37.00076
25.03646
68.13409
22.17373
1.50157
55.92582
6.95168
54.13473
80.26203
35.49590
57.35639
89.07774
96.27619
13.90533
20.07840
9.33408
77.82234
21.45610
40.20996
22.73698
85.06862
13.62951
72.47052
96.00687
99.66658
87.77401
7.79838
93.80350
36.35216
53.39833
98.08209
56.44177
0.11396
59.96259
1.97370
96.84655
66.22392
92.49469
39.48467
44.99362
16.34695
15.97908
22.74278
70.05488
35.42387
5.21431
81.99375
3.96134
77.30990
20.92121
83.94199
58.56705
65.87135
70.37263
2.01264
43.95606
15.16577
79.05317
4.36239
91.70117
10.65071
38.98842
57.79635
79.17973
74.51686
67.97589
80.30856
20.68085
33.89702
34.53052
3.17419
12.83145
13.91127
86.30636
11.17199
43.47332
84.07954
36.91245
86.76668
20.70834
18.86262
88.90208
94.58379
82.81835
91.13449
9.26204
63.94067
52.84713
11.56975
85.42173
13.13527
89.91338
8.11686
26.18574
79.65022
95.92076
41.06289
69.20545
21.41030
25.46358
45.71250
33.59828
78.26826
42.24553
19.65405
37.34022
17.04660
61.45443
44.94407
32.36842
29.00658
65.10337
57.58493
1.57754
19.53399
56.44754
75.78081
34.04919
56.77181
27.54764
47.83041
74.31397
72.96916
57.18990
60.19108
61.18642
90.91592
72.05031
43.39273
29.21643
28.94557
73.30510
88.49270
6.75216
17.85158
30.35457
52.56031
63.62506
19.93556
92.07288
64.71047
2.19088
41.65781
88.27760
66.38979
5.45033
76.99989
99.51332
36.25041
14.99743
67.67120
18.08140
2.90183
46.64587
54.03620
40.09215
45.96790
42.02984
58.59415
99.39708
61.45115
86.25450
78.90548
33.34550
47.84993
21.40184
74.97260
78.58392
61.62702
3.93595
93.43170
90.90536
12.02205
47.61509
78.51910
34.41108
37.29857
86.30657
56.52458
23.14807
26.60218
35.23878
56.00045
30.09110
94.18963
73.38493
25.21097
22.41824
27.39628
59.31641
67.34562
99.67586
56.91806
37.50696
50.88224
13.34951
15.11269
98.80415
42.54540
68.49916
66.43675
12.17499
28.11057
54.32422
35.96919
55.06777
55.88517
35.65250
40.66149
2.14277
16.12401
42.92717
77.54591
51.58233
25.17984
35.67352
67.02413
21.68670
24.86159
20.73313
79.79530
33.75120
53.87482
41.69377
67.85006
62.91486
54.30562
36.99195
26.09183
46.60670
4.36292
34.36897
72.18443
20.61819
39.46907
91.00421
92.73137
13.40109
43.88053
64.60351
3.04014
51.78726
84.09207
64.45088
77.45386
74.41448
13.26465
84.17399
31.88176
46.38063
49.71304
43.95501
34.22424
3.46772
36.62474
11.14546
99.41206
46.93166
38.14220
18.05923
2.08594
20.28662
56.73634
7.07543
12.57079
72.61080
53.47445
18.37649
29.20498
89.50074
44.89779
57.41982
56.38257
53.77622
37.76338
43.67314
90.02860
97.36621
91.50781
99.78925
65.40863
33.55703
84.13967
35.24259
87.75730
84.39098
33.38980
3.01816
7.99665
76.34337
80.09125
22.24785
60.80629
49.48114
29.94617
99.70209
60.08890
53.97993
38.19702
89.01151
79.42751
49.35014
22.95617
89.79556
51.90360
47.35154
74.89661
39.93356
11.91743
42.54298
9.04725
95.64321
5.24826
56.56280
38.06350
33.86195
90.60344
81.98890
57.39635
7.63863
95.24671
6.27190
73.00507
75.16179
57.81768
97.76602
41.12040
68.23125
79.25359
17.61657
74.41422
20.55001
78.73912
22.31013
6.57719
45.45141
12.02541
30.53499
58.86784
75.27655
4.56995
17.69148
19.25041
8.27465
29.55857
48.75739
71.07442
18.44659
16.82919
73.16472
52.77916
82.96987
90.90926
36.48234
86.91440
25.95866
69.22708
97.93680
72.06336
28.47609
26.95243
5.24997
1.26099
24.97925
89.92732
29.19942
28.10491
73.29828
22.54118
99.52859
59.31656
93.45821
99.33082
84.90493
9.05842
29.25305
18.01434
18.42393
4.16067
16.06016
5.09482
80.68001
74.41641
75.74440
49.29001
3.76439
11.73120
14.96462
90.95907
82.24295
27.39719
5.28019
66.69893
7.13353
61.93033
19.77030
12.18389
34.58711
2.75489
41.11955
93.75357
90.07827
22.25252
25.06206
50.27803
22.45274
94.29566
79.93114
55.89347
14.07374
98.49625
33.34082
33.25941
10.67893
19.98740
22.72499
19.97446
84.47954
90.40935
28.75320
95.36692
32.65903
15.55286
94.04302
85.85438
75.80751
64.40304
52.73227
98.14267
77.74186
75.68631
52.43512
11.68853
81.77714
44.42984
14.90203
87.92339
94.05630
98.44108
57.22594
31.09886
76.48439
75.74463
39.73713
85.10067
52.06793
24.87396
27.71632
52.56046
3.48041
45.79370
91.41306
11.36097
56.87703
74.27581
99.30545
83.03989
80.56629
34.08471
37.01769
83.81753
57.50627
12.85483
55.76878
30.37697
49.57469
32.68089
82.97585
43.47247
36.17653
23.51518
84.83445
24.36268
8.64361
35.62319
25.64740
85.56363
92.75021
58.43458
53.87738
50.17559
72.43302
93.93959
21.09436
90.93768
52.27694
45.65639
36.65594
67.31242
63.26333
80.56355
84.77758
18.48877
36.98546
51.88050
80.73304
11.67946
82.46228
54.77515
88.58967
91.31347
50.05824
50.15777
29.78211
29.82842
57.39426
10.89604
34.46719
85.09092
21.87629
24.10901
61.03465
93.91377
5.25084
40.90335
29.63246
35.40649
61.39628
40.69900
24.53926
59.45442
27.09044
51.31316
43.00205
3.31006
49.40089
50.90103
4.83114
50.09115
76.39451
9.99802
10.20600
97.22397
52.47825
41.28644
26.61197
99.36272
3.00175
95.67239
71.04059
35.89066
57.66505
48.63498
97.89390
16.03156
52.48641
64.31866
89.31828
89.68109
51.05782
47.72966
56.67501
41.22828
2.25956
68.42525
23.94432
45.75504
35.61231
65.98692
43.04983
14.81336
55.59871
72.78497
28.18294
84.14634
8.10455
29.21932
30.06277
12.68206
39.51357
14.31674
56.18498
43.36154
51.12665
76.03979
84.58559
45.94521
84.36098
35.23928
72.37964
11.37683
39.77663
57.56522
0.73717
21.55528
96.64541
45.62566
52.32652
45.23226
53.30534
48.97905
31.93942
52.96929
98.38064
25.62385
33.57222
64.28765
75.28308
93.65494
11.33456
23.45480
74.52538
76.44464
39.56178
79.67022
37.80548
71.98183
86.01373
32.08055
57.86010
89.92781
23.80403
83.86063
74.99519
63.39075
58.58185
73.53597
42.93174
45.12155
33.13469
36.22954
59.13049
21.59941
27.33714
57.33245
91.42111
17.24378
16.61603
73.00604
2.35290
41.81309
37.32285
25.28130
19.54175
55.68438
48.61415
54.55840
14.45833
89.03134
99.63660
14.20336
22.79193
18.83705
64.16311
41.10815
29.48171
44.12119
33.98021
73.59390
92.69031
71.43608
23.20522
52.41990
79.16561
93.37627
0.91777
29.53242
34.71043
66.97733
46.76225
72.89007
62.26229
34.25459
90.86547
58.68506
54.81398
98.76487
1.21729
32.08555
39.86567
89.56181
74.40823
3.83336
23.57591
22.65388
2.76583
57.18287
83.86493
69.10698
32.03573
62.24347
64.43833
45.45256
54.97197
30.47329
1.75028
26.32586
90.88734
24.60954
7.95306
4.48519
12.52536
97.90683
24.90572
7.47186
61.87714
44.99457
7.94078
26.17967
38.21398
78.72245
50.23928
13.92790
41.40034
43.16409
52.34545
82.06075
42.76618
12.81048
65.62371
87.23616
81.21569
81.28178
26.54917
89.06538
2.88609
40.12211
1.48123
36.36526
48.91563
61.05393
39.98580
18.10111
19.71885
49.69428
11.43353
89.55454
30.10795
16.12840
67.21685
68.24921
30.83251
46.05713
26.02227
19.39556
36.20156
63.42040
24.04179
94.62430
88.50692
36.36317
11.25518
51.09204
81.52716
10.10057
52.93145
31.84646
36.52026
57.46442
60.77131
8.94118
63.83845
97.93468
42.60446
33.85060
83.30094
16.87598
37.22254
37.75837
95.68788
93.31782
68.62824
86.59045
4.97037
92.16853
35.69446
1.43819
0.43013
43.35813
86.06864
34.98504
76.48779
33.96204
36.14784
34.97495
74.68029
68.83729
71.09790
90.19025
46.85018
28.49963
80.11065
34.89514
77.61948
50.59091
26.46374
93.05239
2.26737
91.47998
96.46543
83.31040
64.25870
20.70062
96.22921
54.00421
78.33304
52.97963
81.16009
55.04042
7.31754
9.38667
12.61911
27.58797
82.77822
4.00755
55.70820
98.71174
94.64010
65.23655
50.78800
15.57035
87.55442
61.55073
43.86364
3.04218
9.51102
75.36993
88.90069
34.47250
14.41858
56.02351
44.69819
36.93471
84.69962
14.58806
61.54683
24.18733
27.92958
25.38524
98.27670
17.43398
76.82484
21.05406
51.94654
94.35830
35.64160
0.90139
3.77924
80.25360
54.26781
30.65428
28.95692
40.13440
19.09765
81.64998
57.72054
62.19408
0.29942
27.02051
44.61536
73.63269
89.75098
62.01963
4.46547
73.25007
48.29912
27.01902
28.77821
53.52076
8.29350
12.39244
59.11578
46.51078
96.99772
85.74220
59.97217
47.23511
79.80535
14.09131
81.46175
89.35381
15.29004
35.51397
32.49729
54.23346
58.14325
85.81952
30.11470
0.05091
67.30825
23.67637
29.28108
54.98772
95.13514
47.86560
56.22917
48.35620
52.54063
96.11454
13.21051
78.04818
45.78665
37.04097
9.67254
95.41328
84.56723
33.76779
32.43126
96.36807
43.32198
44.65257
39.13515
78.87139
84.35719
64.41294
64.90618
59.68467
69.80652
48.08234
29.40182
76.40877
13.67637
57.40455
79.11708
14.55236
8.86818
62.50549
3.90180
62.15796
1.34276
18.02504
31.39535
18.74868
51.38052
10.82527
40.59247
70.55925
31.25760
10.42209
98.18753
97.72690
87.60672
81.42631
71.20051
39.85521
93.66492
41.42138
61.11466
67.51615
69.90543
56.09232
62.38180
31.03429
66.47033
95.07098
27.31365
60.72469
17.59622
49.53844
93.38396
19.67154
50.68113
34.03395
76.34045
93.38467
48.06762
23.82634
53.88213
85.66496
71.28668
57.91672
95.37459
85.52341
78.00825
71.10440
27.65536
76.17581
26.72856
33.99402
25.72965
61.86071
90.41710
93.49355
26.30009
97.15584
34.58998
71.85028
76.50450
25.55425
68.86275
55.19368
89.45040
29.95524
7.62099
74.39436
93.15463
47.54812
73.45635
29.81580
13.55538
63.96180
96.59877
58.06468
47.94139
11.54116
12.13818
14.61678
46.01369
73.08687
27.54161
18.39955
35.88266
25.57278
13.77685
14.11749
82.05425
40.80878
54.38405
57.52116
71.32129
35.05389
55.54754
70.27315
59.31762
77.89229
65.69919
67.98186
3.92173
49.62715
74.54618
42.99516
52.45716
89.16450
53.57414
98.30686
17.61036
9.41475
35.08788
21.93101
70.45099
96.12723
70.64959
95.73884
89.93278
64.63629
67.02584
86.42739
2.39753
0.87815
93.13195
36.63736
73.78421
70.25203
20.52366
85.42266
23.38872
45.41780
5.74935
93.63770
55.69478
39.46944
24.98096
33.21833
16.36841
97.08374
9.67143
88.78401
74.14740
25.69269
92.80429
79.18626
75.98145
96.08819
77.13763
97.98669
17.15083
2.04468
44.33829
0.65074
88.51863
4.77563
14.05217
52.84290
99.57794
66.36818
94.23978
57.60534
50.76740
67.06975
40.75849
1.98913
99.99898
46.82524
12.82148
90.03532
82.02446
69.79744
65.54169
27.81210
83.34399
27.71824
5.63749
54.29975
35.20210
58.28740
49.17059
9.25340
18.46558
38.87650
83.26518
14.27375
67.92721
53.94529
42.13980
41.35288
99.98078
93.12327
11.22699
10.78429
88.58657
31.90268
84.39056
9.99300
61.47721
49.11038
47.22278
97.85804
60.91937
33.61418
26.70633
54.72691
54.62583
11.55541
51.58532
54.84487
97.50770
18.97756
82.32110
45.33641
52.48382
20.72068
62.49873
6.49088
31.04025
95.99214
10.16187
30.25570
61.92577
59.14759
50.09058
31.61127
0.30868
63.39825
17.43149
41.54322
2.52848
94.47397
58.33998
34.09503
55.38405
63.90427
73.00692
20.57327
13.18778
36.25280
72.86897
18.89612
87.61746
25.70077
38.14926
48.46959
19.08583
83.04344
4.96145
26.85349
64.39778
64.19537
93.57240
86.80971
46.83360
56.19217
88.97855
14.38542
87.92371
41.30393
37.65360
65.64626
79.00523
85.16088
76.88545
11.86282
98.76033
88.99695
25.15158
88.76102
65.17026
53.66716
49.66881
16.58197
87.61779
24.05252
85.72279
87.74410
16.10579
57.74189
37.26379
93.16956
23.50070
36.60034
88.34363
57.29482
48.31965
30.29100
72.12404
64.09083
62.40879
13.90134
97.89857
78.64784
94.93045
93.54921
28.69865
39.21306
24.22482
74.54939
24.81875
47.62765
2.63161
32.97444
60.29578
99.94784
17.99846
85.82454
92.48080
45.01098
1.85849
92.63385
48.86447
23.98879
65.79248
65.69597
44.88061
40.73852
10.47524
21.14693
9.45112
80.64348
31.37012
96.16358
32.52636
14.48254
34.32826
74.44971
26.68100
76.18604
31.71462
84.08354
34.74791
57.57446
1.82324
75.56262
78.91419
66.62903
48.04394
69.98673
69.98431
88.86153
53.64905
61.26952
41.16314
19.98751
43.98379
92.05880
86.57996
19.73406
57.75426
10.77077
98.69483
59.64736
68.94859
59.30564
74.74655
63.69846
86.75448
50.28490
90.24533
33.14792
6.56299
90.24419
83.55472
68.11380
39.63328
39.84809
88.18610
9.59031
14.29766
64.59000
7.55843
90.29097
35.21630
17.62211
58.98039
51.99938
97.69171
82.34501
12.62573
53.30430
38.86396
44.61845
95.01638
76.91604
69.21243
83.22512
80.72065
77.66394
12.15030
8.12743
97.23620
65.29852
77.41794
55.06524
50.50654
12.05807
61.60392
15.76788
29.65233
91.77989
37.75420
33.00470
57.38761
10.58300
0.07943
68.47259
28.70801
25.27048
34.45626
14.35069
92.62211
99.50711
80.12955
63.82117
95.57350
80.92473
19.18380
11.54812
77.73963
90.53382
27.29787
61.35735
4.61378
9.75093
0.32659
64.42226
63.90172
15.44511
55.99054
10.12068
77.11191
64.33068
83.16331
10.75505
80.17983
96.68481
24.57842
38.40558
21.01423
53.01763
97.24035
83.76546
31.07675
61.07145
1.03733
41.21899
81.77469
2.47423
66.95857
70.13094
38.89892
93.20711
43.71804
13.75614
61.43597
13.67306
82.06428
56.10805
92.38757
48.94088
33.91091
81.02157
84.07003
2.93099
90.98781
61.24933
23.07651
96.63846
21.45988
43.42918
30.13127
23.59775
48.84008
7.48027
2.87701
40.80563
37.08539
89.70585
17.59536
94.98583
60.14165
41.82984
88.28532
31.12145
44.52540
26.79373
11.59318
18.40244
28.23644
51.25988
27.70011
79.06835
36.98542
8.12716
44.96641
11.69031
71.08032
72.02884
40.99077
20.53819
48.10387
74.56052
25.95108
32.76833
74.59740
64.91123
57.44982
56.08278
39.81595
88.51784
16.10553
48.09846
66.87585
13.43200
89.94587
55.08959
91.08385
3.59241
65.60344
44.19829
69.32333
36.82865
93.80433
62.00003
54.04412
49.54515
74.72881
96.92265
5.18699
69.72269
81.18620
99.80929
37.89602
79.49414
95.82481
43.50061
45.21046
57.78191
97.60643
36.48963
95.49574
8.42486
66.70501
32.76116
94.98460
45.21927
77.63902
80.68716
80.33651
39.58013
68.11059
62.99377
13.37966
1.87628
77.52127
18.11795
34.22276
28.77941
65.55617
59.36443
96.57943
44.57776
20.90704
33.95522
88.27017
68.65870
97.69094
10.21661
42.75362
32.57024
50.37114
57.78184
36.44664
42.70916
55.43965
25.29946
5.70318
63.41017
41.83696
76.39179
91.55863
30.86672
24.94023
9.87958
34.21634
66.31163
24.73314
46.56050
21.17549
6.07587
36.65950
19.32365
39.41365
97.90346
61.88678
56.57016
62.95018
81.84606
53.89128
77.89780
99.30401
27.71708
56.90088
41.84055
31.92040
32.63900
11.21069
15.59221
47.87582
67.11480
40.81534
0.41403
97.14512
30.16839
33.11893
72.02335
50.50232
2.06026
76.24448
26.74546
93.06999
13.77482
25.08387
79.60553
98.49442
48.98464
60.41199
80.40675
6.78752
93.06538
72.71985
12.10765
66.26978
78.95036
16.82356
24.64858
75.85316
73.54871
15.81357
45.02169
32.62790
47.10280
36.71844
69.26180
86.89491
10.22661
42.90185
29.63258
86.54349
5.62740
88.57252
33.95687
69.08949
63.00897
65.26156
27.95923
45.68699
57.85823
66.18057
72.46017
65.61822
50.13171
45.40681
44.90177
25.78074
61.74113
95.08724
68.52529
46.75412
13.27914
3.27438
10.16349
15.52607
12.02323
44.10049
68.30596
93.74191
1.87236
57.90141
99.78018
55.71611
56.54553
67.29600
45.10195
77.76503
94.67143
6.08260
91.74722
30.22669
95.33997
47.89395
53.99108
96.01330
65.73930
75.23044
61.82837
11.86201
19.10203
37.83260
75.85241
40.74751
61.26764
52.51633
57.07916
62.65159
49.47572
6.54062
79.89071
27.85570
30.85934
37.02417
1.49895
8.68060
63.69773
82.83009
91.01182
32.68208
14.30250
83.39205
50.97023
13.72006
81.58357
42.69975
92.77062
86.69398
29.29393
37.12533
51.40668
13.23089
79.08117
78.74603
37.63626
70.23577
54.69148
51.85545
24.55622
35.91842
57.05932
32.63138
50.61317
78.49878
64.58274
65.62257
63.83826
89.48520
40.52108
99.95802
2.63236
48.51937
35.90162
77.18041
32.21248
2.25060
45.34074
41.52404
78.49241
96.96698
48.34167
11.23353
2.64914
12.74379
13.84413
36.63487
75.18284
9.49700
6.95913
89.51998
71.82635
16.67449
73.29259
26.11554
19.55259
90.64450
46.83307
70.46580
18.46312
29.79293
13.59769
28.12190
28.01787
22.02771
45.54564
81.30798
11.31579
58.08090
8.53560
57.99850
30.66330
78.28588
85.56690
98.10601
49.28620
28.41546
12.89839
25.73966
19.44183
52.64538
10.23671
83.17551
79.13390
49.70300
64.98355
15.54573
80.54479
19.46633
26.38239
3.89431
99.53850
40.48418
41.85526
98.10491
3.42908
73.67971
0.88144
98.21489
16.94526
52.38718
22.63749
51.54613
4.90475
11.11672
9.17604
92.48388
53.01692
20.74075
29.37328
33.48331
28.43650
70.41931
45.96176
72.61811
93.24544
47.98957
74.74367
24.00968
29.54676
87.92657
36.87025
63.02630
3.69768
66.54863
37.91291
44.18085
0.67854
36.12250
45.05981
84.06459
31.20211
96.96728
37.08497
94.24977
36.23200
76.37305
74.72676
62.53166
5.37864
2.08441
54.09623
20.60273
80.36321
55.01317
92.75891
39.85213
40.47685
82.97421
68.23498
4.30317
9.57843
30.88356
50.27503
41.64647
12.10990
22.48235
2.31414
1.40493
42.39147
2.63771
34.98531
62.11652
26.02391
52.73090
6.47517
39.21611
15.38274
35.96996
73.96430
49.19992
6.16008
91.71424
88.09342
88.95561
90.59857
29.45076
42.85253
73.02617
31.63552
52.41873
85.37164
93.82723
9.83132
79.91270
83.19505
55.82282
9.40214
91.36054
66.23346
46.90569
40.91168
25.66302
18.61168
51.37407
6.83697
4.52649
58.91049
96.53086
42.51882
55.77688
51.94560
6.95734
95.84268
33.44767
98.63640
19.83741
29.17796
40.45134
69.97606
64.07062
47.95035
70.11902
91.64768
4.97808
33.61084
36.96063
67.21399
35.60384
65.40605
61.96474
22.39299
70.07290
85.31910
12.21756
50.18571
55.62511
36.55177
20.78546
39.64814
69.89709
13.53427
77.58981
60.77940
90.13364
64.58833
60.07620
24.09401
41.20272
80.72945
27.40745
29.60200
93.50322
15.00686
44.95599
33.67738
91.42225
37.92194
79.02406
57.01734
17.74563
55.24246
94.84725
80.33271
98.83291
75.50272
61.67811
49.81962
69.43679
70.62173
93.13509
15.81145
15.40357
25.05110
8.19781
51.89582
80.51263
45.48933
85.60824
79.21718
66.73540
6.56635
4.77927
11.48374
11.77423
33.67388
92.08848
99.79891
93.72849
76.83745
74.32802
29.58725
80.75617
70.93774
21.79344
61.39682
21.53325
72.06888
5.59658
77.39076
39.15984
71.02570
97.45094
97.48709
20.74267
90.84873
24.79403
82.45699
8.65019
29.52677
32.33750
4.86154
29.83971
27.57942
56.79052
11.88874
87.63127
35.79508
45.68715
80.86340
75.15835
38.03130
87.34560
76.81787
62.92051
63.80596
95.66105
53.51552
74.45703
49.97522
28.99428
27.65381
95.85335
42.42485
68.78778
43.27250
69.03776
38.34806
1.99805
36.60327
21.44435
95.84589
87.89526
14.52421
81.46350
26.39731
85.12777
14.54545
80.60611
51.88207
73.70766
6.11032
39.82073
53.35233
77.44809
59.85858
7.72843
90.25215
43.47126
8.68939
36.34464
19.88504
91.84747
15.76942
59.43704
50.06842
59.02405
56.29596
62.72901
58.00038
0.17146
34.92070
31.27417
98.49324
29.00370
47.79666
69.97925
36.45425
74.39152
39.13395
8.48672
25.80246
87.01856
32.39825
54.74785
97.53211
76.98873
44.99681
84.92336
35.40007
52.60821
64.55829
42.28209
42.72310
72.77289
43.17527
17.32464
36.33757
46.92404
39.11502
29.24422
34.72358
4.79283
45.23216
66.51933
52.88226
15.29162
99.15843
26.03862
88.02639
33.06381
59.43402
78.60533
26.12071
94.41597
55.62363
7.62945
74.54716
49.38807
98.94915
39.53372
85.02112
28.84908
60.74987
67.43796
93.02134
21.20936
76.10309
16.63383
16.12394
23.84837
77.89356
73.07533
55.05991
61.45181
74.71949
75.57467
47.94865
39.96888
92.53241
59.94840
96.47382
91.99277
4.71203
38.60520
56.48175
73.52998
31.81629
32.31094
68.00377
57.87316
30.45671
40.30157
20.83744
63.92413
47.72980
88.28633
74.93823
6.54067
93.31088
80.21514
81.14561
51.37854
72.99639
40.30726
80.80642
24.26671
76.05306
35.81688
16.81615
47.14647
67.40747
35.49054
69.32837
14.65867
64.43256
47.07849
56.22299
82.98501
94.12938
56.72315
29.82788
85.74350
40.49009
3.04707
20.28065
48.39108
36.34715
31.77321
59.72887
68.55420
50.56788
8.58906
84.12851
44.08019
46.96183
64.30196
74.83257
86.97092
29.71687
80.50866
34.73434
51.09700
41.67727
47.11823
66.88592
94.72364
87.92534
92.21367
87.09405
52.45224
41.31982
31.14847
81.13030
67.17881
28.81271
89.06093
32.13875
79.82892
90.22303
75.30833
74.36840
50.96857
27.00171
57.90635
17.15586
91.56630
90.41938
4.89233
92.27796
89.72115
53.55000
75.14382
10.39940
58.00328
57.29369
63.32366
97.67696
49.26997
78.12751
57.37804
13.08159
77.01691
67.78497
98.52568
46.15982
45.61031
12.51417
30.31494
36.09026
27.50951
10.64285
20.19500
16.02516
44.29771
36.74487
37.78232
98.63893
80.07834
98.01100
76.25512
59.21508
53.63385
26.49204
36.65988
90.84108
37.78872
27.75095
33.79101
16.79138
64.69325
57.48355
42.86302
31.07496
53.49294
33.07283
54.63702
83.90169
85.76877
73.14529
58.69825
99.80821
57.69146
99.79370
89.47599
61.91171
85.30500
87.99414
49.25479
70.15910
55.23967
32.16057
79.85264
20.48011
0.28820
18.69488
80.37204
18.31452
45.74705
16.90184
89.37905
78.29086
66.28205
3.36049
18.35732
85.27296
2.74280
62.14215
85.18909
43.17161
34.81261
48.71819
17.60932
26.44102
10.34942
38.75626
28.35440
2.75694
99.40772
75.77042
1.95147
43.84990
5.02070
54.96876
65.66500
87.72117
15.60130
34.44908
4.74589
69.30414
54.35357
25.54319
80.27136
1.01408
26.05462
97.11092
88.89641
63.93808
99.90475
27.38452
7.38164
98.36280
82.49000
64.75616
1.51283
96.52928
41.60395
68.82841
49.77569
47.43589
72.59485
71.97235
9.31631
72.54725
14.58464
0.22434
59.54060
28.92140
43.00747
80.29404
41.61285
90.57688
94.81070
8.26062
64.61858
34.32157
75.24489
98.22684
73.43680
0.52734
18.07710
72.41490
11.54691
44.63562
3.74259
46.98645
2.64778
77.99015
77.87270
73.24619
52.41766
23.46319
43.08890
38.66992
28.24500
98.00430
35.30011
13.38655
95.44122
86.16056
78.57054
71.71446
65.25264
55.72781
76.50082
28.05743
16.34484
12.01243
12.21110
75.87477
34.32812
19.87220
81.55754
53.83797
31.15689
46.71721
88.95776
39.53117
86.51442
28.96811
14.05600
27.07173
93.57895
0.39036
29.16007
25.44569
49.23506
4.66804
1.33345
28.27259
76.63472
99.00751
61.34838
42.79160
27.84315
17.10724
5.52221
14.03462
8.19271
46.73663
44.28839
78.26250
90.81640
81.68870
33.45625
95.05916
83.11813
13.60759
86.97581
68.42549
44.68166
37.68969
5.82968
31.57364
25.75869
45.05764
89.30658
77.10395
73.75607
34.09288
37.88982
65.18241
28.57983
31.15520
35.90794
33.96647
18.09428
7.03371
50.50227
11.73660
28.07686
10.02210
94.45662
96.43817
76.63846
21.33469
74.08987
13.59615
78.01655
62.83448
17.45078
41.31677
48.01450
76.08332
97.37422
26.28616
45.95994
9.05465
18.28217
34.35020
97.88922
1.14294
24.06507
12.97087
55.35470
55.62378
54.12247
68.87253
15.00010
31.07312
45.79501
74.51989
15.35305
1.02177
58.73664
3.90995
68.04265
76.42198
40.93160
14.82081
3.70615
39.54133
69.55303
36.04050
86.12699
88.35283
21.88761
64.42357
91.60104
90.42449
75.96322
63.45544
34.04718
93.83815
83.69913
91.90242
74.43530
7.51424
60.75659
67.90942
46.50673
21.94562
20.56165
4.60608
62.20264
95.87226
93.23014
28.23199
77.14953
65.16599
8.02660
12.43723
36.56893
20.30881
72.46031
79.50286
1.59229
7.47151
91.29570
34.34136
31.49177
81.42722
71.69504
32.38118
28.87479
35.69088
5.04197
58.21062
79.10723
98.51969
56.89635
55.05230
25.75224
22.70684
19.47352
39.47324
29.32385
83.79508
73.22788
92.01171
5.18246
35.13206
69.29860
67.28061
11.81694
7.15994
67.81397
37.82919
24.12691
94.57777
99.26315
63.60496
81.24557
19.56044
20.35115
29.06846
96.98590
16.51639
15.85202
17.62894
44.22923
14.13194
94.66175
62.32313
16.55886
82.16006
75.29230
84.38759
21.18343
30.25473
27.75549
42.94723
31.87097
23.51784
26.80972
29.74873
7.54947
26.48871
95.32879
84.35174
95.10868
66.99681
73.28587
16.93792
72.70395
75.00602
85.86045
26.02626
87.58967
95.41577
64.71770
0.44516
17.10080
94.67127
42.02644
43.47022
32.12622
20.79435
5.31425
9.45968
17.13329
23.21568
46.87030
5.08220
36.51842
63.94230
20.23006
86.93689
88.61303
53.17061
81.24328
43.70463
45.38697
28.98608
89.18320
83.50916
4.39523
49.17974
29.27741
46.76458
87.57900
61.15858
11.69358
66.57178
39.37460
18.60232
80.36075
38.96885
6.40456
31.34324
0.15204
39.45048
91.05515
27.90442
55.77136
60.62540
51.36042
62.05690
5.64787
7.99947
28.17057
85.90664
54.33350
13.26069
0.09060
87.00371
91.95522
27.25260
56.55348
23.60034
17.69490
88.85894
44.12649
16.46597
19.90649
27.57328
98.68855
26.51396
68.58215
97.45674
90.10123
8.10530
12.20888
97.55135
20.27759
22.53965
18.72699
53.95229
41.06187
67.75872
12.03827
69.73791
50.20171
82.38040
41.81059
1.93434
41.72630
52.81575
80.23793
58.74998
76.02396
42.19610
44.99949
39.25686
98.95292
46.21809
45.07193
48.83982
67.16233
7.92708
23.17723
57.58710
50.22621
39.81066
80.81911
8.60465
51.90603
8.96976
71.36221
50.15973
29.78397
28.06575
83.52984
20.60037
66.78074
39.09297
57.60767
99.13810
4.28837
23.70405
74.20860
41.60265
78.62431
23.00840
71.28976
54.11362
40.93507
43.50636
58.31245
26.51709
17.78702
65.53272
47.33571
40.80790
71.53564
56.50319
41.89958
48.84135
94.68405
45.57859
47.71431
0.87065
6.13142
66.60648
9.03539
38.13052
56.34989
59.53177
98.05478
19.24186
34.48229
3.99696
41.25861
93.42108
4.25360
25.02411
87.16014
39.46155
23.57943
6.78059
14.84509
55.86986
15.98311
66.04269
36.53703
48.89962
69.73318
10.51639
70.46068
84.02439
4.53118
21.57543
74.27447
87.93101
85.34125
8.27230
92.75884
33.00152
67.45143
43.10013
67.85225
30.21999
1.09277
28.10622
54.51058
50.64317
28.81620
60.58015
78.40590
5.99803
50.15271
13.81774
93.27194
47.07815
28.86342
76.22246
22.13537
78.54462
88.31769
3.33400
55.82459
92.88586
91.01713
46.24063
74.84644
60.51883
96.73347
85.20802
55.99893
43.25799
58.99385
57.29865
77.58786
68.85422
14.66664
18.09873
41.75403
94.73293
19.52115
69.28579
44.16656
35.63445
97.96471
44.31054
73.29764
61.77492
3.76168
20.85620
86.29622
83.86292
8.16166
4.66032
20.23404
11.58203
22.78799
68.08676
52.38403
49.33412
78.18951
26.12120
83.68909
37.95608
25.43019
71.75192
42.53628
98.53174
78.59480
10.93138
49.50194
77.33445
78.85054
39.52441
82.39434
90.79471
56.62578
16.02870
80.60225
19.65364
10.14023
89.28636
61.11699
76.07391
19.20533
63.24802
60.25073
3.52503
93.81497
87.24541
32.00960
26.30224
57.44882
70.54267
63.95681
24.95009
4.59769
55.99182
98.25477
31.16123
15.31819
16.91585
51.14940
54.18449
91.77967
81.09578
88.20535
9.33762
84.83166
28.72228
45.91260
41.58216
42.14399
39.03351
52.95683
17.95080
77.31100
57.76482
12.20988
47.70414
41.41191
57.08285
60.37755
8.93852
74.69997
92.44974
4.78175
39.56426
79.16722
98.31390
10.75630
78.80009
83.47238
53.17203
6.68721
81.06793
55.11889
90.89194
37.09645
69.90496
56.71619
73.94499
18.13558
71.89932
8.82635
38.48761
53.79553
93.72184
56.07080
7.96585
19.33709
79.72076
84.74584
20.19615
69.55179
6.52867
44.49530
22.09437
49.41887
41.17799
9.33203
90.09813
61.41799
50.55963
69.74264
8.95908
95.88029
55.49309
72.79314
19.84087
30.81158
91.58212
85.31943
14.27522
80.83867
17.53163
94.07001
49.09873
79.27183
9.53915
92.56005
35.38598
15.17004
80.71451
28.48348
20.18259
45.30925
54.29163
20.71093
88.03247
62.39231
21.63700
59.47061
86.19401
4.54832
88.52023
60.81423
44.97408
94.05261
29.20301
34.71725
95.66212
89.99518
67.25838
60.32741
67.01692
98.00997
86.84571
16.30392
60.19731
26.39299
53.57286
46.90920
58.48090
19.89911
50.67434
58.89811
63.07559
25.92305
90.39107
36.09362
98.02469
8.15233
3.32810
6.06542
84.66817
63.89894
0.85069
16.27271
28.38158
22.11625
22.70930
75.32913
71.43679
36.30611
95.26785
68.18951
37.99124
78.18319
86.61213
99.65706
21.29035
96.38044
30.94338
49.43761
24.24077
16.99496
90.95720
14.84003
69.67145
42.02014
41.30104
55.94580
47.67208
28.04423
85.06134
16.62504
98.51356
0.39948
88.09472
60.71066
27.71226
6.78028
51.96174
25.25745
43.48384
6.75021
61.66901
44.06908
74.76481
13.24859
4.94305
53.82799
21.50337
4.33754
81.81200
57.52346
14.96400
3.85441
19.68158
40.36253
38.66724
74.36570
55.43256
72.99392
51.43704
12.15861
9.07833
84.71044
49.87794
65.82412
72.81868
37.79822
80.80290
3.68901
36.72240
74.94828
67.95135
16.95712
47.54893
24.58643
1.16747
33.37864
57.16121
1.53480
54.40724
3.48678
3.24047
1.25843
72.05125
45.56581
33.34680
82.94126
1.09922
52.80230
13.04973
81.60444
93.69482
68.07032
66.96939
33.18474
37.93354
67.51285
59.94637
94.97666
85.52226
78.63955
32.61598
28.33633
31.19979
43.80783
23.85970
91.41150
17.67968
12.00577
28.31834
68.08114
28.47162
86.23821
29.73200
54.56597
38.85133
64.68247
19.71959
31.51885
71.86951
71.76217
36.42868
99.72363
93.81784
26.23333
51.44181
69.97220
46.89303
36.47915
79.75960
51.52182
44.34658
43.99358
22.22559
87.01539
16.64869
73.35304
43.70195
73.35807
56.68994
16.97851
26.86328
40.75419
79.70784
3.28950
19.48738
16.44826
53.89766
26.27080
24.46101
80.04958
93.57620
82.04823
26.34501
89.25064
53.80665
86.13258
51.62418
60.55265
58.30052
65.13690
39.78486
0.35756
41.84507
83.28029
96.78406
80.59041
39.26395
43.74185
37.01287
12.27978
24.25493
36.66153
72.60349
23.03465
17.20362
48.25482
54.25135
65.30292
85.08038
88.34126
73.02949
49.19526
27.73390
5.63669
16.60867
23.21147
66.67624
63.70982
35.94871
98.21509
75.41600
71.55975
86.34517
65.75501
4.38427
51.85831
42.26278
2.82862
69.86615
75.19846
47.38794
79.45292
55.87888
1.80472
58.87885
66.87553
50.44167
52.05250
49.49737
19.74654
99.06316
93.05534
77.05538
46.76418
66.51522
82.84871
15.62833
54.00968
45.68033
48.84846
70.58942
75.50672
7.20224
30.71994
43.55271
33.57293
10.55505
68.22382
40.86500
60.92962
98.81498
65.77985
8.56145
17.11489
37.11248
68.53297
57.24345
94.03953
33.79637
40.78393
10.78589
33.12208
92.29978
60.95962
57.87284
90.80546
52.55859
62.93275
74.25984
99.25911
97.33899
3.09954
63.67460
95.49591
33.24536
12.46614
32.44811
79.79348
33.39262
3.36111
47.58744
81.53953
74.85824
14.64263
7.83182
26.91761
67.81613
94.64084
88.27535
15.25311
79.02670
84.06414
57.30459
64.93677
16.24674
99.13576
31.69931
93.99784
33.10467
59.01846
39.52988
85.62116
11.45198
14.70784
99.75930
55.90449
48.59740
4.97618
12.25666
60.97504
10.14571
71.33150
75.82575
43.36708
11.23907
57.47884
16.38565
74.07599
40.44921
38.71886
98.02754
27.44529
9.13703
56.24456
6.71404
91.43474
84.79068
18.17295
86.51298
1.04720
53.34188
90.53028
25.94031
99.37518
37.15533
14.44836
70.06512
68.50926
20.28536
32.71829
48.28405
65.96088
70.87417
1.03845
94.92205
27.14020
64.09250
97.46259
81.93833
16.52348
97.97290
37.94090
51.86917
96.24064
19.76452
27.98989
95.18524
56.57484
74.63697
84.62731
96.89152
11.03238
41.25828
73.45013
39.04738
21.00434
78.29485
8.29076
70.19164
99.13033
0.45497
33.09552
47.25777
56.21188
20.15076
3.64008
93.65070
24.99325
12.02572
48.31179
32.75576
3.37812
92.48984
27.74495
39.05479
31.57751
77.99963
44.05603
76.16593
91.84923
14.80867
72.84999
97.35262
75.15386
65.63501
30.99735
0.96573
25.58061
59.43542
32.76520
20.73121
63.47087
96.35273
43.62133
60.89556
98.84473
98.65431
30.12949
99.49847
77.53060
26.85138
3.27794
73.76381
6.24250
91.15412
28.88439
0.57272
31.68511
10.82878
24.04849
55.83642
57.94051
11.19667
47.38510
11.60837
62.18398
18.76464
15.59760
50.60200
23.75131
14.87429
13.19650
21.97024
97.37601
34.70219
76.22724
68.26368
74.80437
20.77082
81.53986
97.87071
56.29655
5.50392
82.00738
12.46351
22.60955
75.07579
82.80146
71.21923
94.12785
20.18727
74.57570
43.31411
79.58344
79.83469
11.40495
22.94616
22.95915
81.85877
9.14875
34.25908
17.03979
1.06614
9.65694
18.92736
83.99793
94.31786
64.11753
27.08559
64.33405
37.93451
76.83310
80.86401
62.11563
13.79099
26.10296
44.48843
1.25178
6.03107
90.62805
42.31403
61.65692
37.72355
84.02976
77.99525
84.53232
37.78405
80.07597
87.16548
41.37871
2.89684
89.22119
49.31222
52.96588
13.70199
84.24342
7.12818
54.11198
13.78629
5.53567
45.59436
23.38466
30.33106
38.43245
92.01074
28.11097
32.98685
62.29903
96.06803
27.73712
54.43940
15.64685
93.42570
44.42665
25.09237
89.84568
70.92966
7.13374
87.80353
89.47762
87.74304
54.63596
69.22482
28.69523
94.46249
33.12545
73.64788
43.27626
47.82427
84.89248
56.76025
39.69004
59.78805
54.96171
40.78298
47.28684
56.27243
36.58547
51.73366
20.83438
70.16299
93.71153
11.71183
59.57993
95.59996
73.56485
35.86344
61.16655
70.14670
16.80947
68.94799
18.90648
97.41124
69.91737
46.93985
33.24495
49.96768
95.41632
14.12871
96.73369
37.34568
89.31449
5.65117
17.56007
58.11776
53.99847
94.91794
87.63694
83.35102
66.14682
47.57350
74.80674
67.15813
35.58953
87.41458
80.05625
5.06405
53.89317
57.24174
61.47998
21.22346
24.04071
35.96495
75.76444
3.99880
20.05949
13.60264
65.24700
8.45607
32.64948
55.53405
63.39813
64.65663
28.87493
52.07616
15.04993
60.85442
63.18392
24.88977
21.02129
28.03330
88.85637
95.79195
84.76741
23.33537
50.36466
13.58544
16.52008
43.55671
6.56694
99.59593
94.89595
94.02312
43.51092
42.75078
70.21503
24.78098
62.88231
42.97800
44.30716
37.54384
6.06188
48.21595
66.92750
7.25094
48.56706
21.18770
17.65814
35.10684
19.76036
68.91348
11.54464
31.24606
2.86858
29.09476
96.95359
80.51808
66.19514
46.42436
43.25561
46.57206
34.16440
38.41372
19.07904
13.82546
37.61570
17.20050
4.71696
59.88118
50.52468
64.41365
49.07169
24.90785
43.44563
26.58746
8.54826
67.20408
97.26572
88.16971
25.78621
82.37849
25.62881
50.67835
98.30094
48.09546
73.82825
60.09916
85.33778
72.84320
60.29038
48.92088
29.60761
78.77844
17.22066
84.92932
18.68889
61.06496
29.45677
17.32849
58.55476
76.64038
56.48594
72.12055
22.29274
39.39757
49.02296
43.50506
92.58628
70.88813
41.81534
92.52087
57.12543
31.08113
31.51777
65.26104
23.35815
56.18159
90.16361
50.61086
0.82702
81.24289
92.71212
63.64441
16.41564
33.64338
44.63086
22.16070
61.61704
89.74022
29.25204
43.59186
89.58542
12.91127
72.89226
88.56373
9.82880
62.81548
7.97305
78.54764
87.20021
32.36440
94.87535
10.92797
14.01819
8.80216
91.59380
83.05939
8.41419
34.28901
31.89962
93.55325
27.39639
37.13033
10.25586
97.48564
54.73844
84.25659
1.97638
64.87411
48.49476
11.12599
99.33417
28.40122
6.07246
2.16399
69.16576
73.94820
68.30014
95.80727
7.19230
91.97901
24.58946
61.18645
6.66002
54.98556
95.41487
87.54029
0.92132
66.94446
29.02544
96.89480
4.42603
38.18105
81.03024
60.53803
75.75450
76.27310
17.73943
63.63915
7.91798
37.50949
91.49770
16.78883
85.78182
70.59149
72.30359
11.58289
36.33184
53.83625
97.02032
22.47020
18.98789
98.48593
26.05991
44.84951
52.36782
32.83388
94.51920
57.17520
53.77534
40.92185
45.42200
87.23093
51.19535
13.72286
10.26044
85.93462
9.44778
28.91594
77.50552
50.42892
55.96209
89.12384
58.90478
8.21566
81.69568
39.48800
64.72293
20.25600
24.44581
36.91800
7.22207
30.08159
56.02261
8.85878
25.75782
64.29427
97.20770
84.59260
52.70928
81.33130
96.50436
53.62173
20.56932
91.49010
58.50448
12.04283
53.09889
86.15067
88.90140
79.39970
51.50157
47.87714
84.45424
39.21181
68.57151
49.68289
19.70013
63.69537
72.12742
49.50887
62.43063
76.86270
84.51037
15.43124
61.47239
86.43724
34.19032
81.94208
68.20019
45.35261
77.37443
16.78012
95.77686
0.19705
17.41263
8.95525
15.02344
0.33709
93.73780
37.22667
42.51358
40.44237
40.37811
54.66640
15.46008
18.99450
9.61748
68.51294
75.02099
97.90580
61.01233
17.78481
39.16525
96.33251
67.45679
55.87909
44.32553
73.55441
70.62032
9.80592
4.60852
40.42155
4.66163
11.74165
16.45367
24.85300
85.35705
85.58477
95.68972
38.80309
53.48672
10.57658
99.08004
97.79899
25.40967
96.41208
83.11996
94.71801
34.40675
66.63714
62.32637
3.78907
8.23596
68.24796
49.57347
86.18137
6.61875
31.05311
58.13842
81.20828
48.61076
99.97178
99.55584
26.19320
38.07788
79.06896
54.11037
73.07843
50.86337
32.61097
35.11434
46.07807
93.81618
33.03390
59.85395
84.24886
61.81099
82.88175
10.41124
72.81050
71.48908
44.45984
0.26733
88.17581
88.17751
45.93631
79.64155
92.37335
97.80119
77.78776
74.16404
98.64030
75.23798
65.90498
25.15922
14.51484
35.11949
24.90637
68.66231
33.71151
49.51583
80.65016
23.09580
28.65370
12.80330
26.43319
52.03809
76.91584
36.35030
62.70675
83.31596
23.00255
76.87454
55.04893
43.41989
73.41624
19.20565
80.22508
1.56077
23.41021
22.35838
40.27936
41.97833
11.98463
43.79180
23.17096
56.77472
43.03989
50.81311
8.41543
10.81898
44.80118
0.07942
34.31087
6.62629
95.36443
70.62790
38.88906
35.46692
10.60981
82.26121
69.17528
56.09770
51.27240
11.71870
94.91929
24.57953
60.04371
29.46334
20.88939
84.99155
80.90053
73.19810
0.28584
19.65248
62.52330
0.14489
33.00426
18.81412
0.43602
54.10593
35.17555
56.30707
88.62375
29.12811
89.21721
91.79584
9.33444
37.34681
5.04334
46.57716
47.41707
71.45114
65.27195
73.73618
69.89030
70.99373
36.02551
66.09141
12.14355
77.62746
48.09921
88.80115
11.23626
78.72118
65.83204
46.79586
72.33989
73.16685
4.72951
74.63559
86.86941
70.56507
0.33155
66.92139
81.66586
12.15502
87.67796
28.28055
97.14407
76.08205
72.45728
83.43551
4.58073
59.10379
35.13849
25.86294
15.66043
48.82412
13.84816
93.59926
67.80329
88.39504
26.61354
69.25883
97.04907
5.20316
61.90485
62.67773
47.81711
71.66875
46.53203
78.85231
94.48321
49.73943
44.05643
39.48109
28.25970
49.80527
14.09742
13.72565
15.22839
26.17445
91.04328
21.11658
8.98690
69.93906
2.59447
20.12877
19.04548
34.89214
45.21739
47.91562
8.00822
38.09647
86.06206
7.67389
4.18094
80.64141
43.34364
80.01360
28.10746
24.31463
66.20979
71.36720
79.80502
12.45070
64.99573
64.02771
10.19185
15.57206
50.51254
20.97878
69.33683
25.45795
99.24643
79.58554
48.17019
68.03709
13.93381
11.14244
95.31077
64.33103
98.70971
0.90119
21.96543
66.80742
24.80909
53.32532
26.92308
90.63483
28.33976
32.11014
36.62276
66.32794
67.61855
73.88803
32.46977
94.45053
64.62535
27.69785
71.51921
37.56113
2.81573
33.86362
83.50963
38.10253
74.42856
6.31294
17.84264
87.40904
63.98324
62.30760
50.97412
77.41181
2.50383
4.56660
68.35905
35.08031
52.92332
26.74856
28.35566
70.79199
40.36789
33.76551
28.58616
43.26108
31.11829
69.00718
6.62984
38.67967
11.27757
94.10088
94.01084
95.52967
35.93393
96.72680
65.11467
8.25671
48.73590
22.05026
8.42843
53.13581
47.90817
98.15943
65.81963
81.08213
27.58895
86.00767
48.67890
16.31390
10.28315
36.19636
66.25963
38.59137
41.60639
7.27103
46.04190
24.51002
30.43443
75.49829
18.93551
42.63127
25.39932
9.52917
55.63495
7.19721
2.65364
53.30782
63.11695
29.10866
66.54046
29.84401
78.57362
59.63997
12.85121
48.84209
53.60991
36.07116
80.44765
87.08224
82.36623
20.07518
50.71148
65.44939
26.88316
44.81258
18.94827
38.77533
37.70843
63.78631
40.76048
3.64278
21.27645
63.98702
74.52613
4.32247
81.56940
40.76312
76.11461
78.46935
76.67296
52.87341
57.27938
80.66935
85.00468
36.49928
64.39853
77.36732
96.50073
99.29214
17.23723
93.54880
31.97104
27.79688
2.39233
95.44106
65.65348
18.25307
1.77434
19.63177
67.32865
31.30049
41.34073
48.52596
89.74632
11.53984
88.16121
2.14990
3.66997
97.29422
54.94036
94.52914
82.60378
49.48692
74.99210
33.49445
91.34089
45.53485
42.72497
59.92617
82.86115
60.79448
25.43253
35.92645
65.67675
66.27823
8.25866
43.85457
41.42471
68.69526
72.36099
73.90776
24.33407
58.98366
15.89162
84.83141
81.45860
60.09876
50.99423
20.58821
68.74840
62.99056
59.56834
87.14079
35.34759
72.80606
32.20814
29.74306
58.82860
20.51402
80.34340
25.14328
37.85931
99.56976
95.37268
96.54911
70.16949
90.98388
53.00353
64.81895
70.73105
9.44264
18.48091
48.43938
21.48340
77.86137
88.93809
72.77393
22.04067
67.90966
49.22916
40.79839
35.85474
26.29751
73.63210
73.23218
86.60179
76.58679
26.65466
36.01476
14.56491
63.83131
77.44436
31.47285
48.55116
60.36989
42.15652
2.15513
41.89783
95.54830
9.60386
82.41499
78.74369
25.47593
49.24661
96.31161
93.65996
98.71031
70.13721
17.29495
83.23144
52.96135
94.87302
33.96557
54.22074
67.18859
45.46293
25.14733
29.23452
40.19156
11.21586
77.74446
56.49914
19.85875
92.92884
32.06945
69.11131
59.10680
8.27523
66.45294
67.49150
38.66808
44.32472
73.29080
6.52983
94.19988
86.89791
65.89210
44.11996
96.62081
2.50346
83.01102
4.49263
99.94384
41.96561
82.72051
92.81514
0.56280
16.17228
57.60122
37.43464
30.85043
59.66514
91.30931
48.89904
73.25776
61.45910
81.90869
3.87154
66.69722
69.88168
83.43671
38.16948
91.21106
47.85185
83.28779
57.56930
0.13210
33.32701
51.18245
7.97587
96.69280
8.19011
55.81273
39.47091
59.49769
80.07270
15.72032
26.47456
58.85035
49.23679
10.53506
94.23864
21.92808
22.31624
9.27582
42.94700
93.84597
60.01927
49.99087
96.28068
2.25891
5.29242
42.32290
29.09847
95.46601
79.72979
38.48140
76.34177
65.79432
35.19248
94.66544
54.98191
98.60619
