Sample size N: 10000
26.83283
37.19048
9.17848
50.08328
34.51098
89.03435
93.41015
40.28557
10.38826
34.63866
27.08027
34.15759
26.42406
31.87980
49.78305
27.02765
28.82288
86.62886
13.53648
5.24695
91.64669
27.61895
25.92845
80.59571
18.54492
21.91596
6.77952
0.28643
21.25930
32.25219
73.19805
57.09752
54.79966
45.01273
86.37513
44.05281
61.82773
60.47778
32.04361
7.35518
40.52795
84.77890
25.95349
10.51301
48.99304
85.30690
23.88541
58.42978
99.23910
42.93944
93.52133
69.85932
21.51465
63.93004
95.73647
70.31394
56.91754
26.11474
13.13277
25.61245
74.63825
44.44108
72.47971
94.89763
56.72435
2.93367
96.19287
84.80553
20.00984
92.50190
35.40049
92.47911
31.17902
18.31725
76.64417
28.44164
53.62435
75.45246
4.39538
23.38008
24.24573
49.69801
86.60060
33.93303
18.63659
99.11304
60.56825
76.08655
66.41059
38.61032
84.57170
50.80981
25.21070
42.03369
36.84855
14.10382
68.62262
64.38310
31.13126
60.25289
84.63286
35.69613
61.86714
53.26174
18.59800
0.54515
88.61549
52.78881
90.78638
6.26258
38.46928
12.47055
55.59062
49.63066
74.22728
96.81979
41.94781
97.93980
43.46202
44.50093
57.98683
32.06930
31.79479
96.42905
92.20716
38.09467
51.52861
24.49877
88.16467
70.90831
77.34917
69.97052
53.03131
53.87230
19.40864
75.69286
11.61157
76.60348
95.78886
13.41023
66.99551
1.10790
27.04793
24.93222
53.65961
93.24239
55.75053
79.52124
19.47979
72.17248
26.47114
64.68549
13.60895
1.04996
12.43272
40.33001
20.68756
3.83093
46.75027
66.38513
24.89688
34.09366
86.69836
38.66997
48.48691
14.51832
96.78119
56.89988
67.13949
82.51497
13.41581
16.59105
79.47426
13.92705
29.03968
75.10530
21.15816
39.25061
55.19037
90.55761
74.48508
95.41483
80.77595
9.63665
93.84401
17.28873
25.54299
53.51968
70.71103
73.14719
85.65322
1.01780
84.91951
90.40653
67.23445
40.45572
12.24221
38.04370
15.44828
96.66506
13.33242
93.73121
54.80408
64.78420
82.17970
90.18071
34.95496
43.84253
18.38203
0.13684
67.59958
75.99769
0.50345
61.54498
75.34806
86.45143
97.71120
76.74832
1.69190
80.37163
86.57964
73.63234
66.22650
50.24864
55.23731
26.57675
94.51837
50.11094
93.21814
62.80500
3.88722
92.09125
85.44231
6.74020
16.28566
62.48685
81.46735
77.15444
29.59944
69.12693
3.87578
66.24750
63.60693
47.56832
19.35197
76.63922
65.10796
36.99899
86.44709
91.52284
68.53978
41.43067
69.54093
86.93768
13.96808
69.78061
57.96477
29.32519
9.89077
90.60228
67.94465
92.03276
8.28044
44.04079
79.45069
28.94679
75.49426
46.70211
22.78255
73.63205
88.41340
0.84370
37.19716
73.87033
36.26129
29.72233
81.55317
54.44310
69.34664
4.05692
82.34305
35.77313
15.44490
22.29248
71.74496
94.97069
55.70624
94.07861
5.47099
48.02070
20.38828
89.61966
39.66396
16.20164
68.22361
86.45062
14.58200
39.36385
77.69341
3.33475
1.44028
56.82598
94.58800
66.02210
91.48782
14.91235
25.69088
68.24117
81.27589
71.91039
93.17517
32.17622
47.59176
1.37055
11.99041
31.86595
23.84040
18.69675
33.12064
58.62170
32.14148
32.10585
75.64513
70.65639
30.38044
25.52829
43.04584
39.04931
87.86557
69.58210
58.51265
0.99249
50.00787
98.69504
62.27460
32.91868
76.79082
2.88730
91.10586
64.24474
66.57461
54.26396
92.04944
22.34057
50.33641
20.06614
79.15673
94.26983
51.96881
69.61853
97.20058
79.00391
13.85592
35.58028
39.87640
9.32164
77.68566
65.52456
78.55608
40.62003
22.81542
29.72095
71.23393
75.84904
71.50824
26.97801
59.48137
19.81313
40.11645
30.03903
48.23553
32.56929
28.58492
78.79576
98.75368
99.72756
95.33016
66.47772
34.40811
53.22062
35.63741
16.28974
90.68204
31.35975
80.05218
66.20749
81.74726
36.96377
76.37533
65.63156
3.01588
19.51503
54.04586
64.23666
60.59403
17.02211
47.12688
4.02991
84.92236
2.37537
10.74122
76.58417
66.07311
74.09840
25.17889
67.73395
48.78105
57.09209
32.92765
71.78948
54.83122
59.12587
79.60638
72.64061
81.12689
67.17943
81.34396
3.78371
72.11798
93.21150
29.21272
73.16529
98.45743
27.17650
60.95733
96.92239
54.55790
4.58133
34.19209
52.34098
57.05246
74.54570
69.58878
26.15329
23.82669
78.52380
77.80556
40.14044
19.47352
15.60203
28.52417
61.84288
15.99635
50.69877
92.55419
83.89439
38.94174
67.40179
31.01081
77.53558
98.98178
99.86078
19.03589
76.84124
58.73529
60.19264
25.56435
72.53221
48.71839
45.01558
74.77894
57.74944
45.80931
22.37000
71.21630
30.16996
80.53415
73.06199
49.67705
78.25638
77.91309
84.64839
25.24799
66.78638
52.93269
75.61712
24.61541
3.63815
9.61984
2.58983
47.87012
85.87872
17.70959
7.51279
69.43668
67.45239
80.45566
40.01462
64.25955
18.08779
8.83515
26.72870
97.06243
8.85442
98.35486
89.79498
10.24520
1.44399
93.78399
0.53042
81.48030
89.63074
28.53704
57.71186
75.64823
63.18723
60.64008
54.38748
46.45113
69.36471
41.59764
79.33610
53.88593
44.98871
22.97897
41.12482
31.53819
66.52524
37.00391
51.02634
80.68933
60.00115
41.83697
97.04099
40.64616
32.31449
49.54182
78.01305
1.91240
61.27431
62.35165
5.12791
11.70255
45.75887
48.80945
10.39830
53.17008
49.30697
29.14508
9.79804
86.23446
93.98542
22.34629
60.06589
92.00553
21.45606
18.14630
13.01728
94.38052
19.26406
0.37197
75.14583
85.63694
35.16753
42.48613
23.86752
27.25756
63.95663
81.27658
54.80259
26.69839
16.32082
1.68574
2.88788
56.91407
15.69468
76.64154
80.49086
42.03671
10.97324
64.32948
90.81639
79.85666
45.58998
51.52493
53.33070
92.37040
42.64504
75.48502
77.97220
51.51188
91.83822
95.75422
3.46200
99.50070
70.13985
19.14701
25.48485
79.52443
0.64642
82.58810
44.22351
70.72839
9.02597
15.41327
15.08355
74.25924
91.88610
65.18910
0.24326
77.81789
32.44272
86.07790
26.61745
21.68333
63.76854
21.78859
69.04405
90.13560
39.93823
84.84314
22.40241
41.45251
9.16957
83.49774
34.20131
66.77360
26.56710
96.37207
75.08081
19.02451
37.82330
53.11130
52.93995
87.39133
79.68827
0.94116
71.13919
61.88008
23.38172
21.63778
20.65326
8.16160
68.06588
81.01874
62.63775
85.90376
22.14579
34.80903
73.49056
54.55827
29.70319
44.66131
26.16409
19.97501
15.29011
63.56705
81.91569
37.71947
98.75733
48.94379
5.00175
99.06757
42.69862
72.01563
36.66980
61.02311
9.26484
90.33944
76.74178
94.07785
42.97507
51.48766
22.64438
58.40515
16.80784
35.29683
65.88657
11.81861
1.24647
6.25342
30.47171
80.48513
85.03294
42.84383
88.25682
19.93106
57.07064
58.14280
13.17615
73.96051
29.68952
94.92037
49.43270
45.95985
68.98383
43.74757
27.99221
23.41176
51.92758
97.61921
48.78870
91.71722
65.41564
19.58277
80.79812
55.07879
10.86313
37.45005
35.29369
84.84216
56.76146
77.97527
73.66905
42.63188
2.22395
27.49620
5.16229
28.69245
11.14469
14.22999
15.58839
67.17757
89.87364
3.73944
36.36311
26.52598
74.98599
86.06162
69.77932
83.40007
28.90983
38.90897
44.97778
27.98365
91.97136
81.51844
48.61549
41.62728
50.18280
25.72642
72.89851
68.28344
21.24470
95.94737
21.20275
65.75259
19.62851
18.68983
77.97416
50.08494
89.29407
45.61735
98.63535
37.56365
53.01115
2.09693
57.80448
72.92955
84.11543
38.53572
15.02210
94.07536
7.13672
7.86246
86.07692
65.00046
88.49217
43.58319
80.98586
44.36854
18.72675
60.52143
2.95859
75.37290
3.74006
16.14011
54.33032
23.79127
1.83785
88.49045
33.79383
44.51900
10.85992
31.56084
39.86635
89.68254
29.39743
12.84237
95.24604
8.11710
39.77639
62.68984
62.55829
86.85327
27.55561
20.60994
53.44466
77.58430
42.59851
2.23573
81.09681
71.15813
31.64205
55.61261
7.99905
6.06237
56.54612
13.99667
1.27043
66.46460
83.23406
46.79888
8.45186
88.26466
94.08929
33.92070
37.89269
87.78478
49.95473
98.06039
58.39466
20.60297
76.43550
82.14811
61.14897
40.42475
99.61448
44.41389
96.88663
67.15444
59.88765
41.96352
91.19102
38.98314
16.46881
86.27369
71.48327
84.46183
32.93908
94.50691
76.59828
68.71404
44.04534
15.56672
44.29139
37.01264
99.32464
5.05175
7.04441
81.91504
60.53919
1.76644
78.64289
5.19652
75.71042
49.78743
38.39734
30.78421
34.24578
34.05358
96.04951
77.15854
73.52750
83.40425
15.87444
27.17908
19.94315
91.68068
67.41588
5.44866
18.42061
4.47228
66.25739
93.54337
97.52063
95.27489
21.44555
7.16004
64.70029
84.57716
31.04146
30.71996
39.03735
17.65319
64.14789
55.28754
42.66562
8.48847
83.08384
41.74340
45.13492
28.60890
53.76562
28.17897
95.07856
87.46544
59.69454
66.53142
54.56924
86.59751
38.71784
50.87683
91.26885
76.72807
20.92562
32.92784
84.02441
25.26538
28.26390
86.88153
53.88386
64.55497
76.14595
25.42822
7.01997
92.47261
46.49143
54.53945
71.63423
56.54751
64.37162
58.64903
93.06164
24.62181
97.18435
29.59840
28.73015
70.16740
7.83008
94.79378
97.91692
51.52587
41.07142
77.27613
42.17196
83.94292
76.12648
2.38509
34.93847
93.69000
92.71378
40.46210
2.67875
5.04449
86.93077
42.98907
49.08205
67.55904
25.89918
70.01939
77.99503
64.78992
21.05763
50.48392
52.20995
97.99696
84.94009
60.78251
68.46250
63.13296
23.79013
58.44897
97.19494
41.01609
92.18048
74.73118
35.54669
49.19048
53.15547
82.55535
72.13719
7.18634
79.90377
43.70839
30.23100
20.44429
59.62461
93.79714
25.16469
41.59933
81.93556
49.47220
90.94903
79.06499
57.76452
0.99787
36.52555
60.98180
54.01865
30.28796
70.75823
15.65495
93.71487
68.90410
86.73911
86.15643
20.34651
30.36919
83.41949
8.25325
4.46966
27.32762
11.66875
86.64028
78.52378
78.48077
19.12885
96.42409
89.63509
14.61980
84.93041
53.90188
0.16124
76.55572
47.89789
10.00858
39.46844
33.42484
5.49787
40.75846
6.88241
58.68852
92.30462
22.33163
82.80466
24.25010
15.47204
16.68746
89.98572
45.77336
1.06477
0.18152
3.54930
55.22459
49.78441
52.48752
57.00319
77.31747
65.04101
1.67664
61.26359
2.62730
14.96406
74.14991
41.43607
8.39209
73.13214
39.57903
71.98270
87.22616
83.39108
15.73371
83.51821
12.20220
68.56524
91.50871
88.46401
98.59321
52.30017
36.28562
31.67686
92.35414
55.52082
81.30965
13.80625
4.58573
86.26308
31.60325
87.13087
44.76287
11.09711
71.41123
6.68204
20.37493
75.35999
89.58597
66.89306
24.80520
99.88336
95.88409
30.68016
92.26980
24.44425
78.93762
39.57429
49.38512
40.70929
78.19113
91.40666
18.94231
43.24817
0.89077
90.16408
75.30135
82.55378
77.90084
63.77702
79.24714
55.79428
41.39777
42.64750
23.51559
7.38970
1.51128
52.69845
88.08605
64.10109
27.48353
45.52108
49.23216
33.51472
67.14382
6.67432
94.89417
92.44467
36.25609
94.90629
9.11248
64.18983
42.50242
4.67825
71.58860
72.75451
68.25057
35.86961
30.95014
49.94317
1.17299
89.58428
33.25161
66.35969
42.93645
2.98695
28.51642
90.48424
56.06777
72.02464
74.55476
33.39897
10.00473
16.03915
73.12524
67.68505
90.11885
6.71312
17.44946
74.33805
32.64777
66.59795
53.43976
9.80269
38.10362
36.32933
89.74780
58.19520
93.79465
52.78028
28.83890
38.47180
14.64545
91.05187
13.63832
87.73218
44.57369
4.45359
51.58844
34.51556
26.57846
81.22120
23.88042
95.53568
51.07569
32.35627
14.26261
54.30881
17.41468
47.52618
46.96059
44.42309
85.58152
0.28425
4.20451
42.98513
65.05098
8.80841
66.22530
36.79406
0.38913
8.64087
42.50402
61.09022
69.92332
42.89923
1.11414
84.73352
23.74939
0.05255
32.49707
23.74172
21.98219
5.03452
20.66713
83.18464
30.93449
67.20831
89.23660
27.10407
89.61679
61.29116
58.03866
39.14637
85.04594
33.84140
24.77058
92.87546
95.88978
72.88692
38.56074
69.63610
97.69084
70.07269
59.73092
67.16528
58.57316
71.23502
90.71798
85.92792
5.42387
29.03221
55.79327
33.23495
59.57946
22.20208
1.25121
46.18637
79.41679
54.10877
29.52141
49.43319
11.32399
48.94329
14.12267
4.22237
47.37568
58.90679
27.24590
51.45902
53.80642
32.95792
78.71558
5.09678
89.26482
14.14304
90.84380
39.32132
7.75936
76.17165
44.55137
77.34493
17.40845
9.17227
75.09502
48.81693
21.91019
5.63887
36.62735
87.99745
55.99286
50.48675
72.16280
5.26506
5.91681
13.47501
47.14359
54.97041
35.51978
3.54895
44.61279
85.69805
64.12217
99.90387
11.65828
78.78755
41.57001
12.82667
75.86861
14.75892
93.32525
20.84006
63.06047
27.35837
21.71262
31.45255
17.70562
94.28085
2.84969
97.68287
24.91927
68.65779
84.01522
25.27843
9.58170
35.79606
83.48646
44.21842
62.60605
52.36770
15.67053
38.88758
52.90364
20.96543
42.61039
76.02740
43.86048
55.17198
65.80623
97.85495
57.34201
52.53660
79.34202
40.65577
61.64640
55.40940
3.77969
86.80920
99.47113
85.03324
48.63363
65.19909
0.29606
11.71192
44.14989
68.15807
85.41222
42.48820
1.82649
7.40170
14.07184
15.38524
47.22700
42.33524
64.34901
12.12252
23.08493
15.73487
67.92836
68.55387
62.80576
19.78077
27.41837
1.16836
26.93649
40.14699
77.17431
19.79693
27.48982
53.89662
48.08436
13.81752
49.32142
45.11379
36.42091
52.57617
71.78169
53.17511
26.34744
74.94191
81.87903
56.75614
5.64063
72.01721
45.68800
7.54660
98.25502
65.00543
38.92507
5.24347
45.42125
52.98732
16.79364
5.25083
11.91211
2.42787
36.76261
70.28012
79.80557
75.04444
70.10475
69.28313
92.66358
59.75144
57.05786
25.10721
43.23894
99.57955
40.82702
43.73798
84.23561
84.23993
38.87363
72.10973
27.02690
42.58602
3.67698
6.02121
37.46470
41.06307
36.90090
36.86465
43.15262
37.19880
29.17122
33.97454
97.95372
2.41774
92.27653
38.21644
39.43894
73.42392
89.99514
80.60292
15.33716
72.62825
86.59502
3.58345
47.90220
31.32195
58.30963
53.14931
24.80865
90.88976
20.30171
74.88994
56.96889
96.82497
94.67977
72.76714
10.28487
93.20443
65.28199
75.50306
60.20238
50.29037
27.01617
87.60723
21.47276
98.98041
4.35800
80.88302
96.11004
47.03485
32.53002
92.75557
51.85961
86.92034
51.83499
78.34199
71.66697
75.13803
88.86354
58.84526
0.22152
57.76598
33.48251
6.53346
14.80602
61.94855
63.00334
15.07728
53.69324
40.55440
49.78461
25.38744
62.68985
31.02059
10.72958
12.81368
87.48776
4.17401
54.99696
61.29957
70.88661
20.62453
23.07742
24.99460
92.75535
56.14419
65.05781
27.49034
27.24118
63.34899
67.07009
86.96911
5.93216
71.56705
54.86864
75.43375
85.93923
97.31033
74.61468
24.01707
62.19884
77.45409
37.75350
17.31808
58.41645
10.19614
72.13995
42.13388
81.76587
78.29422
45.90889
0.45737
84.36918
74.65786
81.21542
95.70265
72.03397
1.57453
28.46076
84.24718
29.93627
41.78589
3.55170
71.63865
57.98913
92.36232
58.25680
71.38820
50.70662
87.25792
10.08477
19.29620
0.04997
83.43243
65.79670
37.39376
71.99634
53.87993
62.62077
49.15400
42.61657
42.81378
4.44797
7.94042
79.67379
56.80369
35.46157
2.92210
52.88942
79.76340
50.32618
54.94265
69.43587
76.40098
57.73511
17.30652
84.08999
22.73276
67.95488
21.66086
98.28772
28.31985
27.14260
53.03296
35.96901
10.44039
15.99533
58.56479
77.50158
11.44757
55.24259
50.13003
6.39656
86.64508
32.23112
99.45229
71.32593
44.29797
77.16470
35.68437
77.42516
92.13141
48.53475
91.03468
60.47629
95.69502
49.72789
41.88755
73.17676
21.40889
21.84166
53.89300
30.11622
83.88681
99.19072
94.81743
33.54757
31.37873
82.28746
71.32983
70.28098
73.02637
43.29965
1.08437
0.98760
56.35916
88.26557
63.10106
69.66668
7.93544
79.75797
88.82171
68.08098
56.64843
94.76650
43.91634
47.98892
98.47460
22.99943
68.99271
62.15301
44.72001
63.03612
89.83977
35.64992
19.53641
4.34823
39.32449
17.59120
23.33860
66.41231
32.98065
36.48457
1.00755
75.85565
69.19968
5.66107
26.21991
67.02731
26.77542
23.10794
16.03020
54.50403
43.64538
70.80975
98.61096
19.39333
12.85850
94.29321
67.66633
33.78102
20.46534
80.70616
40.24924
88.52320
31.16223
29.99563
28.46233
8.83306
86.56813
60.58120
61.15135
5.12949
14.38743
53.75005
90.86840
50.63584
57.32314
7.02424
25.15083
74.47808
27.98800
12.10588
24.65853
98.44254
98.54116
87.69935
45.20178
58.81386
28.44314
62.98267
79.40141
61.65615
85.68372
20.47534
33.04165
64.16903
58.35004
39.27764
36.54632
77.81143
14.71970
5.87221
59.69166
83.93078
76.57621
97.65856
68.95459
42.95260
90.28977
77.44570
56.06631
1.86623
40.48855
9.80508
46.42496
84.54485
84.46310
67.51519
96.78726
34.68047
4.50960
41.79464
63.50299
84.02523
44.95401
24.43724
40.96653
81.08116
23.70076
31.36220
12.73535
54.00878
80.82161
45.06352
79.12096
42.43205
46.43189
40.08802
16.29766
94.77750
57.31445
18.07718
14.63008
1.64028
36.07840
33.01527
42.62298
61.38424
68.46132
75.16585
40.71418
87.65202
52.69678
46.26650
70.56422
31.96026
6.76616
11.89467
7.33155
76.48705
69.21548
45.44885
10.67374
50.00728
26.51813
23.76656
97.30196
80.70461
8.14522
25.22183
0.28253
11.85696
78.22451
19.36615
55.66294
2.27541
27.86369
45.07028
34.02320
71.20844
96.13910
76.29617
11.88813
84.89452
38.26304
80.37104
22.19670
89.20038
71.22103
24.72397
9.74000
79.97991
77.72217
24.13645
13.99688
54.33651
87.46852
47.38155
45.30687
54.88830
76.59523
88.75031
74.75485
36.89841
61.04232
5.92671
33.96520
51.43600
8.60357
96.67122
17.95539
72.19116
9.72986
31.13444
1.85188
26.91028
86.41744
16.89845
39.45176
17.86486
6.48256
11.12080
33.46589
80.89654
8.49333
8.77307
93.90421
45.14183
87.96523
76.49547
42.12880
54.45994
45.28056
31.68690
3.83600
30.91813
45.11779
47.61453
56.98598
77.69317
21.18073
64.46698
45.96037
21.35409
49.15439
5.18451
94.38496
96.44973
15.33786
75.73161
71.35203
7.71162
83.33249
9.38186
20.58057
43.42553
59.40714
21.27842
10.83409
58.26948
27.34394
48.03885
60.56399
59.96220
29.11497
11.59871
86.59636
4.42157
3.82855
83.38334
63.42198
38.91062
72.54357
86.97990
7.33771
87.53459
76.80415
1.53693
85.94292
71.56849
78.34063
29.45241
88.97781
36.73815
27.98095
93.90436
23.20861
2.74424
39.54960
77.48735
74.39811
82.61852
55.92775
93.92198
71.58473
56.09333
4.82806
50.30824
93.34649
26.39438
21.84488
23.06705
54.23493
53.47066
9.19075
24.86061
33.83690
76.95641
38.72645
87.42712
64.27324
43.23604
19.37150
13.11213
18.82331
60.63737
92.25244
64.47023
69.66414
46.92109
0.94876
97.96426
24.25302
57.91423
80.46926
5.61078
69.43637
21.07079
13.18358
70.91721
37.27089
62.11944
74.21298
8.05287
45.56166
60.64412
90.87057
51.51726
39.45909
58.03504
85.25881
95.92225
64.25830
69.07299
21.66827
36.66976
30.34002
59.02131
63.09731
15.57120
51.64828
42.92625
37.69848
84.98532
28.09924
35.51480
74.63788
84.31999
35.69653
19.47883
4.14011
62.07289
8.02793
64.25410
66.59509
17.26192
48.32697
65.04064
90.25133
88.32163
64.08908
28.66921
83.39322
52.94353
28.73114
93.55391
16.15016
88.59895
18.27223
67.86223
1.61153
22.57858
23.43209
37.42839
46.40437
28.78720
68.78695
65.70530
34.82612
64.60871
51.93720
77.62567
50.52317
0.02126
52.88946
76.41842
63.29888
38.66910
84.72786
54.84977
95.68908
75.02793
67.70213
20.30975
11.15090
6.51821
2.79391
32.26421
81.24579
45.93988
46.91464
5.22930
76.71431
43.58840
9.78414
50.06581
55.88521
12.18423
61.77076
98.22205
57.79291
25.73932
33.53766
50.49359
57.96450
85.33501
18.96931
46.00347
71.26863
37.48591
11.58331
24.98582
22.21201
25.77844
44.80966
87.56378
16.28767
0.72710
80.27710
47.46105
64.06545
18.66468
57.19422
52.57607
77.84581
54.37768
26.67565
58.95362
71.54303
87.09796
21.66295
68.70052
53.18982
87.62938
59.02149
2.03273
17.14527
14.53189
72.83766
14.28658
59.19026
73.31895
16.59608
42.68413
31.04957
39.52711
11.86935
22.14784
41.04477
96.78873
75.55207
51.02504
61.55574
44.69705
63.28003
17.70222
91.75780
29.77463
69.53503
85.41950
77.49283
59.03330
66.31734
48.07597
32.06585
24.35795
54.68715
20.59393
36.50847
25.34731
40.02261
39.38281
82.82547
46.76144
22.42788
90.65854
19.04442
73.47085
82.62491
90.32873
9.36436
51.03499
78.71523
43.69706
74.25516
83.21253
6.73877
35.27152
32.08425
45.89326
19.54232
64.87991
93.62490
10.20712
31.94764
39.68858
6.95538
84.45500
94.20347
16.56825
47.63995
77.15298
47.75105
46.94504
28.16831
27.06978
91.61209
15.81453
97.16748
33.79043
59.12531
76.83060
0.62637
21.09092
53.75846
42.38148
49.23866
99.14673
92.72251
26.99741
32.83957
85.97109
20.35217
94.29561
6.47016
40.37969
36.49042
82.21810
86.83871
8.78390
28.63786
86.63143
7.08638
37.56175
69.98592
60.54312
38.64185
67.90621
69.22586
81.37163
49.17124
0.74448
76.57111
68.30353
81.05548
87.64535
21.25834
48.84119
37.23609
51.23574
12.46983
38.70214
48.97121
40.35423
55.74991
8.55741
37.36855
9.73138
80.38815
85.64437
0.35356
25.50844
10.18380
7.55490
91.60914
13.17549
44.70830
35.74842
47.44504
15.32606
19.06189
70.08201
88.12690
77.83852
71.36868
18.36681
74.30374
99.91425
48.82622
84.75066
81.45056
75.48707
87.27440
74.70539
89.51593
11.49611
47.72744
23.13758
85.00383
34.98208
65.32416
52.94319
45.96346
18.03168
17.14665
34.13575
45.43864
89.44548
12.98185
61.57807
74.44596
17.24090
31.08786
85.18107
88.25547
32.47585
82.39050
13.61267
76.28184
60.06704
20.85999
54.51754
84.03591
0.78736
77.82318
62.92104
98.55196
54.09489
57.99897
78.06896
48.02322
48.17684
20.88931
80.90120
44.54203
52.95703
84.28467
72.08183
31.58610
77.53254
35.23816
64.63102
47.13602
56.63482
61.71907
57.07320
32.24682
6.16490
13.96818
5.43115
33.11707
60.03644
44.52103
21.59375
50.05013
72.67734
7.89704
51.22727
81.37627
61.73776
50.70609
14.89795
19.86993
44.26032
17.24734
42.79203
43.07826
33.65299
9.72696
81.28869
40.48626
87.20963
51.52336
88.68239
14.70498
72.37717
43.88870
85.79768
14.24890
71.72155
99.20138
20.64754
31.30908
52.83660
58.41804
33.77656
11.70441
59.51623
37.18110
4.97677
35.43003
33.60143
61.26786
51.10158
83.88664
89.34604
75.36446
61.67809
74.59470
72.63220
4.97931
13.05870
19.57444
37.37356
89.43428
3.58445
84.16854
92.18965
51.45865
1.17274
64.37714
61.98531
87.14156
88.06569
28.83737
46.52467
3.73962
23.89638
96.17168
11.18041
70.40706
79.37432
60.68826
55.28556
76.05697
27.32677
96.58618
88.02275
89.31377
1.63699
61.43539
87.81006
73.94979
85.91008
61.47530
49.54077
87.28685
87.09829
48.33424
17.59917
87.18648
59.26593
30.25861
0.59568
20.02415
16.02910
16.00186
53.39216
11.03892
64.75880
53.30840
13.52881
23.94858
71.33576
66.33612
39.80079
38.08522
62.61112
36.59490
2.28019
21.93393
83.52087
74.08704
19.09094
65.01745
53.08575
96.32555
92.51515
94.41055
83.12459
62.32362
44.30394
6.31122
95.05521
3.04681
38.36022
56.39297
20.50697
92.77934
37.13648
27.59269
43.31634
55.88825
73.87355
27.53276
46.14850
33.43077
9.15993
63.50533
66.36761
96.68138
1.17824
50.51589
61.48684
57.57973
79.52764
19.78395
5.78065
4.96414
88.13438
14.97106
68.01147
53.65190
22.34062
91.33415
44.30445
87.75806
49.79000
40.34669
74.26793
40.48812
43.09920
67.22602
48.53704
68.30059
52.90544
17.80082
31.39572
20.21875
3.27969
3.02164
3.74165
13.90044
99.15533
55.73445
51.34411
52.23569
46.36826
85.23303
2.63795
12.34468
17.66613
37.98288
81.19157
57.15403
65.07498
86.45784
7.24900
25.72976
95.60529
35.77872
65.28065
80.55763
11.46783
12.27837
98.62374
71.60674
53.52769
75.57721
39.82137
45.88772
70.22877
88.25881
22.92543
43.07888
82.32367
17.54581
81.40224
62.33802
31.56525
65.99376
55.02458
24.59227
9.74565
53.07287
91.92968
69.20166
76.57670
29.93677
26.52517
47.34646
70.20788
88.40453
9.09632
72.21670
15.07613
35.10516
99.82058
2.07303
25.18263
51.03858
25.81202
0.80770
10.17957
81.76188
99.98013
24.65666
12.38101
62.33716
43.79356
91.33783
34.91251
48.57582
47.88274
97.26442
68.59715
73.60388
9.86292
25.95886
79.41213
9.97855
54.82234
75.48856
75.95255
48.07378
36.05258
62.65223
64.82244
22.74578
9.48636
48.82547
77.29442
15.21882
16.16930
60.68458
21.45283
23.72552
10.86444
7.30030
49.30132
96.17131
32.98816
98.11569
98.59713
8.52901
23.59570
25.65956
79.68262
17.58731
48.89513
23.40677
83.55897
14.88997
50.71206
34.99199
83.70015
89.25739
1.66847
80.88452
74.48819
66.47156
14.84716
65.03921
51.14819
8.44964
86.64997
94.07177
96.02278
22.52180
92.36587
82.64688
94.45617
79.87213
83.28781
0.81085
67.63751
35.96046
94.58600
87.43722
83.46595
67.18741
71.84791
87.34072
6.49604
39.55547
29.60996
24.31931
63.54719
38.37496
78.21003
52.13770
66.06451
8.77119
16.52294
84.50932
23.86207
26.65217
85.92901
81.87804
46.67524
71.21995
81.25680
67.89980
34.28886
2.60642
95.42215
35.46274
97.09923
54.69069
26.15704
46.55316
22.97849
20.81087
64.83974
72.96364
18.95921
11.24176
80.36131
49.10657
18.88080
99.41798
83.77259
75.73137
97.91016
27.49322
26.70948
41.70251
17.91811
10.98903
76.66346
54.11209
78.66946
98.71560
41.20267
9.33001
71.39321
25.70551
64.16154
37.56765
86.62985
12.24586
96.75976
57.90155
22.37736
24.22181
1.13990
22.69992
12.64202
91.29436
42.30816
38.18972
23.99829
48.59666
47.86488
92.63970
14.90393
62.63847
65.74399
6.24273
65.82610
32.22322
68.40740
28.57267
17.86445
20.22758
23.18797
30.36200
20.55450
33.93665
46.77378
77.05772
77.70943
57.22564
2.80225
7.18879
19.81175
71.80757
75.67260
73.93019
68.37423
38.25134
80.04774
46.54262
77.38135
15.13316
88.90275
46.03706
23.50707
41.61553
30.75334
86.40147
32.83889
15.65681
92.24560
14.23905
84.50255
13.96406
87.53318
90.60976
37.44756
14.77365
73.76585
39.14806
89.77307
79.94083
39.77961
64.98114
44.08544
73.18067
73.85438
49.64376
76.11791
56.93794
65.47102
75.28454
45.98799
39.94547
68.13090
83.60899
82.13164
87.85673
32.47553
51.81329
89.06521
37.27311
99.54496
22.53046
0.17132
98.25030
65.49261
11.14826
6.00091
80.24104
96.03286
78.22677
14.85561
25.97307
78.00816
30.85087
41.79056
8.56264
13.49723
5.05064
63.59732
8.79914
71.12483
20.71428
15.17083
83.62561
18.30274
27.50212
15.51066
0.36688
20.75110
87.54813
72.50703
6.77340
72.39784
79.77725
96.82416
98.97987
47.74590
37.56099
81.66780
93.35109
78.10600
58.55101
18.40880
61.26216
52.48609
68.53782
58.98754
97.40362
54.62651
69.64202
51.60934
79.82586
48.28756
9.63135
53.15360
1.00730
5.00845
17.09290
17.32707
62.36515
69.45054
58.86238
96.20998
43.97231
88.57953
21.26397
81.06704
41.02095
3.55013
27.94438
70.62275
39.19652
69.88011
61.96163
71.22566
48.64080
47.56294
60.20717
42.74412
40.74043
14.30037
0.80381
20.93035
3.07238
19.07160
72.74687
70.28173
49.70136
15.95578
96.37538
85.18845
46.14261
96.12425
47.77968
57.37714
27.35412
32.91008
86.89619
79.23783
43.15307
65.67083
46.27147
67.97227
29.64365
56.98395
13.83670
28.24002
21.82449
56.42101
96.57839
38.79227
42.20823
41.46358
84.22625
3.16620
16.15171
13.73396
44.28200
69.61373
90.54757
20.88555
66.19520
5.22395
65.90521
36.39746
51.83396
57.35127
4.48431
54.93225
76.13332
70.46025
47.79822
22.43610
33.13921
35.85993
95.66683
14.90565
93.99804
49.46088
91.00729
79.82007
36.18521
90.32596
43.88790
33.64678
29.75858
72.77175
79.42769
73.70274
34.89721
48.76463
34.96212
28.94123
69.71162
92.92811
78.35700
41.56860
41.97023
24.91624
64.66725
74.99487
76.84005
87.68253
94.18440
26.97635
68.92374
21.23304
38.50773
92.84585
96.60024
42.07824
83.94389
62.68660
33.12412
58.42018
32.80152
68.47683
73.49516
18.13940
23.82763
92.83387
85.92046
99.40513
41.74268
71.42965
78.08289
68.88980
53.60623
60.31825
33.92934
35.56023
61.21056
25.33647
34.63053
93.17540
63.35663
87.65085
71.81673
90.45244
13.64014
91.57865
99.00750
12.33190
60.33645
1.75785
78.58969
86.22831
4.88546
75.30498
66.45098
30.73937
93.68801
24.32396
60.89094
39.31222
41.58967
68.23889
73.34021
74.72486
55.66381
62.31228
4.24840
12.84285
96.59849
15.97427
9.55902
9.70409
16.11150
35.21581
16.53356
22.40057
53.50003
84.96032
15.46069
8.32481
58.09625
34.80424
51.30676
84.87122
9.78652
1.15902
29.70568
83.49308
89.61912
18.77097
23.63181
46.97856
44.40322
14.30069
50.39508
29.11785
39.74345
66.03377
57.33977
70.18562
28.27568
12.85262
58.49584
42.70167
63.32445
58.39094
73.05652
72.11952
67.78472
81.67344
96.60061
99.23457
17.89823
67.61633
35.49788
99.30801
90.94178
65.51417
40.15715
55.81948
97.25402
85.45056
47.90473
54.10202
28.16450
44.00087
68.76756
32.61290
61.12891
82.22671
5.01035
38.43098
74.68898
40.68807
29.50019
57.66761
19.93928
71.98179
72.63377
77.97993
52.12455
19.47442
84.20420
67.11145
70.27457
95.12475
70.48711
59.56032
91.76956
44.18942
50.57553
72.24144
48.50838
30.90112
80.66908
73.42449
11.93445
35.45202
52.26244
42.28856
44.06876
75.70956
77.19861
14.03341
40.92947
97.77184
89.11605
69.42891
39.70322
8.33664
54.30609
81.32002
22.03031
9.97824
15.34760
74.97416
8.05381
53.46230
70.79932
6.22504
8.48843
77.00765
20.06354
50.72852
48.53104
80.59727
24.16014
30.34729
18.99552
66.69941
83.93431
44.72363
42.05316
11.51508
45.13459
24.07241
33.93709
96.70353
47.83963
57.72239
2.07311
82.37905
9.02315
86.07267
87.85038
76.59524
33.38206
44.08302
25.62359
50.70761
95.12413
60.14918
49.22629
32.49669
25.79342
78.81546
89.52855
54.04933
40.58844
32.96946
23.85870
42.83685
86.50004
8.50329
12.96899
7.81057
83.62460
30.78694
92.57877
40.60114
14.12626
56.65430
21.86723
46.29377
1.27139
77.02460
27.36249
34.32175
93.61789
51.36045
47.14138
68.14674
32.14746
39.82744
65.80339
20.06452
89.36109
79.29957
24.15823
22.49274
34.36926
42.92534
86.32168
80.12652
30.73478
92.77494
6.75758
59.43987
25.15200
27.76463
96.94830
40.04137
27.44456
63.77991
37.40841
44.55333
66.09478
98.24397
61.48997
65.67430
52.98428
83.42025
46.95386
59.48781
72.60801
7.15970
30.36077
77.39188
11.04199
41.52652
4.81215
86.25610
55.69730
63.55939
27.80100
40.64963
69.74514
6.73339
97.60154
66.20388
70.86370
8.34774
61.82572
59.11642
10.63530
89.03213
4.30687
5.94123
40.07539
10.67001
73.19665
70.32195
55.45144
33.84691
74.93908
6.16743
45.07440
14.19208
55.31539
85.19065
3.37850
82.29363
51.30276
28.02042
36.51731
79.97251
87.41259
13.90865
86.25465
69.50458
85.72801
91.88056
96.32066
58.90241
41.82096
39.24189
17.39615
64.17264
19.33920
93.22847
74.01643
47.20788
38.48552
7.03810
85.15873
44.12845
90.26954
20.19805
66.32525
19.26967
67.46127
5.80538
32.83896
33.04372
70.77330
0.93186
98.58354
71.02155
5.45404
23.08007
72.76305
53.16500
28.58528
17.22206
65.64215
27.72425
4.73184
65.58751
76.53823
36.01240
11.57858
59.64614
7.18919
61.43798
30.09446
77.17153
58.30627
91.96937
11.56557
25.27305
82.91541
99.56037
52.02666
20.09766
67.77155
6.57418
45.94105
46.45902
14.28614
12.87075
43.32760
17.94963
31.27195
36.18183
91.02123
21.19160
62.84418
87.47141
87.70407
6.86034
61.28317
16.96243
73.69741
23.49142
70.32230
21.90779
98.32842
33.52608
10.78630
51.17246
12.89601
16.82604
88.73525
89.40966
19.84202
28.24833
89.26802
75.84371
24.77497
22.99756
54.22160
30.86682
56.50520
94.08004
20.48975
35.58074
23.91663
8.61951
76.88238
71.27320
22.69504
39.64228
76.54227
19.44026
1.18000
96.91935
77.08800
26.53465
23.79949
47.52364
15.68094
64.85316
94.80207
62.13567
66.95795
95.17333
18.38803
66.62683
31.03111
8.50878
59.37054
16.19800
76.37926
98.01840
1.31292
31.99996
84.44897
64.70132
14.46183
74.21173
65.51635
90.78840
57.03058
93.62517
89.89271
56.65648
85.67211
17.22325
61.47601
16.02146
11.65029
48.52440
47.67391
38.42864
40.60895
40.20593
49.66804
70.53615
28.52672
26.08810
2.14734
98.64295
57.28227
72.10468
66.10033
79.94781
84.74817
9.00317
10.32888
18.09764
94.80040
21.35659
42.48822
79.47997
29.63493
32.23448
85.42188
50.48698
91.32921
49.61287
97.46220
35.85561
10.19537
15.16081
53.20371
77.86052
41.56951
26.81916
98.64693
10.36320
74.24117
92.93707
95.16193
52.39274
9.41765
44.41502
43.60422
97.41187
24.09814
90.11413
80.16883
71.28777
71.96368
13.61820
87.28058
58.49123
90.06005
47.48444
54.01190
5.20460
97.47872
47.31962
78.41817
13.17389
65.03626
26.86398
4.22679
53.50440
64.57965
35.14557
88.02420
34.64197
20.57779
76.01681
98.48734
38.02445
34.18194
1.04687
31.17393
40.31858
64.19613
42.51845
63.66654
3.08342
87.26082
43.30319
97.91817
86.08908
20.45554
41.74260
88.63494
30.92506
29.34773
42.50649
37.46674
83.33879
78.82525
66.57982
19.72446
20.41125
92.67602
36.96680
65.55339
70.55673
11.61403
93.25155
58.22732
50.63080
31.25693
38.49522
16.70577
62.88254
77.72967
57.44560
43.73757
86.32428
22.69461
46.98490
94.09589
62.53754
62.10638
0.05722
51.93361
60.58925
75.86842
56.08335
3.51987
33.09130
41.12039
41.28842
60.55139
61.42205
1.95928
40.18352
2.64782
90.22494
51.05334
11.19103
12.75470
86.55397
44.77833
1.13088
83.91847
32.19142
24.81300
58.71056
87.42091
65.39372
9.12840
26.92256
46.16694
99.22702
89.75928
39.28600
40.66858
69.72581
49.12903
99.51066
22.49025
2.30442
34.32225
23.81628
82.76293
68.83849
42.81140
58.47753
69.73163
54.32824
40.79314
16.80609
21.28975
93.58480
90.68923
35.11859
2.85674
79.17611
59.87187
71.32216
24.80689
22.32955
60.96691
75.14616
80.89160
1.83675
29.88167
47.45739
99.42897
36.25244
59.92100
33.37892
87.67521
18.18230
22.55589
94.24330
10.22980
79.75147
85.15761
95.89858
23.25907
96.85227
90.29690
92.77761
83.59579
28.35429
95.02383
37.82377
20.02144
28.37562
95.86110
45.63206
27.63601
34.13520
26.65050
67.59498
20.33897
42.38628
36.65043
66.23578
3.69289
2.99692
88.18439
46.60611
47.12518
77.89438
27.52816
44.48384
81.16252
22.56209
93.99277
21.97856
94.81200
27.66365
92.04485
16.37913
85.57065
92.28995
96.22709
58.82549
71.46804
26.43676
35.51330
68.95317
99.34536
62.27550
34.73675
70.07362
94.48336
81.19607
77.89483
53.55201
28.71480
91.15391
22.54186
64.62281
94.94223
96.34789
51.60218
68.43577
93.99673
15.67763
94.73520
15.47034
79.11124
15.49177
23.56374
51.72662
24.80536
94.37274
94.52735
93.88418
72.19382
12.45100
91.65338
27.39930
40.59335
66.94784
1.05624
82.75959
33.28696
21.29922
33.14177
65.75826
7.48003
54.17112
2.02647
31.27102
15.07133
65.14592
41.77438
91.00245
49.63181
69.55103
40.87227
18.65021
94.97796
50.60328
41.77080
52.05853
96.69486
71.87084
36.80779
55.74243
26.61085
48.26637
77.97754
19.39991
66.92715
76.06845
9.04625
82.24581
82.39035
63.65515
46.23180
55.05045
10.55749
54.09023
74.32585
72.17600
81.00440
82.36850
75.54238
71.77573
61.38921
81.82828
6.13219
68.53462
20.58649
96.40089
84.28888
35.63319
77.27573
27.27379
61.70119
98.59873
39.65125
53.99699
76.87664
75.01369
16.87385
68.18990
14.37344
92.53542
54.93804
59.51964
28.58674
53.31431
74.60940
43.76347
91.84917
75.12129
92.47666
6.03953
63.28815
70.89519
13.45239
35.96261
81.44204
0.41808
99.24773
50.44567
5.96373
80.18387
51.25500
45.43479
9.68598
15.22619
70.19742
86.36926
8.09449
7.60096
6.38396
28.96919
40.32499
43.05127
67.31863
82.76589
72.73026
61.65338
77.39749
14.95245
86.17542
86.00550
24.43110
87.27896
58.35397
50.07785
46.24658
9.60113
52.67321
38.10654
94.43497
69.63226
43.13790
81.01143
78.98540
69.34204
54.47814
31.67494
16.43116
44.60342
98.48598
39.11363
65.60124
12.83694
49.32766
72.51587
96.08937
32.68755
29.92235
20.13485
72.27320
68.39004
69.21103
0.49393
10.44495
99.83505
27.35840
50.71718
72.62917
48.53230
6.46280
1.25004
31.51429
50.93762
38.50701
42.87218
22.71190
96.51953
14.16052
74.02730
18.53333
23.88584
77.37794
30.50312
76.70409
21.83374
16.12043
22.71030
0.40307
0.09701
26.62920
44.54880
90.93953
34.83309
82.03676
71.29310
73.02767
70.88116
64.60835
88.78933
55.97406
85.51019
93.29171
93.38818
44.02999
57.60249
55.20108
50.05758
18.67735
67.63301
37.46825
50.33770
36.24840
5.11587
74.47001
50.90907
44.90952
73.99797
77.97437
89.75010
44.96133
20.42196
44.63493
89.32880
73.19389
14.96603
61.21608
71.36949
44.31947
26.80378
5.27381
53.87678
4.97476
63.50760
83.82880
84.39319
36.97294
25.95139
41.85542
84.64294
65.06462
8.03329
50.35393
43.31522
2.90748
7.04997
88.34683
19.12935
94.92030
86.46880
98.57398
14.09453
83.41498
4.20312
2.85050
32.06061
0.36393
3.70005
51.31097
68.78302
87.80184
42.09213
83.98696
61.52466
96.48215
67.16312
61.52198
22.21017
91.96270
49.15249
0.41520
71.64723
91.68668
27.11033
80.34011
6.27066
10.29672
48.56630
88.00447
58.46759
16.07150
57.02573
19.67787
94.22285
84.16366
11.19200
8.25131
60.11876
92.36354
36.30975
48.78866
70.92393
23.86880
0.10418
90.90102
68.32614
80.32290
57.35591
3.76621
56.50613
8.96681
76.74086
31.85286
25.88134
47.94048
90.65626
81.64409
11.10376
81.67733
53.35267
26.57592
97.42416
41.08909
74.69812
56.91152
68.37585
69.19078
33.22752
23.03507
36.72292
96.83865
31.66198
58.69636
91.43935
9.69248
9.43471
34.13437
60.04829
42.61345
10.20506
97.80888
15.57085
54.86266
67.25103
29.67559
28.47994
98.48244
30.61885
98.30122
85.29074
29.31655
40.74899
48.76906
36.10842
56.95647
60.65812
78.54890
81.78107
45.78731
69.08416
31.59947
27.58457
72.45352
43.62509
6.71091
56.86335
98.67827
51.92947
60.14006
64.78084
78.43147
38.06266
17.12172
83.35862
51.05709
93.30904
23.72816
83.39724
33.50112
78.56269
18.13382
19.16801
51.94146
91.90386
50.48727
9.38572
59.36169
59.78962
81.81192
49.58211
73.75841
47.70074
57.43097
2.10357
65.95612
23.62030
10.69940
1.10057
64.90723
38.64676
2.95960
21.03203
90.20953
2.48971
6.73319
9.29974
90.31304
66.99283
30.29594
88.88581
44.60954
25.51718
89.50776
0.13661
84.89480
42.80752
64.83232
38.49998
83.93855
86.31407
45.77497
83.39641
70.53686
82.82003
18.19722
51.49843
54.66507
42.27830
43.50988
98.51064
19.30046
76.79259
10.97466
12.98168
73.85375
26.24406
11.00384
18.14397
82.92352
54.73107
54.59643
76.24359
43.50052
54.60865
87.97528
20.07767
99.63668
9.09660
83.77870
42.54082
66.28927
21.98747
70.49017
94.29216
91.80523
24.58695
28.21692
92.46876
10.81756
39.94414
11.96261
57.85831
78.01315
74.49796
87.25753
47.85821
33.70575
76.01011
31.68825
41.51028
10.54314
4.71392
69.33397
43.59940
62.41771
27.87437
59.88858
24.79285
73.80443
55.25620
61.50071
11.43153
32.36158
59.73968
72.87879
71.82842
56.07024
48.20755
86.15396
20.28828
9.56372
30.16653
60.80068
69.99175
27.16204
38.14406
90.92996
89.19293
99.44396
92.31395
8.16867
57.20685
33.63240
71.94024
17.33696
67.85977
88.38583
48.55004
6.73363
69.87722
49.75207
43.39605
83.41931
53.71868
57.41768
0.67405
42.32381
55.33742
80.04895
3.15400
84.34646
6.74903
15.34253
96.08031
21.69172
83.60025
94.64665
10.33956
91.06177
12.44213
55.68409
69.24724
77.93635
40.59381
18.34707
58.39383
86.38377
19.63132
83.89309
63.31787
36.28834
25.99057
33.12541
83.90381
35.25982
70.61056
31.02189
7.06629
21.68077
32.29462
28.94772
51.01263
20.45517
5.71416
14.07210
82.31008
35.68000
99.41385
1.85043
66.23983
60.01692
77.77038
81.10014
91.13079
65.87669
78.08587
94.09905
20.01484
89.98735
74.49325
32.30837
4.43593
1.03254
42.49477
3.73425
44.87438
76.41387
75.14380
34.51971
27.83827
74.15179
18.61930
8.07027
39.52328
51.40056
72.75310
40.35544
41.91077
64.34504
64.25157
45.64535
51.91288
19.59861
72.70861
82.79807
92.85329
74.48320
1.94769
34.04786
62.03558
80.11268
33.76206
64.19963
37.31021
24.27652
9.77199
39.77568
47.43463
33.90681
57.60308
83.82383
71.40541
85.14759
14.14674
37.08383
77.74534
95.72165
10.71711
34.89499
94.71680
39.87415
51.50286
81.05024
1.80746
33.72585
75.13570
23.09663
15.41916
13.14193
28.04498
28.27115
33.59575
49.11214
14.73493
77.78600
87.28232
65.79555
73.42975
26.00361
33.33628
81.56165
38.55885
77.38308
58.57473
33.87846
15.54043
1.43248
65.51599
54.42495
14.14777
0.02068
36.03635
2.45998
99.77832
10.91499
10.92405
62.02736
2.88808
62.98201
18.76855
71.62443
58.02384
81.89089
91.69511
87.92304
31.47812
38.10163
51.30931
59.17500
87.21736
6.84244
41.68712
58.98225
85.14473
80.57815
1.74232
21.09662
50.84894
48.88026
84.10726
2.95487
56.09108
35.48676
12.69330
21.71717
52.56755
50.39365
92.26172
95.25425
69.79342
25.42961
74.01520
30.32132
49.31401
17.75971
54.79924
93.77269
69.08349
82.05045
91.15216
53.93915
75.62677
74.29707
75.59761
54.17177
3.65076
48.39103
40.67967
74.28835
30.93929
43.50730
72.63370
75.33173
88.35615
37.11105
27.18738
79.64088
35.69430
11.13896
58.27793
36.77174
23.64519
19.17815
88.02467
11.80612
99.88754
39.40823
5.19032
2.32502
44.85203
52.93550
82.55696
66.52099
63.94004
16.14955
50.35132
47.15510
93.78813
97.70954
96.26650
11.96712
12.17532
61.21102
38.32106
36.12221
45.29365
70.20072
45.30957
50.13609
62.54688
70.35010
27.15762
90.96911
17.87254
50.14290
16.86809
58.56830
16.03392
33.97326
85.82950
23.43715
95.47187
44.38360
75.70075
73.41921
3.75456
42.70376
95.66317
29.86594
96.47682
91.03925
43.09910
45.54358
28.86055
42.63356
66.75570
35.39696
39.21604
66.60590
2.44667
43.63496
73.11302
31.13248
72.70787
14.03140
35.25697
62.28609
60.00449
82.99126
85.90444
93.40635
38.80495
9.76723
39.57409
3.01288
48.94599
41.97848
83.80654
41.06706
93.32111
32.02451
66.54983
77.23560
57.24894
16.80673
52.77271
7.33212
51.19627
65.03487
45.49651
61.47857
25.53356
77.99092
27.06550
87.96716
42.58323
43.07326
16.30912
81.25638
5.44081
31.96644
96.31639
46.37661
34.82793
25.94012
48.47487
77.46192
25.92020
29.89002
7.40424
88.75153
7.24379
88.66639
63.11205
86.70175
51.76755
2.57420
65.13677
21.89072
42.71922
67.23199
7.37282
61.03960
89.63839
69.61971
67.51148
42.20276
0.58420
1.09726
89.24633
98.31072
72.60374
82.55173
30.65648
7.00947
40.89583
72.82383
71.63077
43.91072
86.23735
22.65840
75.79758
3.48948
49.39101
44.56728
55.79402
52.21302
54.99582
54.32221
12.59118
88.67191
64.00287
64.92975
63.11973
11.01335
7.76558
10.38972
68.27399
6.58849
31.21957
75.90926
42.34350
26.28169
44.79412
94.54792
66.50378
7.39115
88.21874
31.32687
58.86976
56.15917
23.04508
4.61631
67.99347
76.03746
54.57036
47.74173
72.78964
92.71957
40.08909
24.26658
32.33977
24.02969
87.91542
70.38535
36.45060
4.44124
51.83711
53.22359
26.76006
72.76607
79.35351
55.55467
53.32028
59.85045
52.09372
97.76419
77.37712
96.00365
91.58404
89.04561
89.46411
50.13322
45.53668
18.79461
18.65608
54.97315
52.23005
50.63499
23.36237
39.15195
90.30757
14.04369
40.54041
74.17676
56.32339
11.16388
15.64078
44.02393
89.12305
70.66512
10.52532
76.06029
81.72818
10.04860
5.43156
2.23214
53.02895
70.14904
80.99579
0.51434
47.92788
27.23688
70.25303
13.87013
19.32172
76.70950
31.33020
56.63444
2.41406
34.07165
77.33213
66.63260
59.19422
4.72400
93.04997
52.12497
37.24573
88.98336
5.01552
51.50265
65.41847
90.49623
82.42623
90.76137
47.08419
32.96450
69.02477
18.95000
57.42350
34.00213
71.74705
38.90409
34.46099
84.47661
75.44299
83.87365
16.08586
80.96936
61.63768
94.83660
81.01453
42.84774
75.50890
40.56799
91.58160
54.17021
16.93100
70.76166
9.81674
30.63403
91.21886
33.18710
28.64736
78.35741
58.94425
82.32954
53.68273
86.85718
91.22209
6.27466
17.09991
7.26598
36.28168
82.80451
46.90705
74.62330
37.69372
61.40869
55.48164
34.39782
74.79112
55.98606
65.01951
62.04398
49.10835
31.26140
2.83698
71.99864
56.84017
29.99997
58.24161
98.93452
40.51507
16.48254
9.81912
89.24496
72.41098
15.36008
46.59132
86.19674
70.60693
68.61859
67.57262
29.30395
73.67797
59.45444
63.78010
88.15646
98.40622
99.15381
64.14316
76.56959
61.46778
26.22334
53.61991
64.08446
47.53805
75.01648
17.19319
10.60355
78.20130
0.52906
14.64102
63.12788
28.88919
97.54755
11.48438
22.08961
88.63209
58.85214
26.01612
46.03366
57.63126
0.68242
76.18185
94.12547
95.20996
89.89961
2.93873
9.29344
88.88752
34.47815
6.27681
40.41345
44.84939
26.93970
26.31592
81.77473
13.88025
35.81573
27.89318
37.75405
52.85403
39.32048
83.76038
22.34789
58.30364
60.64001
84.80742
15.30264
23.88795
58.23617
11.12943
2.37147
29.06182
32.76927
47.53290
21.23055
68.13874
55.25250
39.54951
15.43687
28.33740
95.18598
42.06462
14.69629
91.89343
31.37861
20.54639
61.14672
25.29224
66.95360
17.20526
86.72938
92.87633
79.45109
34.42094
84.21300
82.41067
0.61109
32.28483
26.77100
42.62669
94.36229
65.41943
30.26016
66.05816
70.19677
58.00392
46.68389
95.49343
28.75985
42.78950
16.97262
40.04740
42.14515
81.67075
46.78278
95.85189
85.42208
59.38334
31.55706
89.81893
22.89210
31.35374
76.51071
87.09469
59.54586
89.13835
69.91777
66.48014
85.34980
1.46981
53.18546
87.70905
72.01547
43.47714
90.74801
85.42334
71.88922
47.33744
1.85046
73.31373
57.44252
73.94195
55.68920
83.71962
97.01039
58.33851
31.72080
73.11681
43.05830
98.88077
95.49588
63.25091
82.78951
35.69960
16.23533
55.74330
35.01802
23.14039
8.55015
33.77271
43.55810
57.76570
70.58195
75.76904
53.82393
79.54314
99.13433
84.25877
37.01535
90.43795
67.63693
67.71667
66.57350
22.21170
98.62634
94.80668
48.44752
50.59339
11.42372
28.26652
98.06061
97.92251
88.91219
34.13585
19.96350
50.18703
12.85166
40.75940
29.01798
97.60068
65.88759
58.05859
54.68458
23.13258
53.81700
66.80955
82.82771
42.60041
42.29898
84.51051
93.59843
34.32723
19.46774
79.57493
3.48923
50.16498
68.19497
66.44943
50.68641
68.07798
75.33467
50.97508
87.30114
28.21640
37.15763
46.55934
17.11200
56.44256
57.27534
82.53509
26.56169
96.22687
45.97315
85.43219
67.31963
73.13734
78.27837
50.22751
43.29012
84.35614
71.38813
66.82707
39.47910
25.26306
6.12801
5.39984
35.70653
74.63552
29.28528
61.58768
32.99193
69.23408
16.00293
86.02168
93.95304
2.46623
7.28185
8.55749
37.53537
79.18027
0.65626
91.20486
3.85197
11.24536
40.94121
86.70623
76.82392
75.28903
76.29162
90.60880
86.77919
94.24244
16.17951
52.18105
86.39059
49.88926
80.80835
1.52312
98.26336
62.48643
61.65805
70.98998
18.83667
11.38526
48.35916
80.41543
95.80997
16.46211
0.50416
55.56197
3.88191
55.12656
78.63644
83.37148
68.08957
95.60744
80.59586
96.91931
26.78518
3.64942
22.84784
89.96538
59.75485
30.29749
23.56247
96.33954
80.21147
43.84799
4.87162
59.46088
58.85308
2.89337
18.89946
33.61412
12.10710
73.68901
59.48167
9.40565
35.54778
64.29428
52.93825
26.65188
48.05333
81.15857
78.10589
76.23414
7.21102
22.26514
99.71461
62.84873
54.18243
49.75763
54.93200
99.55706
13.04581
68.69643
56.71683
63.84829
33.33754
44.13510
50.93933
80.93006
49.77327
54.57623
75.52298
54.33718
57.73725
25.05871
88.45286
54.75723
22.16279
53.97214
33.47103
27.54204
16.18661
21.34817
99.19240
38.74830
64.98293
85.38993
39.87347
65.76644
17.88187
60.40172
12.82104
88.87983
35.26986
84.11795
61.51884
60.34553
69.01280
46.36408
28.40385
51.31498
45.93648
97.16467
79.87037
14.69886
70.00055
99.13716
74.34415
90.73232
53.59410
41.15848
46.50717
78.51211
72.37878
67.45078
8.43222
63.49311
57.12904
50.44865
94.84239
59.10186
47.93553
92.76851
58.20758
48.44077
20.79034
35.73564
27.29888
67.95154
99.53272
9.82316
40.67089
74.91251
95.11852
78.53036
62.84052
80.01870
84.10669
35.08440
83.56496
0.26546
3.61738
70.03418
36.22136
86.89117
19.40665
54.77906
96.32710
74.25949
57.34748
70.91002
2.52485
41.10790
86.66165
12.98460
67.76442
8.68529
48.12017
53.05377
61.95954
20.31326
31.70783
37.38150
44.09008
43.77839
89.93416
32.75719
19.27754
64.13820
1.39334
83.58098
34.30739
78.44096
70.76069
63.12089
35.47533
13.43693
91.76493
49.71591
46.45251
18.42402
35.89481
23.39263
63.57603
69.68992
36.54752
54.23804
65.95426
56.40123
60.30035
72.71758
94.57172
2.57177
80.03356
4.82282
10.87823
79.06309
45.25253
8.94441
25.16691
82.95491
10.46326
77.93001
68.66849
44.75287
58.68089
46.34120
25.69239
24.88387
97.75065
55.64366
94.52531
33.29283
0.04152
43.74270
7.92886
88.00921
59.10912
71.64582
14.04487
81.15642
0.66273
66.62602
77.66752
23.99946
59.12257
66.80253
24.11405
42.58229
12.03491
23.25788
31.30388
32.06748
81.16955
94.84113
6.07746
3.32415
40.36604
6.35628
1.81070
27.03919
98.15751
58.04239
71.10802
39.44666
33.79836
73.41121
45.17081
40.32313
60.42680
37.90923
57.12848
24.25355
62.71190
11.45753
44.56170
40.24310
15.65359
42.32771
65.43181
78.11119
0.25151
72.35782
0.59982
80.29808
85.53585
22.40479
98.63634
97.31202
85.44233
16.00805
49.66527
3.28474
31.68561
61.25799
64.42836
23.11383
76.42392
36.87371
80.21684
60.08116
67.00167
59.96070
78.36512
37.68301
83.51881
98.95400
73.04257
46.26374
17.94584
16.62091
34.97986
59.71918
24.96888
41.87523
74.10289
41.07132
59.71988
96.86262
46.25377
32.44085
12.55616
47.42537
4.48847
1.64163
17.74486
75.53615
41.91611
12.35891
29.66250
75.88551
9.69245
72.56296
87.12501
38.52714
96.92221
90.70984
50.48726
77.94018
85.66929
54.95978
45.91616
21.99730
6.20383
26.05624
45.57743
95.95692
5.18451
31.96436
94.24133
95.46386
97.12034
73.76796
36.00132
57.03274
62.89118
85.74165
73.85074
69.93952
74.59894
80.51417
29.15785
21.41434
70.65682
44.65501
59.95164
71.68105
4.56983
77.34254
53.35590
0.74182
65.69707
50.10947
3.50160
61.54728
16.40992
26.35543
57.51141
6.48961
19.51897
60.92282
40.96729
98.08852
74.84896
84.48382
52.96096
44.92775
1.06103
67.81164
20.70541
24.12888
97.67266
76.66595
50.78966
2.31481
13.97209
27.20297
27.00907
12.49430
96.07082
20.34319
31.95606
5.61677
7.84650
97.01545
15.82749
49.54758
68.91744
89.89058
18.67788
83.64987
2.89826
24.56739
35.73813
61.10418
75.05133
53.97383
44.52973
45.10669
18.45044
70.78431
56.24851
96.53663
21.74059
92.73892
95.90634
1.50797
55.40889
16.60695
40.36193
72.70752
23.35986
63.09606
23.44738
85.39119
23.76798
1.44993
1.17763
76.09646
46.20493
95.42341
25.38155
30.28766
98.17773
1.69753
37.32648
69.73798
59.10741
25.57690
90.89231
77.33892
6.13943
9.85287
46.79497
53.93862
34.58538
38.87371
60.69619
54.50217
41.98590
90.56771
25.90650
26.43087
50.71144
70.07537
52.65105
57.44090
20.53043
39.38143
11.01548
12.05104
92.50593
19.78307
10.16949
33.38262
25.68525
71.54524
80.43203
57.57489
41.37574
65.42549
79.65489
40.33423
50.02857
45.21353
64.32160
67.55858
95.23058
14.05799
40.33621
71.18610
31.16652
38.89839
4.98959
90.83096
73.73129
65.16264
70.88744
78.30395
12.75708
88.52397
59.07741
84.13118
66.00629
2.04392
29.11361
97.70024
15.71468
73.46738
47.58488
20.50454
95.60730
94.56425
98.76423
67.10271
30.73859
12.06775
34.37314
15.29593
1.51142
84.29937
52.43557
17.87192
86.18584
38.62305
7.66318
89.86572
22.40848
50.64822
65.75923
46.99805
96.59960
43.41616
59.84783
14.94662
47.17001
49.62468
14.70941
99.17828
57.93756
38.24458
7.83743
32.95451
65.20338
76.03467
45.37561
77.26212
13.27060
54.85911
1.56345
78.34567
22.73388
89.04768
88.30371
27.88785
0.76264
41.33671
12.47211
56.78325
7.64527
69.59063
95.40709
61.03284
96.25831
44.51673
92.41397
82.13060
94.11767
33.11837
75.31300
94.76771
80.09050
73.53065
91.93566
42.00638
30.98248
86.90119
93.36258
76.07513
43.63623
25.81332
62.28414
78.32107
9.54710
62.00410
2.42554
44.86647
75.33904
20.84459
28.82867
37.01250
36.47728
85.34681
30.60746
47.95676
61.57600
14.13164
92.75943
88.51478
73.61845
20.37610
88.28263
29.34720
25.26398
69.15784
5.31895
70.89914
40.24140
47.50711
65.32041
63.85750
39.71661
51.57428
76.40434
17.05183
77.16510
59.55071
21.08414
80.21958
85.13150
59.34487
13.91734
55.82876
9.32267
94.11099
12.11271
66.47211
58.35286
39.39151
74.19565
7.17039
53.50402
8.94426
90.39556
44.71130
21.08011
92.58326
8.66482
79.31008
24.46912
96.41687
55.96812
69.48477
56.42467
82.52810
85.58625
54.81162
80.40496
84.66848
20.23680
66.09981
2.95397
65.22838
38.37251
68.96164
79.58524
5.12289
6.92881
61.55682
8.69583
63.12732
89.71468
52.92433
10.14917
22.38146
48.01501
80.16088
91.74680
92.68002
19.81568
11.49236
57.36001
89.15104
46.52316
4.60600
83.40874
0.32575
42.07699
3.76010
2.53814
50.90607
95.53860
90.33760
57.45680
31.21391
31.80027
86.18379
48.31364
43.62382
82.17679
33.61365
18.19611
94.99339
95.19675
82.24203
21.31940
85.12765
6.95866
77.23032
2.33739
87.87899
15.05981
0.24068
55.31563
8.47961
55.73644
59.59597
54.66546
40.98901
59.18019
58.80194
64.39108
29.77192
88.57092
93.68170
44.55882
17.28654
57.03961
60.88719
32.84586
18.96844
48.95405
52.03531
89.08545
49.69826
97.17124
88.42561
90.92347
21.86254
24.59022
72.15787
15.08917
48.93624
47.66666
62.44879
79.61563
71.36889
71.81034
5.16368
25.70269
31.92170
47.41943
21.48461
71.09303
91.86659
74.67781
21.41136
57.59488
80.86271
97.07295
22.90023
78.32600
30.52945
0.53456
31.29158
77.11104
48.14817
93.81493
2.08571
26.31762
13.47070
5.15941
55.48909
63.81418
48.41563
79.97997
23.31773
89.38297
73.15192
27.33808
95.01421
19.17573
14.91315
24.80691
73.59354
34.79961
44.18477
94.70705
23.61276
70.27724
44.01557
21.76721
41.32926
38.03124
80.38389
87.06790
67.23053
7.72569
37.82992
70.34142
85.81235
17.83088
89.93957
71.32739
22.46333
15.00747
87.48372
79.32107
99.42264
94.51501
23.12285
9.57123
85.55056
76.25089
27.56128
50.70595
8.79566
1.75676
92.10330
39.32728
34.80528
7.38821
40.11501
36.62155
5.36232
14.35841
30.45824
50.81935
36.04807
36.20172
22.02234
92.14311
48.82865
51.78955
9.51137
45.62850
54.48401
41.78202
7.64155
7.11788
69.97135
51.42571
60.51310
92.81552
28.11475
77.65813
60.67305
14.39844
29.83042
49.00799
28.68099
87.01511
90.49100
62.80882
68.10735
43.63195
33.87382
39.23130
86.51372
91.03800
8.66666
23.45802
92.59510
73.23052
43.63426
84.28266
38.12576
98.32251
35.03721
61.55701
72.93573
68.33633
55.89059
26.97920
64.36855
30.84315
60.72983
86.04310
52.07474
1.05023
25.18002
59.62844
22.59312
93.09680
28.68567
0.06853
61.31747
21.31220
49.24892
8.98652
33.46609
29.54102
9.64633
20.01157
75.64835
81.16532
74.82976
35.06393
72.56923
85.24364
22.22145
6.61044
46.37684
25.70490
4.73877
50.81333
33.04134
62.44802
91.75974
71.59085
59.96938
90.64981
2.76993
60.35665
62.81415
47.24823
79.63713
28.67662
86.79908
22.47763
75.85468
43.48597
84.33224
82.18534
16.73007
22.51670
24.16615
53.22795
37.73124
3.08639
73.06833
85.41697
13.72869
84.99814
26.19218
11.87991
74.24246
75.30918
86.63176
33.40561
22.54329
51.46924
9.92083
4.31508
42.33636
84.86199
90.34708
41.30933
6.49243
71.38168
18.06055
88.69029
82.02456
89.98572
17.47442
95.67442
59.64119
32.07123
95.90776
5.21062
31.48219
99.98722
40.24994
64.89474
26.31039
13.14819
58.93902
71.93271
6.95275
42.13537
35.79957
71.91571
60.45459
98.17239
69.82393
17.36074
50.67627
95.07093
45.04197
49.64894
50.18291
71.97478
40.55246
20.17914
41.31593
53.85018
50.85284
5.94859
77.47632
39.03522
39.33450
82.67356
80.15371
93.48217
34.45492
38.69420
89.55038
99.87710
93.30508
11.38377
38.82813
40.65627
75.67593
0.23941
94.44591
20.62444
66.80572
32.20683
59.14958
39.52670
78.54075
18.63978
60.51530
94.07276
41.12545
5.69002
67.08293
34.32383
10.42508
48.75472
56.52920
45.89685
68.00555
7.21574
95.93274
61.37386
60.18623
12.29712
33.49750
77.89323
31.80851
49.53506
81.16150
17.28003
93.40091
84.29994
19.34674
16.10655
72.81086
1.67448
43.34237
54.37665
89.80635
31.84977
88.38067
20.84817
11.46027
34.04050
34.43175
34.01933
32.77753
73.76633
57.06353
94.49455
35.77861
66.25122
52.48019
33.36560
48.19080
22.82089
31.10703
2.02072
31.85363
0.57998
42.91707
86.23014
69.30827
29.96721
52.44696
77.84100
2.68082
85.21695
92.13444
62.97380
17.01896
11.10808
69.21033
93.76415
15.93670
0.41429
13.14296
75.71611
19.01696
28.06084
63.72587
42.76984
23.92905
3.40204
21.05871
62.67133
78.94485
58.01027
61.30843
73.09625
9.27780
47.20508
39.66802
96.44980
67.61706
22.64982
10.49929
61.00055
42.28496
81.91804
34.71835
78.15473
2.95372
82.71951
22.20467
37.02636
79.63589
33.79262
37.76808
52.34693
50.81408
96.61462
73.60744
44.93890
81.37303
44.45601
98.65765
80.63815
31.72327
80.10409
87.78621
19.46153
60.74264
16.74200
43.95934
70.12794
4.06420
21.22886
87.30128
81.28420
66.97350
8.45688
25.19313
39.77872
48.45463
26.33684
20.62197
57.18390
39.67071
1.51858
1.75117
71.78331
79.24292
94.52855
88.12936
17.81588
58.97187
89.36921
84.68359
11.90186
43.27083
72.08113
55.68544
79.61992
92.53588
32.42157
8.30346
80.74018
90.18415
36.34325
82.69644
84.76039
38.19758
88.05968
30.25863
36.86128
77.05673
0.45003
84.73437
68.74984
80.17183
69.88492
77.78380
11.07055
54.89722
54.85497
90.93186
75.70008
40.22851
15.72118
47.79378
60.61092
80.85753
11.53413
86.66206
20.51108
5.65511
10.64365
39.85770
92.53054
2.44278
8.39996
26.45858
9.50220
77.08258
9.02558
3.80940
5.20090
2.52124
77.18703
13.01869
92.87333
36.05878
5.25970
37.01630
12.98702
9.80821
90.85863
86.04153
21.27254
30.63501
99.74474
36.42917
81.91238
33.50836
80.28647
78.09144
33.64609
89.17515
38.77008
67.82512
57.33917
49.73775
7.09434
81.02530
59.13361
6.94574
66.19211
60.77797
16.60715
34.55189
71.02356
36.40791
13.48424
14.58653
49.11787
75.23208
89.23515
10.33699
55.74004
62.57367
87.80801
2.96039
17.66543
99.76978
19.92575
71.92989
72.57517
82.34993
1.33828
20.01919
31.21936
96.68127
3.50036
71.99463
37.59364
27.48742
53.25288
10.39462
89.90146
4.25635
10.71533
50.15590
0.43539
92.49346
68.63570
79.23700
3.69724
22.48779
41.59591
48.91946
93.40937
95.57538
39.63644
97.35001
44.22956
45.60974
77.23091
60.67135
85.58903
95.72492
41.15799
85.96228
58.53927
81.62156
83.40499
35.09795
68.23466
13.19924
74.66566
3.43919
92.05048
79.48100
57.06753
86.71428
84.54857
6.54962
31.61860
37.09619
6.03276
22.54256
99.71038
22.35321
58.26955
40.72321
78.87001
39.90622
74.91013
26.85760
42.62868
81.47491
99.04162
46.20807
43.11962
96.25509
42.09521
15.65109
83.29052
22.19427
50.75134
4.59648
53.88889
14.29030
11.16892
47.83963
66.84370
87.69821
15.03837
94.88053
97.78510
79.31417
59.32960
45.27452
22.69583
31.06852
10.47059
63.82799
35.46327
83.00192
78.35210
30.88609
49.88731
48.22598
24.19734
46.23910
25.76988
92.11720
32.27436
51.97691
69.94083
30.79311
1.77605
55.90132
16.36576
21.31859
76.13468
52.22780
92.79601
80.77972
43.47571
57.00750
46.57143
65.70416
74.76329
14.35175
2.54832
12.71551
14.48862
33.24775
35.64287
61.58244
6.54244
93.11391
77.23870
17.68976
33.31368
57.17677
55.63549
95.46194
91.28327
93.09756
59.40876
67.62366
51.90035
54.78831
55.80606
49.33415
92.22067
94.42730
65.49450
55.23001
71.12046
86.54608
12.41471
58.80621
99.34639
20.83827
24.99062
13.98252
25.58903
39.59212
41.29955
83.44016
61.05790
32.70154
37.19806
38.37229
94.14534
23.39628
43.63226
20.93815
16.08575
55.11992
47.66635
49.43354
39.67079
79.18694
29.27948
58.05794
51.88868
5.80599
70.00107
85.07255
43.66626
95.61787
89.39419
56.00886
89.93697
84.51892
1.48222
70.63641
12.08970
32.28573
41.85159
83.78749
75.28515
94.25329
16.28262
25.11171
78.40729
81.61226
53.20899
86.15416
7.56445
47.92551
61.92640
34.65662
88.09138
64.40841
23.93649
90.10365
70.66703
47.53412
63.26540
25.77300
40.91291
61.22210
29.68681
10.47193
62.16746
49.53259
1.01303
66.08797
17.74916
96.91284
1.60629
83.47021
60.93972
79.85527
85.16431
89.83168
76.00344
71.25193
20.46044
44.31818
14.17710
16.15249
55.23025
15.64300
21.93036
13.58053
40.48882
43.10612
7.02807
17.35348
0.60041
82.08243
7.35175
10.43494
53.28598
25.92666
74.48752
34.61775
14.28650
11.47248
38.69407
31.15575
89.88071
6.38608
91.65640
35.68396
82.05960
1.76721
58.83103
73.44747
94.96771
21.40753
8.67609
34.64976
17.46858
45.40806
64.00790
16.01714
11.73719
69.16768
36.25915
72.46255
44.07032
71.72089
49.18415
61.15740
89.28169
29.85341
99.21571
97.55564
96.82647
76.63669
60.48043
14.85884
84.62156
2.26396
32.92245
21.55243
61.53741
5.57599
36.67181
59.38668
57.80111
37.99139
18.23183
17.85665
64.31636
45.97435
11.85335
95.21271
21.02012
39.95740
46.85424
42.95525
93.68456
0.52812
46.65835
77.49744
17.46004
57.18538
48.86222
56.02947
61.70749
31.99728
8.42096
72.98587
74.87395
90.78357
0.06790
99.54699
29.78142
25.01813
56.92794
52.02758
0.85717
64.23422
7.47239
47.46703
90.67144
22.31218
5.76081
83.10108
6.31284
65.37162
66.95202
71.80192
86.18140
92.66967
86.92977
56.06812
83.87281
69.66097
31.61840
87.12538
84.90346
56.58374
74.81013
14.33879
85.35515
56.32575
47.98726
19.74805
17.68091
71.91481
4.49162
20.07263
80.91542
37.66856
64.38514
23.17572
48.84784
34.68841
74.56639
21.64857
95.73863
23.21125
78.73623
50.92534
60.24125
36.18619
94.66771
56.51441
15.37263
20.28681
12.29790
66.50048
90.73650
80.69759
71.77251
24.21127
24.79175
54.17704
28.47020
87.32518
40.96419
63.60861
94.19375
51.36699
44.27395
6.24767
40.42562
58.70301
58.05982
20.38768
70.44455
36.75242
95.14287
67.71073
14.87369
5.78391
81.28886
83.59126
35.00199
28.77159
90.73923
85.15609
35.87602
30.61252
14.81223
18.43598
31.92293
8.45138
50.30311
7.97803
11.80966
5.05954
12.25750
72.53399
50.15015
73.53411
15.30178
10.69402
87.17380
49.16933
72.28558
6.72988
84.97889
87.26713
5.91650
20.52609
11.82306
91.08104
69.38494
81.16505
57.48431
22.83298
20.45521
33.75947
50.71564
4.77762
80.16608
55.33966
15.12359
88.04795
9.86757
63.07402
70.80913
30.12589
49.27392
55.71275
5.93572
29.44759
62.52651
22.55520
1.57418
60.72868
63.29657
78.97476
65.99392
42.39731
80.14190
55.81513
46.45722
98.12403
46.83821
72.20970
77.97118
61.26673
47.15561
56.62487
25.67353
77.20418
67.69292
5.36378
78.10489
63.69997
29.11043
42.61304
71.64003
48.62334
18.54167
88.57495
39.50617
7.21246
4.94232
89.60012
98.52919
9.26965
51.94282
67.00957
32.28564
91.98058
60.01383
86.76964
16.79963
0.42370
57.36884
64.78396
27.16899
65.59667
52.35770
92.06628
99.10394
44.94234
3.05221
8.50827
2.90312
0.30185
77.59648
19.00162
73.61653
43.91696
87.85366
46.25214
31.11037
8.74623
35.61278
21.59170
75.41640
90.80163
10.63206
25.60489
88.22259
4.66030
75.93929
23.85876
65.15937
1.07113
41.08765
26.71182
38.64838
21.81757
78.69968
17.76442
51.37436
67.79510
55.65545
38.63814
10.01344
12.99381
14.25946
92.66889
22.19391
32.38521
28.22211
92.81921
38.77090
64.08973
32.72184
8.31962
87.08734
53.85398
91.18219
17.01689
59.79768
4.97908
23.35876
93.04232
21.21907
28.37543
77.02022
47.20078
18.57607
72.62090
76.99373
38.03062
3.73530
56.59507
56.18677
98.54002
75.91521
15.81566
89.73769
71.17431
86.96399
45.59371
51.87003
33.99488
69.08117
61.65674
85.41131
38.69845
54.56529
64.13564
25.34243
90.69073
40.56023
47.99522
93.34919
88.31579
38.68314
48.15344
29.56837
12.25442
39.03877
11.72420
73.13551
96.58977
32.34787
32.29287
22.62366
69.10825
97.30420
65.46824
89.27342
56.17473
16.93067
7.42098
89.88237
84.97319
81.91584
9.86724
89.99909
37.78503
21.40140
58.42053
70.62328
12.75119
71.60172
48.02006
95.03973
19.78009
34.05264
79.83196
37.26189
26.70607
4.40495
42.96051
53.94042
76.69958
59.52969
39.86399
70.81315
56.68087
86.86400
16.63796
2.43762
77.23770
72.22849
7.79936
97.74463
89.02522
80.63252
0.59864
29.61042
23.16868
19.32754
96.84159
35.90461
75.81891
52.77701
38.63274
30.80519
41.14323
6.26386
41.21429
21.71479
14.43096
23.97339
47.40813
57.77789
85.06304
37.96332
24.69717
65.91846
60.65464
8.21816
76.72641
0.71685
35.31304
44.00776
9.44411
4.53707
29.09140
22.03132
50.29428
92.99889
73.05097
71.67215
41.01192
1.05623
66.66761
86.22076
7.06840
44.90719
26.80582
88.63299
1.05358
22.52810
33.61222
96.72376
94.03274
21.14373
83.69174
76.70356
40.24396
73.83751
16.53954
62.74515
83.32356
51.30230
53.18525
10.42538
55.68255
71.77776
22.49239
87.87500
66.80816
92.70399
46.88725
41.57496
66.49559
55.92105
68.17066
25.02094
57.87869
49.41761
14.31479
88.54335
0.19985
51.07864
31.81002
80.20449
93.85894
52.07911
55.41319
55.07301
40.31135
50.40888
86.99641
62.04105
18.39745
39.74463
54.00527
96.93323
3.65371
17.18158
1.06518
4.13671
54.69338
45.58270
76.68275
50.60249
38.25846
72.35155
22.14435
60.26390
11.14098
77.46166
43.33656
47.91580
27.68417
27.45866
98.01274
84.74343
82.76058
82.48899
18.38005
74.56555
0.04397
36.95513
30.27344
13.07211
12.57316
40.64135
93.82467
87.63111
80.02703
92.50750
12.06557
52.96529
27.14280
35.82864
25.46495
0.44771
37.80843
29.58987
77.05598
44.75912
5.42667
4.21637
59.09123
98.78638
56.43638
7.62420
93.57386
83.74549
17.76678
71.99699
84.07995
11.45957
64.58587
85.71047
55.67715
32.97837
88.46040
59.34275
9.74583
0.21555
98.80302
54.21947
86.05781
17.45586
56.53756
10.37331
21.09875
17.21333
67.43069
27.09657
11.48842
29.94937
5.78639
91.17054
87.87855
79.52535
93.45541
19.31968
61.73424
43.26077
53.52865
59.48774
82.29982
27.75754
93.29116
36.26469
14.83363
42.60069
85.93301
42.43847
73.64470
5.32082
78.02764
80.79759
94.29393
15.59079
48.25536
65.83759
81.08697
26.50569
70.90699
40.01273
48.27150
37.38114
13.25556
80.65159
50.31778
74.72139
31.51460
97.59433
33.79602
32.05123
71.34734
36.78845
85.61889
29.42094
78.77292
0.90915
48.71043
43.32413
25.64210
33.59595
17.19070
5.44004
96.35822
39.13790
81.68772
77.07945
68.55188
3.39718
51.31445
92.12396
83.51275
55.45662
78.12965
35.84110
30.99286
32.66520
65.81378
15.62043
61.19044
62.28274
26.58866
98.39223
7.82148
20.93986
8.01693
0.58132
14.17097
41.76737
74.35736
66.25961
2.17286
74.38272
62.50565
11.15583
27.00759
95.00375
25.89011
95.95347
23.23954
88.97672
3.41436
30.35251
58.34609
63.60481
81.40543
7.31387
27.04312
73.87108
0.56876
29.46591
34.85150
38.92744
34.51280
4.24582
24.52254
44.74132
86.47986
56.81793
41.93066
34.46753
57.07537
75.08414
67.01058
69.19258
32.51966
18.82610
93.86964
69.10595
64.24177
78.60041
33.56594
35.23387
35.02884
27.99946
96.69555
90.96697
11.14515
83.26695
95.81171
64.93473
54.41967
87.13043
80.59931
45.90292
6.08905
47.15959
4.39438
20.64502
27.24673
83.57152
94.63842
17.16876
94.31917
13.81167
59.21429
67.85724
97.01427
62.65247
29.15610
70.27894
34.59980
82.67622
97.71413
92.66069
27.90298
85.02503
11.78679
38.73769
61.77116
17.49156
66.91631
50.52875
61.21408
10.29646
54.56913
30.07928
46.07007
74.63513
19.96614
84.26956
3.19974
39.83267
60.60542
14.05422
58.81657
94.74694
17.02209
2.97267
70.30976
57.85116
66.92129
50.08816
96.41603
45.66353
99.94150
91.53883
38.71704
64.08470
86.14059
86.07153
68.73840
10.96216
15.46280
80.62810
28.43230
41.07684
47.81847
8.06821
2.95811
67.91380
48.83081
91.49285
46.92451
5.94710
26.47704
3.27212
65.06041
92.65125
44.24679
20.04768
2.63782
86.46675
97.89696
65.16649
94.49039
3.95280
36.28634
13.68105
57.52074
73.60748
65.13002
64.51983
57.59737
44.15629
61.26250
18.60242
95.10514
25.46331
73.44406
56.54270
25.01173
56.07803
99.09372
0.00736
10.62834
91.06134
44.38379
85.94398
55.32605
68.12917
38.38057
62.14777
16.98568
38.38157
23.36707
38.83653
65.54311
13.09388
24.99349
30.51373
82.65087
83.19792
2.08969
83.41352
13.20547
12.39087
47.25400
63.84454
89.75682
14.62131
14.67265
38.65770
83.89863
29.37772
64.28972
20.28540
22.36553
17.39549
59.54867
51.19859
29.36428
64.22166
58.36544
17.28361
43.80431
31.74575
16.02218
70.75362
9.06317
19.33432
84.23730
14.87246
98.43312
66.17989
36.04171
0.55612
61.50534
24.38062
14.80570
6.19338
89.54741
56.74097
6.17929
47.85859
44.70583
79.09913
63.35513
28.52474
47.32680
10.11877
9.70021
22.42697
26.89030
75.66696
21.56231
61.08589
61.66612
94.34401
6.62084
9.10693
60.18543
85.10810
23.25321
72.90745
19.06017
83.12100
60.26518
51.95360
73.95975
4.26686
0.73475
76.54870
92.10268
65.89584
21.89361
25.39803
66.76714
45.34577
13.68588
16.28044
2.57533
11.61694
87.13786
21.87103
74.63235
96.75178
46.90533
25.00100
82.58285
98.16414
5.74132
77.80095
42.91165
64.83911
42.61741
26.04053
20.21760
81.39947
28.95942
56.22639
10.80370
14.50751
52.05204
44.31533
50.03365
22.86571
4.36075
77.68748
84.34148
2.62422
83.59666
79.69162
80.73781
9.35919
70.04293
66.68127
1.99941
75.27061
82.79072
47.97708
48.93300
84.29905
5.44331
45.21435
64.98580
49.30398
55.36171
55.50761
39.74637
52.26895
16.30663
82.11309
16.84594
85.43751
3.53940
74.41334
70.50615
42.40413
29.73435
55.58322
80.29236
41.69627
84.22483
56.16243
47.38293
45.94353
64.60654
35.12776
99.27241
79.29943
65.83117
31.41814
55.36805
54.47148
65.19184
24.98334
77.78460
36.71981
35.76812
19.08711
79.22187
69.99691
30.08503
12.17747
92.14543
95.90230
82.33447
89.02540
30.55723
34.04997
49.01430
2.40175
62.50708
24.70903
10.48231
70.37076
97.86807
43.10962
34.75120
61.65545
77.96903
81.96275
33.41705
12.75618
29.67313
10.04098
5.68425
89.29509
45.79575
3.47260
49.66835
95.01319
62.34079
38.86474
26.50645
41.19960
65.02435
20.31179
63.92787
76.26253
22.92594
92.20869
48.23127
87.68203
6.93628
78.31734
96.51544
96.85336
13.48006
84.89024
30.44684
74.85689
46.69338
93.19828
5.40617
77.62028
5.12835
0.87136
0.50605
28.62502
56.09411
97.41746
7.23323
16.58104
26.36809
37.95720
65.79344
70.73065
51.43807
5.17805
68.46376
95.75060
42.01179
70.81308
14.44690
66.70552
43.96833
34.92378
88.44840
61.50648
45.06294
71.91608
2.09567
75.97568
92.28849
8.21669
55.80443
65.38353
10.03739
68.72693
76.66402
89.74341
68.57634
50.31785
93.73343
19.09244
48.21284
73.70016
80.04097
45.17646
1.71461
8.98125
93.66567
52.54944
20.80386
57.81631
95.38321
84.61901
68.20849
13.94534
93.74173
72.95934
49.91744
8.18043
59.40512
83.07611
49.05818
41.53890
93.05875
39.32686
32.68697
76.35083
86.03037
60.30325
52.57030
90.38360
41.51288
34.97204
77.01310
85.53316
3.68736
51.43563
58.66044
73.80917
65.52601
75.12970
27.59415
90.52539
78.08088
49.58976
73.77932
78.06221
78.26555
23.21892
90.65621
1.03443
34.55198
26.23511
34.72152
64.06180
71.09206
77.21719
12.91048
71.52298
40.40565
36.24951
29.48793
12.43280
5.87829
34.05192
52.74112
86.73993
66.65224
65.59104
43.04272
48.85067
98.55805
10.41074
55.10354
35.38921
59.20208
79.40763
68.79737
0.65679
94.90001
26.05632
81.95401
56.30890
25.51617
26.74437
3.11872
15.18862
30.99668
25.22463
62.35460
3.23788
69.76259
55.03090
59.83936
4.34740
70.80565
1.54857
3.94334
40.68748
50.25347
60.27776
39.48465
83.15625
65.16119
58.52281
46.72612
3.12736
77.15574
43.92015
18.57295
69.12962
80.58257
34.44177
69.39806
3.70714
92.94788
1.16769
52.06206
85.60304
74.51670
26.92301
83.31667
49.92623
90.78454
14.79533
95.59010
83.07674
91.46835
53.22111
21.94360
65.86390
90.28519
45.43198
6.08867
62.57522
39.58964
81.70095
8.51663
31.77053
20.28854
38.85008
64.08164
12.36347
72.30369
4.21303
67.11974
32.31851
76.52790
14.23569
10.19292
34.79068
35.39166
97.83747
5.92428
4.52546
24.93599
95.10071
31.82023
80.16620
51.48031
75.25152
89.15722
16.33878
73.13331
39.57789
7.69898
56.02635
12.50059
75.04339
31.27680
68.54001
38.82775
72.21687
88.03028
99.77267
32.54037
47.85358
79.56475
52.73192
9.14856
51.46556
79.24824
2.37777
76.16924
79.47955
58.32033
57.20892
90.10700
74.64727
85.52319
86.42316
79.51919
63.23831
28.77867
4.05405
52.33646
48.79386
99.16713
80.04399
22.44615
73.47466
84.40077
59.17225
67.03184
80.72462
86.29924
47.52345
91.87812
38.73404
95.01339
92.87046
87.82985
86.50187
93.91194
25.43771
39.25001
33.74203
97.84678
89.62342
25.91527
25.93650
19.18467
81.22157
17.12865
31.14281
88.63630
99.08317
79.05804
19.09135
94.94877
85.70758
44.30687
98.34968
41.86545
47.83206
71.72737
28.07257
7.69129
67.43557
68.29500
68.65218
83.44321
6.24152
67.57130
1.85702
80.68434
57.58567
47.94776
30.27658
52.94110
24.06322
28.56074
22.00587
31.98313
81.12142
55.87172
63.25403
80.12559
6.59301
0.93518
87.31869
36.65403
97.86241
32.38353
65.45886
58.91698
61.53216
24.50104
90.76644
19.37998
16.38873
35.74043
16.24069
77.66685
63.11255
84.16320
66.86217
77.27748
52.43501
3.93452
18.04772
73.32046
5.00684
20.86194
90.61518
54.75803
87.17131
89.42078
70.64283
10.39803
56.75660
67.75846
46.34475
65.96136
3.03074
54.29733
8.03962
98.88033
57.21507
6.35052
3.58009
44.32457
0.39383
23.22112
4.82813
70.80000
82.35293
34.39355
8.18669
37.13071
9.23895
89.03122
2.56475
69.77078
83.92733
52.87160
7.75328
23.80337
17.29433
21.84171
51.59147
46.58216
56.09445
82.42498
48.41387
33.46759
9.55797
69.85657
36.04326
22.23766
42.32471
3.21242
90.93999
90.24019
31.53373
18.23864
70.76662
42.43218
81.48735
29.90179
56.97058
89.41983
47.56618
65.14103
6.58636
10.80359
83.20237
64.61862
78.04190
94.24396
27.46074
57.66134
66.76327
87.02959
1.16661
37.43224
19.59508
0.75469
10.75953
48.40361
94.20227
77.73874
42.70784
94.15269
59.33087
93.74346
41.66309
75.26077
1.49031
6.78602
30.11076
31.56804
6.42744
20.92158
97.76251
97.97230
68.16651
72.26491
8.02038
86.74650
56.08205
83.54200
38.66487
52.99245
15.59666
28.40717
32.73243
81.75079
62.85632
44.08046
43.72571
89.02049
37.07016
36.00094
66.63913
38.89941
88.20862
1.86362
44.35952
33.02599
80.48950
11.73783
71.05688
68.67942
10.00744
34.54577
32.70565
5.50644
64.08766
52.84513
99.67353
4.38469
1.93204
38.18936
11.37612
2.78715
36.88475
10.70827
55.19523
56.16691
25.21002
20.05560
18.70013
32.99890
51.24297
8.67008
21.18170
27.05415
94.98973
75.92890
73.94936
49.04157
68.16584
56.48992
75.42879
44.78413
58.81525
38.39140
93.55001
38.53250
91.77717
38.47128
60.96325
82.03676
5.70407
93.10939
28.34632
45.36108
85.15762
67.48784
57.49712
22.63258
14.12360
48.67213
73.15269
35.49064
64.86169
90.74281
23.37210
24.73069
76.79306
73.31362
93.32563
20.05482
37.85842
28.26764
73.24933
20.43429
26.77247
13.08982
66.54506
38.08409
23.81388
72.01276
44.23446
65.01006
99.04691
14.68885
75.02037
73.94319
89.56228
72.31831
37.57689
20.76026
13.83961
45.08419
47.36481
13.47506
98.77190
98.47180
67.11283
82.31355
8.81713
75.28183
80.35894
44.12260
66.48063
17.77604
62.86965
42.57213
89.42965
0.16451
40.50188
1.22060
14.13344
56.85903
39.37929
59.30342
73.57805
88.45094
57.59544
17.62128
44.06810
77.88422
46.86424
5.04395
73.70646
1.26154
37.09693
48.06566
46.65997
55.59238
8.43095
71.36776
14.82329
19.16220
81.56816
45.87124
13.26114
65.58241
48.58343
36.31279
84.45187
45.17600
67.79397
55.37948
92.18443
57.88470
37.66642
46.25659
50.89758
38.49172
86.82112
57.73430
84.36669
42.39199
18.49030
65.60107
11.88031
77.18563
9.92363
2.38431
34.02339
61.64762
61.11702
89.07547
57.60920
68.06841
23.77196
72.44729
6.65561
41.09750
40.62743
20.58726
47.30337
37.74679
52.66266
42.11943
44.48433
26.91775
7.98917
56.72446
34.13380
29.91938
4.59623
63.23229
37.70753
21.34976
58.20375
4.48334
6.60516
53.68119
30.49732
80.01449
42.45212
5.96579
70.14228
31.09444
52.34676
96.71897
20.28256
69.75420
10.26312
96.27931
29.51361
40.31811
1.41385
50.53307
35.10101
56.92607
98.92191
21.40498
10.13606
77.92465
3.92815
7.78006
12.27975
42.61753
17.98591
11.82701
12.39373
79.49806
96.71438
48.84181
96.04741
27.38513
49.93438
31.46612
27.96202
26.92194
51.06996
23.32475
30.53995
21.30973
61.96369
66.42153
15.50204
52.25683
26.97119
51.35958
43.30322
26.28593
86.81781
91.69039
99.57504
1.01894
76.98613
10.13602
88.99986
28.88426
84.38885
83.05346
68.43334
21.27499
5.59856
78.47027
68.74429
53.42674
66.89455
36.80199
95.36329
87.12772
29.93289
35.50214
24.00978
87.30938
64.44325
92.32071
40.59097
82.12463
63.95925
92.93079
22.84254
57.76257
56.03283
33.26919
6.31576
91.43936
82.18818
60.83035
74.40494
84.19445
6.91836
94.53476
70.80595
35.54713
59.54849
55.27653
89.54737
59.15691
39.86990
78.94379
27.67602
6.97351
6.35278
66.86654
26.43092
73.88445
26.22259
75.95314
86.54515
55.36118
21.19586
79.00917
78.66073
92.42991
0.64237
41.27402
24.40566
12.82002
84.58592
93.78407
89.22605
76.30848
72.96040
84.95526
83.56780
32.70672
51.62085
98.09801
17.36051
49.90055
47.96807
40.88104
35.57289
28.53101
31.59995
68.83074
52.81765
69.82671
47.78568
19.06703
57.17513
39.37540
20.84627
86.08314
82.12280
8.95009
58.35022
3.68375
14.76704
91.59919
57.54358
75.98409
17.27067
29.89001
57.79553
93.85770
65.24775
82.34002
4.19962
77.17720
41.04725
77.47389
67.12557
35.24610
30.76545
74.46863
35.62655
32.96629
66.13715
81.13249
55.81564
40.61711
78.06613
50.28741
65.63059
60.94492
16.60045
82.02989
0.94391
93.40398
71.84847
43.08944
75.00625
57.15335
71.09314
87.75476
97.17795
34.78263
23.62174
35.66320
85.68222
66.66908
69.69257
31.57518
42.06463
64.28137
15.38947
33.83557
76.59880
48.66023
56.97066
52.69046
19.20685
75.04679
68.33997
64.97252
53.74784
74.84249
38.13601
12.96571
91.97018
57.91685
9.00595
26.35097
68.05218
79.39965
22.68989
51.89474
95.98069
24.88294
16.53646
81.82389
94.69336
85.40357
4.72362
60.86674
48.98415
33.32273
52.58040
91.41281
50.85390
73.51249
79.76982
91.13074
68.16793
85.89519
36.22751
94.82664
11.01926
0.63515
75.00958
76.93095
92.18782
80.23843
6.21531
53.32054
69.97192
34.97771
43.67101
87.62859
35.08436
43.52853
51.28448
90.73337
60.80096
88.48738
12.78335
93.39123
8.66623
43.60731
44.70681
75.77374
79.59833
98.57827
43.73296
71.89153
78.65435
40.41829
11.28838
6.15164
49.93200
85.92502
72.88423
60.70560
78.54059
67.08993
48.48263
89.92422
75.08987
11.02168
57.92127
91.36573
14.11055
40.91648
56.90173
75.28863
7.80994
1.50954
47.58772
90.64555
37.30518
33.75285
75.63753
60.33001
81.35281
47.74974
82.77755
37.91407
76.42783
35.21118
24.00928
61.72940
60.40282
0.72041
66.80365
28.97185
51.29177
12.39897
92.83744
51.05325
79.62553
19.98761
95.38871
93.82868
76.54692
62.26970
70.04748
78.44634
92.35407
8.31095
69.48857
61.78887
63.33973
69.57554
40.01897
53.30995
7.17595
79.60583
87.27974
50.86418
64.66391
20.61947
3.74431
69.23101
82.74985
25.31757
70.83903
85.96308
55.46095
52.00013
75.55432
91.27493
55.18493
88.91778
31.73296
36.12203
80.25180
92.17034
65.78286
56.86055
33.42801
43.59580
12.64810
81.44722
53.28657
38.32766
84.70908
64.67360
47.31850
57.79894
48.10091
92.70649
85.27734
48.13199
20.73275
51.71053
72.99901
62.71411
60.74111
32.00196
38.80860
61.67449
13.01859
51.48132
70.48864
48.85839
46.52985
8.96472
53.93133
88.10033
61.34341
63.01126
51.44374
25.92599
73.54295
83.49075
67.02861
84.48696
85.18081
55.36534
25.75916
39.93717
58.25075
95.39136
21.36896
55.93193
16.23433
5.68172
0.30321
79.10107
66.41469
8.05300
31.39251
47.57502
7.20460
29.73058
24.17817
34.04192
92.69101
18.13679
44.06859
62.65323
33.18731
88.63875
38.11446
45.89004
47.13909
89.95644
77.28473
2.24654
97.35370
72.98216
48.43374
11.28461
34.24661
80.59918
45.95562
38.76710
12.55774
2.48934
4.45012
48.14519
51.92214
85.94298
54.76057
16.08420
6.91308
6.86797
84.31733
1.43053
68.98530
89.51184
20.43155
69.54280
93.40342
23.42769
22.14204
0.41021
35.90005
91.51934
27.78447
29.26679
83.99156
74.22733
49.12270
4.70118
25.05137
9.31084
28.74964
69.13287
95.30782
29.40395
46.78345
46.70848
92.24727
69.78067
85.37471
23.12669
71.68736
90.27570
11.37069
95.11170
26.82791
69.68236
88.32780
8.91068
28.28215
12.46350
96.61307
23.71084
61.66257
97.39620
38.41151
90.33393
65.38226
60.76764
27.18917
53.04189
35.98192
27.12455
81.80311
73.23617
43.64108
51.79869
7.33409
65.57790
70.59791
87.44402
35.90014
18.04608
37.58985
29.62234
83.99703
37.40510
64.32170
63.19958
97.63749
81.80746
18.22463
46.46739
66.83561
46.51929
26.01669
7.54009
59.41808
99.57074
55.63880
30.23086
27.84711
78.10619
84.63851
21.00258
41.30223
87.66865
80.34669
27.51895
62.63983
47.05980
79.32342
63.47387
16.90839
83.73617
49.16419
55.93142
41.27380
45.36021
90.65492
56.14440
36.34752
43.98867
95.00065
29.00672
82.09900
67.80027
90.78789
74.59925
86.66629
67.30820
78.67854
46.60765
43.67950
42.74361
30.78475
25.06412
97.47082
39.69063
77.18438
88.12773
72.53638
46.99909
4.35290
68.80254
4.06448
59.37399
38.51915
30.38962
44.30606
81.58062
82.32314
20.80384
57.84030
67.34429
14.28848
7.54640
42.70410
41.59922
51.65387
23.09918
67.37140
80.77345
22.59041
94.60483
94.38260
67.70112
28.28303
18.88046
25.38616
73.25654
77.02201
32.28459
29.44859
60.32879
65.42993
14.00964
12.21144
14.14570
93.04526
23.18449
27.56170
27.81781
34.74830
19.57874
53.06403
42.86042
62.62699
55.82469
49.96738
71.55906
88.24694
61.67852
73.64144
82.24547
86.88018
18.31919
27.06619
25.44072
9.51091
49.95141
95.25382
42.57126
6.27526
6.34962
4.31907
37.73745
50.05079
17.33334
73.29143
73.01071
41.84649
71.34221
21.88351
17.02282
6.41444
92.44082
23.41966
67.32018
29.35198
12.18784
34.22166
70.73597
15.66136
19.44511
87.21837
39.28997
45.75904
63.97799
51.62822
41.08094
24.21729
91.83076
2.93133
5.40872
71.65090
92.68529
27.77575
33.96108
38.09327
94.39377
72.67024
98.74645
10.42548
55.83778
73.70403
82.52953
83.82042
35.70435
34.96050
83.74138
60.01009
4.06485
77.62047
91.61523
52.12214
11.73819
62.32736
75.35482
18.62559
64.64042
8.51285
45.50543
81.83287
56.36612
48.46621
52.85471
53.15321
46.13599
88.63077
83.78665
6.13523
19.96290
50.63196
33.64613
74.18715
55.12470
0.81628
7.82890
96.32130
76.82700
1.78218
34.60203
14.00068
47.22294
76.78634
2.82163
11.17791
38.20770
96.57549
31.52331
31.79326
7.03858
96.63791
27.35816
77.54113
88.45291
66.71235
64.94620
19.13278
98.42877
94.48191
26.09805
80.72711
65.55776
87.92206
85.06100
36.97796
75.81489
0.23871
67.48467
99.86137
6.88129
90.79791
91.13185
98.51480
28.06655
82.30663
37.47443
13.40346
16.24315
26.98641
20.02817
32.82088
16.47989
9.68629
89.28551
32.45365
9.84411
20.55693
57.36569
74.34793
26.90982
42.45239
91.81031
66.31786
33.80130
98.44290
34.01337
48.55769
20.44835
47.40199
40.85244
3.61902
45.57093
16.04634
9.86423
14.74141
52.93129
20.78286
33.03549
37.24263
36.15770
97.17559
86.85167
61.42717
13.88578
84.66909
77.21105
75.45536
66.38617
46.34858
12.94458
36.59379
75.88456
15.57033
68.17257
96.77756
77.05537
64.43766
58.87130
64.90011
23.21186
26.97718
32.43417
63.07807
99.44362
72.08982
72.06953
47.14103
77.50952
85.84592
75.98067
96.44932
76.22301
97.60873
24.94452
40.57626
60.36451
20.94812
72.56315
31.20832
7.61161
51.00051
14.81712
32.10125
33.96730
61.70752
12.41609
28.34021
60.58239
87.63105
2.29455
8.94166
18.27141
95.81841
34.56307
35.69865
37.21161
12.87726
3.01651
43.36146
14.35568
47.08826
61.73248
53.76554
72.12811
72.12500
10.64200
27.77521
75.91031
28.09029
72.46100
58.12740
91.44775
73.47717
60.16936
39.32537
20.33932
73.15238
86.50938
34.67520
79.61203
80.58753
96.11450
57.87908
80.46367
85.94275
66.61768
72.00506
59.08998
88.04350
81.16696
55.41282
85.11612
29.17700
9.39942
53.97532
90.54841
89.64022
52.10961
1.58703
1.69471
96.71917
29.93814
90.23565
46.17046
0.94752
75.09211
31.37422
84.48500
0.22490
84.16406
72.68477
27.11451
71.78191
36.67722
50.33225
12.50471
86.40954
80.91647
99.60199
81.77064
90.98469
7.98705
17.30387
47.19937
54.53207
37.50058
44.33543
8.99913
73.50189
94.32904
66.59375
27.47851
10.89393
69.02703
15.65810
53.68882
96.60216
17.56868
19.38525
25.07775
90.99919
1.57589
24.68176
25.34902
5.29248
72.91076
16.60839
92.52061
21.57744
14.39759
70.15307
65.78237
38.66799
43.03192
10.24603
97.44846
87.57755
43.94485
44.52006
30.52331
48.36451
98.87843
4.59820
65.79853
77.18362
45.42936
25.88716
50.15437
58.15047
86.00041
69.91942
65.66058
45.80922
28.89668
24.89347
49.77875
72.13847
60.09249
69.75074
32.42641
8.17378
58.07704
48.57085
11.87744
42.58613
80.43140
61.71908
1.71928
16.43205
41.04161
98.16914
75.11589
18.33180
90.04227
8.14114
80.43811
78.72312
69.81579
37.27949
37.97895
68.94366
74.92943
28.87334
99.45795
62.58087
69.26144
98.09945
92.34231
41.55254
20.44278
47.44431
66.31478
38.86893
97.28295
60.22715
11.23663
63.06856
56.20700
17.80569
73.30379
32.81943
27.49358
79.14767
77.13787
71.04707
64.26698
59.71079
60.39890
67.98459
35.79667
32.11461
54.42939
93.94091
64.92093
87.63507
1.01700
21.20071
67.42375
61.73429
76.98398
26.11259
96.73500
22.16336
37.13025
83.68721
16.62616
26.27631
54.23348
11.89603
81.68576
27.39290
18.25730
41.10916
59.96591
8.91463
94.71749
90.85916
47.84260
35.59413
80.59724
71.95198
83.11521
54.37715
66.62360
34.21680
83.25687
65.72354
37.63468
34.14096
87.28067
58.83248
86.04339
90.12597
91.40371
62.23502
22.35129
69.97686
89.77913
63.16143
39.40108
30.83060
60.13637
42.52014
48.10561
26.15554
49.24501
65.85256
25.50016
29.93982
7.88764
43.28749
28.81354
36.98045
1.32088
12.63889
91.87303
53.99132
96.18951
90.52280
77.82281
34.97106
55.61359
81.77675
58.46906
77.82675
77.00179
45.38775
5.70715
31.86573
6.97028
36.65456
73.11986
44.94336
26.73164
19.29817
63.80866
23.34592
30.43619
86.92807
19.02547
52.79696
35.19774
7.34160
33.25352
21.80004
34.03547
89.14139
7.04590
61.04297
63.60043
50.95382
79.57115
53.55212
21.80771
35.40403
99.75544
94.59490
50.55718
89.62921
96.95432
39.26535
80.90359
66.36168
64.60702
92.50165
8.15159
16.81800
47.06892
32.38735
30.94216
69.37863
28.61652
84.53242
17.90519
73.42660
97.70546
49.83553
39.47860
98.77950
17.39167
69.55822
68.84895
4.17674
76.83141
10.21116
81.20637
80.54393
7.94280
68.60434
53.53784
73.74725
30.27950
56.34426
46.04690
24.27608
15.87292
8.89037
80.36172
44.26444
68.16794
66.71447
56.49338
97.80476
48.53493
12.10777
24.07444
96.53409
35.59365
69.60838
55.29140
62.00722
53.19598
88.71820
16.84658
90.37170
53.15714
51.54434
94.04083
69.83184
76.23225
88.06251
3.76200
85.53751
49.29550
18.90514
56.92386
65.53275
48.45286
33.08594
91.96999
77.56107
91.31084
61.00861
63.07350
27.03880
4.21639
84.11788
95.32266
83.96351
93.21981
93.44518
89.57355
27.40375
94.10866
14.92311
46.32463
30.28720
20.36605
40.67994
34.61066
38.21608
31.59670
25.77947
79.92421
73.08438
44.30056
50.59950
72.95950
94.44181
77.08910
79.98751
46.61245
62.72428
46.05671
17.26579
66.32222
48.14884
88.27175
67.38066
20.59340
70.16034
75.88384
11.11805
62.56306
71.54520
73.70445
12.61718
1.72312
2.06299
20.89338
15.17370
9.78271
71.09335
13.68895
69.57690
34.23297
46.87425
36.54274
78.01275
66.37594
44.58153
94.62799
75.43227
27.10747
41.74154
8.48878
24.85774
35.46445
72.46843
65.85191
27.91375
74.05131
84.02926
51.13015
50.71411
98.98757
51.61800
84.03107
69.73531
66.58373
50.52493
50.27216
43.96562
0.19200
76.17871
36.18547
67.23189
93.38415
55.20581
97.04846
93.38534
59.24695
51.46760
30.96598
57.31113
55.92468
45.29111
59.09929
56.89233
68.76554
78.91323
72.58874
7.95685
25.35314
46.86850
30.85678
65.36644
57.86997
11.95471
52.43100
13.76285
44.36692
74.01186
47.47424
60.13698
33.38939
32.03323
17.49627
77.45135
24.66053
7.80216
30.97913
90.79457
90.64428
36.10498
75.34979
93.19179
53.15891
82.66898
81.81280
76.39010
98.48384
35.26943
76.30613
98.50274
81.72164
91.98242
5.31097
22.90423
69.19676
22.19210
7.66428
83.28212
24.53205
88.06746
94.52343
13.00340
97.24269
75.71619
81.43744
65.43253
44.27997
84.52070
10.44555
24.44536
54.07665
57.30089
8.09337
4.72279
66.21460
58.84093
21.37064
25.42844
28.70498
84.30346
18.83046
61.74189
62.03321
82.06832
99.31672
28.76527
8.09107
22.30607
39.56324
73.67808
92.24908
91.53200
75.64011
26.57490
57.09058
82.26242
76.02071
44.11215
93.15351
75.80372
86.16419
14.53374
15.47653
26.08609
53.75667
73.21731
17.73631
74.44850
27.02059
56.17927
5.06035
67.90718
41.15672
97.75779
25.71826
45.44226
88.27331
10.11884
28.21897
58.08317
10.13618
0.59305
59.97072
23.56513
38.68333
32.30342
97.25703
61.36782
67.66420
16.92707
22.21639
30.31064
48.00956
88.49617
17.06681
22.25689
20.45305
77.38774
48.22497
32.92377
82.67292
95.58625
32.38208
13.30874
47.41317
13.59414
83.45296
71.46539
55.74987
15.97846
74.88182
7.42400
25.83008
82.67517
2.53499
73.29855
5.61786
84.85305
16.73328
95.97457
88.33255
52.06010
68.56704
71.77792
5.23080
79.04934
9.32719
43.78633
92.77774
84.04677
39.46238
19.55344
58.00628
11.12660
24.87345
74.21613
8.95307
92.86508
76.64804
28.20015
7.61628
29.26575
27.63106
50.69282
6.43541
98.19398
6.23797
25.32675
26.20401
50.71767
37.04793
88.17687
82.94337
94.92844
32.86808
1.71130
90.68340
62.81923
80.51614
20.35433
83.33342
19.29716
81.99884
50.89815
5.31459
10.74472
40.58722
4.45973
25.98481
87.22461
59.17150
69.44975
59.11899
8.10361
54.54557
72.44314
21.31585
71.58673
79.83462
68.49762
90.60220
38.13160
71.85454
50.94516
36.96866
75.92141
96.70779
58.82688
28.63777
55.09673
22.24201
1.51106
18.06999
51.13713
17.19664
68.19484
3.12016
16.34362
46.88684
10.74266
0.75738
31.70853
48.48941
64.59997
78.07608
15.39454
24.13049
88.29224
65.00495
52.44251
51.72993
89.90947
35.22010
55.28579
40.04855
19.29507
16.10196
32.19234
72.62612
82.69871
5.66177
89.99678
71.57599
49.85269
31.30329
59.87815
89.33306
33.77921
64.53992
88.64538
38.25727
9.58150
9.83060
2.83037
78.46068
47.97089
75.57946
44.22659
30.75448
79.93789
39.93471
92.94643
26.69271
96.38394
15.46811
46.78457
35.67252
55.62758
58.29539
32.18445
56.85598
51.22112
51.84156
41.87301
30.68802
93.88211
33.23213
70.01813
10.28072
97.98054
11.46034
2.85476
67.88317
65.52748
83.66015
14.32379
30.64072
91.41387
72.30976
91.20380
35.37617
71.68258
1.24175
27.99137
35.30399
55.75569
62.24434
86.55625
69.49321
36.30379
43.02883
66.65707
32.66503
90.08820
80.40994
15.16218
24.69595
71.08106
5.47327
69.17978
31.93722
86.45705
48.50656
85.89355
57.61054
57.26725
1.36792
58.74177
82.56682
38.53629
95.18872
36.91628
60.42369
54.64786
8.29713
60.00915
47.98500
66.75698
61.07588
59.51325
30.59037
54.64397
57.05874
13.46546
29.87901
59.64319
75.35394
32.42348
13.89657
78.58003
92.89232
1.62591
9.66754
28.48129
51.84612
8.52497
76.73262
5.58589
90.42119
37.76148
12.87672
49.90714
86.30152
58.63525
73.51137
72.11325
88.60324
56.56707
46.61325
93.92469
79.98801
78.56905
59.79339
40.71791
92.96047
77.67732
68.35833
52.00690
89.31514
86.13060
83.47457
68.11822
13.93799
36.86822
9.98316
27.76658
33.07484
99.03866
53.57014
91.29338
32.32650
40.00568
50.93585
30.19419
70.19993
90.58000
12.77079
37.04776
78.65133
77.92527
34.79809
45.28306
55.53715
50.08512
82.32072
78.74046
38.67626
71.66194
68.24827
22.66266
7.48494
44.09444
70.54983
62.87726
60.47678
42.57133
10.26771
26.58926
4.01886
69.85788
77.01405
51.94842
1.12880
32.72071
41.19460
81.81615
53.03511
81.05728
91.44720
86.55215
29.58315
40.61472
1.00439
73.09813
45.70860
50.71981
60.16181
86.07246
82.50453
55.46977
74.82361
30.85107
53.24689
19.78096
81.04185
25.03920
31.64063
63.06432
73.82929
41.00427
78.04067
76.91690
69.80823
49.52137
83.97420
73.27357
32.69188
20.46370
29.05017
58.24073
82.68472
94.57206
10.70376
34.53999
11.87860
91.65645
56.14858
19.88995
18.00410
75.87452
39.53481
70.03563
64.00905
72.89105
45.49517
48.20034
79.90562
91.26348
61.43595
1.61276
50.25876
58.34965
85.11052
17.58689
48.39497
44.48202
90.08870
40.19365
3.57493
72.55392
30.30056
29.91600
69.17183
89.34729
42.55410
98.20110
33.77137
66.73373
58.69749
61.11750
97.00354
86.50176
96.32057
84.14507
96.32398
3.04136
36.65545
98.19491
86.30153
79.26070
81.12667
19.05817
79.46877
68.71655
33.28323
5.79628
61.09084
54.41564
75.44273
16.76323
86.57016
57.64523
98.02810
12.73381
75.41786
7.00379
30.10208
18.04648
7.49200
77.21078
13.64780
12.80661
30.63110
3.18573
24.12561
72.67649
23.98355
87.55689
92.25020
82.04949
17.07081
92.32451
16.10583
73.54836
30.01015
80.73734
73.68209
96.01500
60.23298
28.36931
29.84815
36.20673
90.69853
29.75889
91.58133
80.73363
55.19934
99.98816
23.95209
30.37990
43.18621
12.93392
48.05330
36.83808
87.57837
20.85667
48.86468
50.28379
94.94917
9.91540
9.46772
96.83255
95.59829
14.46785
76.55787
73.23848
71.87023
64.33829
90.95713
56.12430
55.80883
68.66857
5.64483
15.50503
71.26974
98.43579
98.42660
16.88330
86.76501
42.32556
4.45527
33.56685
99.61832
54.21942
43.39632
94.89091
30.97949
80.58425
25.08485
17.49292
34.78232
90.60694
77.05986
2.62599
99.73980
9.07067
28.54226
6.62241
38.46671
59.75703
36.20639
88.55604
28.97531
55.12060
94.14932
28.79133
91.78405
7.16286
23.64996
12.08174
65.20521
60.37406
65.90283
99.10656
6.76809
81.61216
25.95151
49.96004
70.27133
31.48075
85.95785
12.73719
66.25375
96.66670
10.77572
61.39999
70.93931
71.19572
4.08547
87.13273
19.55392
95.71133
14.62469
10.66429
68.97854
83.87151
82.09292
73.17548
53.71120
75.91695
30.45854
94.15951
3.50927
51.90873
36.40705
84.22755
62.03126
47.93924
9.32708
29.19587
61.07134
61.16850
61.02874
81.59795
92.98827
63.97410
52.40313
54.28245
10.69396
59.14610
9.99044
22.08210
53.43688
29.62491
20.24968
74.67340
80.20660
52.15643
60.99108
16.75029
5.94088
20.56920
80.07514
80.73192
88.54611
9.82652
62.76734
92.95616
56.18664
31.20585
59.98112
60.21934
82.67108
43.10989
31.72987
77.36756
59.03537
96.12660
87.85354
66.45849
34.44434
12.99661
31.93194
13.70832
80.56972
81.65763
80.25154
9.93751
92.83954
16.58400
10.08629
77.49277
95.07422
39.27401
5.90360
67.82456
54.36788
7.43644
62.58749
25.71609
92.28255
93.11658
3.88171
36.69820
83.92790
72.59600
10.01462
21.96121
18.43733
29.70054
96.55126
23.07972
64.22683
79.85484
31.60704
33.89387
63.52341
77.00554
51.99912
79.07638
13.52187
9.31470
69.22598
80.06105
66.96269
0.64616
22.89926
91.60211
57.06255
76.73446
28.76258
73.76183
2.97896
49.07229
38.66227
30.27653
67.17595
86.18376
