Sample size N: 100
58.73558
23.12536
65.95375
90.76842
34.17753
56.22752
83.57200
58.70016
1.70830
88.57111
52.87644
75.95383
43.66951
41.24161
17.55005
21.79703
85.86163
39.54021
68.49021
37.78887
93.69631
13.76332
99.03204
12.79432
31.53988
34.21204
58.78117
34.54911
9.49001
58.73091
60.15341
5.69317
82.57822
9.50205
22.16195
55.99813
68.45820
71.10482
60.24218
12.66399
97.96556
5.97931
63.69834
79.37486
88.13691
45.91666
18.39017
45.40575
8.30219
31.27676
49.42197
7.01128
78.57330
63.05815
52.24002
75.29241
72.42056
10.12457
53.20629
85.05594
21.34238
46.81838
90.48337
6.77148
4.11513
6.91874
11.40425
18.85044
76.92120
24.88266
94.94227
16.75418
17.54001
28.14291
33.35694
90.74429
42.55133
7.21334
14.89487
90.67389
90.34882
98.49484
69.61950
3.09499
36.39940
90.38427
98.00308
17.59472
80.79706
47.78042
95.97843
22.87290
48.72723
84.27264
35.66093
35.18726
26.71297
97.95195
65.13775
1.16159
