Sample size N: 1000
46.40160
34.11198
41.07371
25.87335
88.87881
24.82985
69.17641
20.52759
43.09682
35.10073
16.28377
34.25438
51.84451
47.42829
24.09384
71.54508
84.22372
37.77410
74.73976
37.64914
67.85391
86.95808
81.22747
94.30504
55.85317
22.01604
73.83502
19.04671
99.73318
49.07805
75.15238
73.10385
68.16016
0.21666
11.73245
54.85443
52.81106
87.31991
84.00703
24.21742
94.90978
63.17110
7.26197
31.00078
20.48373
2.82173
31.18290
98.90800
1.49054
4.83997
37.90749
55.13850
69.89590
58.12572
69.33916
72.11881
70.99868
91.18872
95.45618
61.30024
97.87054
69.12123
65.95445
83.28249
55.84168
0.88650
81.57728
20.05947
17.64629
86.21649
13.12502
10.91555
66.88701
21.75894
93.82687
45.08932
95.42170
75.30710
95.55277
69.38748
86.31340
90.18446
6.18267
7.51750
32.68792
64.85558
22.36360
83.42291
54.48121
46.38126
42.83372
71.44226
93.02435
88.03193
10.28359
91.93017
28.14847
14.22660
11.19107
28.30552
84.18525
10.77544
52.72979
5.34647
95.88875
51.69749
84.76557
15.12082
14.32246
61.45681
25.51403
76.97763
73.68456
57.20175
29.05524
98.47054
49.28077
52.66563
59.89372
70.55748
24.80302
89.85369
81.24216
20.50644
20.84454
64.42409
76.75930
2.47460
6.38808
71.63881
18.07724
29.51453
73.18332
49.08489
33.90939
4.55032
99.09620
29.99913
66.89643
30.94257
92.57308
91.62546
93.94272
90.01384
58.23482
99.79175
16.59903
59.79938
89.31972
57.00352
78.88155
70.66138
54.90053
35.67904
37.83657
20.97748
75.73950
15.55303
76.90673
0.37793
80.57200
88.39788
86.37759
22.77517
74.57431
59.19885
12.21492
62.69737
40.00706
52.31628
29.57400
28.18653
6.29113
45.81155
41.35604
4.40038
12.40047
66.62924
31.47678
11.74749
84.76231
85.71498
99.69627
68.00846
2.62158
11.63912
50.36094
78.58302
7.01756
19.30686
89.36794
43.12878
15.31609
97.36965
95.52979
76.52347
48.15219
62.24861
13.13268
17.10340
50.86538
82.32576
94.86037
44.84360
60.10038
48.04244
4.38189
32.36257
94.80939
18.92269
29.17592
20.82271
78.88602
30.58554
13.54616
11.31829
2.58812
2.19219
51.77525
16.82405
45.69282
48.46360
86.41207
85.82875
27.79427
31.01531
55.37300
59.71572
12.67225
87.56257
65.47222
41.19626
94.86205
53.61824
98.98932
95.37875
53.67232
46.24927
5.85884
38.41818
3.08891
82.72246
49.06469
19.88197
92.98332
16.36008
83.47212
39.60579
75.60720
31.33657
43.77989
41.85746
26.77564
18.22149
63.72247
44.06395
70.39504
90.28898
91.55262
31.42291
6.21953
14.25016
69.01328
61.87723
25.40929
92.12355
45.27605
1.62100
53.48096
20.51167
42.05650
99.52809
89.79548
78.89358
57.24666
3.69868
57.99089
69.50282
11.26603
45.31681
11.70963
23.47684
9.84138
92.20631
85.36688
84.49272
29.86752
96.57894
61.70898
0.75075
98.28835
49.30697
52.60336
46.51570
18.81742
38.97225
38.43418
3.14154
7.41817
95.83141
5.38704
77.98435
41.41360
93.14593
15.90769
27.27202
11.17884
59.91520
44.08132
22.42544
9.30640
57.12755
97.23722
63.09169
27.42889
61.19133
68.92996
51.30928
24.13839
97.01849
73.74977
22.37970
50.88229
53.58477
4.36009
66.69092
55.73055
58.24525
17.87470
35.16850
90.06385
71.02847
12.14080
74.80491
98.69331
10.91211
21.50151
22.04851
76.24192
29.84963
90.43979
82.11259
19.88519
75.20907
62.14065
66.65507
99.95219
69.18894
47.10073
78.66762
35.90640
52.80290
69.82625
55.22629
11.55124
68.81979
31.71996
94.04398
33.40089
37.47317
44.17547
95.44964
31.52321
31.11179
85.96081
71.25917
71.72459
3.15032
10.30588
6.27001
77.20850
42.83336
64.80067
10.43205
5.05826
10.93274
57.93438
21.96569
15.41828
18.77370
98.52787
53.46825
4.24390
34.42324
70.72386
90.40345
81.10614
87.04359
20.54529
77.42074
45.69826
3.31375
81.40722
57.09086
89.63645
24.02260
37.14115
15.77913
35.63218
51.37411
74.18048
5.76886
53.31371
52.56114
27.21596
57.88848
10.83796
13.82630
63.84684
41.01734
57.52290
25.34373
47.44698
53.82162
58.41884
68.09816
0.34925
38.91281
23.15225
40.28826
84.65059
79.96260
91.78560
84.96623
67.12444
63.35852
22.73350
75.54775
79.73733
37.27681
62.35440
49.84859
96.07444
89.74240
41.78930
13.16230
49.82840
90.78101
57.11550
16.82972
19.78019
99.24502
62.67851
24.39965
40.97072
41.23071
76.46686
76.35314
5.93022
18.63354
80.96021
93.42050
84.83954
91.17461
98.73284
72.15838
14.49896
63.19845
65.31631
18.56664
64.49825
19.92393
54.54399
62.96816
45.98389
45.04128
82.95282
37.06258
35.73662
6.63344
95.29085
74.79190
35.09911
38.53648
93.39742
91.70147
7.93409
69.37169
84.21043
32.23180
8.20759
78.41753
90.15232
8.83276
88.62129
46.33123
90.40287
9.55259
17.05843
58.21769
81.96642
51.87965
85.48885
83.94482
7.15287
57.74699
79.76198
71.35719
87.73406
48.22145
78.81074
84.09748
86.28921
31.49669
98.15685
6.68544
68.09122
83.41440
26.14473
11.22795
33.82347
9.54304
41.26246
15.49110
94.30745
17.27458
18.24927
14.44087
5.13935
79.33149
73.92607
88.13876
66.99703
43.06744
0.38313
50.09894
49.68574
76.96272
54.22493
50.60302
41.39267
91.04009
74.41883
82.54531
57.54200
87.36297
11.58848
34.46559
18.32359
42.27295
84.48744
69.24532
83.29357
0.35791
55.02013
97.03641
40.42350
74.91934
20.57789
15.36228
51.27131
76.97422
27.09748
89.92538
50.75489
78.46367
88.43842
64.37627
57.79931
82.95826
21.72127
64.56192
3.03985
36.97511
9.47727
69.41805
35.26025
75.39735
97.76525
45.63409
50.60448
42.61571
0.67482
11.16820
12.47943
94.84286
82.05402
48.12471
71.30038
10.70907
12.06440
40.37257
90.96526
36.63175
24.76300
47.96664
72.09490
97.16848
88.15693
36.12030
9.57625
43.86483
10.53688
62.21768
78.72045
4.01827
90.39679
55.28058
76.42867
38.98843
49.64917
33.46363
20.78462
58.61813
64.68185
58.07998
52.05593
28.31575
28.28598
26.67241
35.12462
81.93722
50.40900
56.34614
70.44191
52.54037
25.92548
68.17239
45.34733
85.73891
46.96068
34.60172
43.01024
64.60690
15.33205
13.49697
95.92069
90.05765
70.60275
19.09790
50.78247
71.69456
16.00612
72.78028
96.03267
21.39100
63.01650
56.65730
59.62074
81.77777
61.23193
27.39508
29.59213
19.20869
72.15278
12.38750
6.04291
9.17510
74.86778
93.42113
24.64432
82.03287
26.49194
23.33377
0.50238
61.63653
2.69912
41.75533
2.64415
10.79132
89.83842
71.44683
81.78083
46.62810
49.29242
18.24865
13.19162
6.94573
58.51057
92.69714
66.60887
88.72025
28.64563
91.33305
54.74121
6.15232
46.28090
20.36716
1.98361
67.19412
66.51074
54.23702
88.31560
2.73060
85.86044
95.84906
34.51104
75.34545
52.90561
25.08823
78.45351
50.05180
88.29611
98.07241
45.06522
72.52684
40.66730
22.36466
81.18098
97.16574
46.13935
45.94235
27.08315
34.83112
24.06041
36.81112
74.60162
56.43837
51.81916
2.96202
76.31487
17.52149
71.28554
3.93356
57.37763
32.93294
21.86172
53.19999
76.60895
41.00873
69.59097
27.96962
92.60838
10.87322
82.68088
34.77694
17.42185
15.45483
27.79481
96.20873
19.02047
17.41476
29.97990
96.09193
41.05086
60.76801
93.76608
37.70882
28.44224
23.23806
48.50276
36.88652
55.93731
2.36555
72.07436
53.72577
83.72473
3.11404
97.72637
2.23084
72.67937
22.84922
11.26642
41.36540
75.35447
44.15982
23.12480
58.38466
33.82725
40.51277
20.45401
21.61560
56.25535
95.49754
12.03378
91.66765
98.91788
27.07702
58.98325
78.47173
51.05201
51.99671
0.21952
37.03523
24.71209
49.89160
4.66082
73.61906
72.73916
62.44719
4.84074
49.83650
16.93208
72.16246
39.49211
84.52258
53.03004
3.28023
46.98120
23.50972
79.16099
97.64138
95.66773
59.67646
26.80613
60.61583
3.09084
42.74188
61.52283
78.81866
96.08630
23.97676
41.94091
54.03560
24.93236
44.41881
41.10740
1.46027
28.16955
75.02111
24.79236
0.73809
71.01042
46.43547
41.20006
52.59366
3.90921
96.81399
58.34362
29.95312
65.15913
32.69959
85.96246
80.19979
62.83553
10.66139
21.25323
5.54648
4.62836
75.88990
43.81364
51.15376
53.38257
87.07824
33.06612
51.49008
53.92047
82.32548
69.63862
3.82751
48.12386
71.81002
18.61627
36.10009
4.80600
58.45302
94.85227
79.89664
2.11049
98.94855
57.63365
75.96238
73.31439
78.30473
69.16767
51.76608
42.79647
67.17506
13.19976
42.58376
75.90889
20.10038
68.73174
31.31196
79.05472
23.55895
38.94389
7.95733
68.41332
66.63648
62.34931
43.62088
47.39635
8.49580
80.43937
42.23690
33.79587
25.49637
96.84332
32.51931
81.53034
1.80598
31.53904
83.34441
28.35640
14.75141
73.89377
85.47068
69.53399
4.53530
60.13555
74.37234
73.05672
20.37471
20.63075
53.84703
60.45855
0.75539
86.03719
14.34617
33.99452
58.39944
23.30750
7.60305
53.64744
76.19968
80.53177
21.63433
88.10148
77.07203
82.78333
99.63307
86.02024
28.73950
41.96468
63.27156
66.34709
94.02529
8.19404
59.85272
59.38494
81.96116
98.01017
36.31534
38.91282
99.53452
64.72216
93.69095
81.36342
25.99017
76.24464
31.08260
0.15492
76.90538
9.13418
40.60826
92.89596
44.11988
96.19685
12.30463
69.05733
84.15229
71.72683
86.56656
22.20719
37.67241
64.10704
70.45256
15.59308
71.00791
51.62208
20.48252
17.23751
15.32671
76.75244
88.89441
15.03306
10.81773
85.31703
99.67264
53.35038
50.75556
66.66655
75.10318
23.36598
64.37519
43.24989
95.07223
79.57964
90.46578
63.64458
11.96445
53.10573
49.86207
5.82454
75.86927
59.58970
27.37911
66.13552
41.68328
77.47322
4.38458
22.25103
78.22192
33.03686
15.62471
3.72896
18.54065
98.85442
52.76495
13.24143
46.26953
16.38653
21.18495
73.04827
48.98757
56.90281
64.95776
95.02186
17.17975
