0.002917
0.005360
0.003093
0.002433
0.001157
0.034910
0.022676
0.010645
0.029635
0.004108
0.009205
0.011649
0.001525
0.003186
0.022046
0.036592
0.003129
0.020802
0.014209
0.032911
0.016501
0.000564
0.013807
0.011934
0.013958
0.008666
0.036656
0.002478
0.010212
0.016417
0.005626
0.011294
0.004590
0.008419
0.002398
0.012659
0.003586
0.018134
0.005361
0.002826
0.000976
0.012409
0.001323
0.034718
0.016039
0.028386
0.026008
0.002479
0.002836
0.011420
0.018192
0.002946
0.005573
0.003905
0.005826
0.021470
0.010554
0.000463
0.001135
0.002691
0.005997
0.009799
0.022193
0.001221
0.001086
0.013542
0.003110
0.005726
0.003152
0.000378
0.002367
0.018226
0.000657
0.006415
0.036891
0.000953
0.030224
0.020415
0.012433
0.009669
0.006918
0.009043
0.000588
0.012825
0.007152
0.022907
0.001582
0.002078
0.023665
0.015819
0.013588
0.009057
0.001708
0.001698
0.011855
0.009518
0.014411
0.004610
0.014725
0.005913
0.000410
0.020215
0.009152
0.028898
0.016520
0.004306
0.002016
0.003948
0.004183
0.003918
0.000701
0.029482
0.035627
0.008764
0.009827
0.016398
0.008277
0.004996
0.012046
0.017126
0.029948
0.016845
0.003776
0.029162
0.000928
0.004498
0.002322
0.004413
0.003745
0.026095
0.032568
0.013960
0.015087
0.002050
0.011441
0.003365
0.000250
0.065542
0.054213
0.019384
0.011993
0.011777
0.001445
0.002227
0.071527
0.008953
0.001289
0.052600
0.000366
0.004585
0.010918
0.016439
0.001988
0.004428
0.007853
0.001514
0.008319
0.027517
0.040954
0.018331
0.038905
0.020735
0.003734
0.003810
0.003635
0.002021
0.012254
0.006498
0.020706
0.002893
0.039328
0.026759
0.008020
0.002008
0.017586
0.002707
0.005826
0.008235
0.009778
0.030485
0.011235
0.005251
0.015987
0.003478
0.040968
0.011077
0.025128
0.029621
0.012929
0.015419
0.007510
0.005028
0.031980
0.010109
0.009821
0.002103
0.015470
0.025107
0.020480
0.000535
0.112061
0.012175
0.016632
0.020906
0.003635
0.002853
0.038274
0.026798
0.015822
0.005631
0.015657
0.000269
0.015046
0.000097
0.017181
0.006653
0.017481
0.020356
0.000093
0.000486
0.021476
0.010864
0.001299
0.005698
0.004612
0.010155
0.010275
0.004208
0.001277
0.005800
0.002765
0.018828
0.008424
0.034649
0.010107
0.022530
0.001348
0.001281
0.013649
0.001460
0.014303
0.001277
0.007445
0.021343
0.025819
0.025644
0.005765
0.005852
0.031224
0.001910
0.011153
0.003877
0.004239
0.004922
0.005663
0.003710
0.003794
0.003760
0.002827
0.026146
0.007191
0.016642
0.008135
0.003552
0.002464
0.023470
0.007984
0.002928
0.000059
0.002013
0.023691
0.017831
0.030328
0.028451
0.028652
0.020933
0.012645
0.008778
0.004459
0.003750
0.024126
0.019917
0.001135
0.005386
0.004803
0.018019
0.015452
0.002012
0.033391
0.001465
0.004215
0.015988
0.017542
0.010042
0.006220
0.001070
0.041603
0.000595
0.011504
0.002654
0.016524
0.014180
0.007936
0.015667
0.000730
0.030117
0.037536
0.008942
0.008986
0.008109
0.003588
0.002811
0.041148
0.041684
0.001611
0.000590
0.002607
0.015686
0.011302
0.001837
0.007797
0.010095
0.001999
0.000786
0.000920
0.004894
0.004550
0.030822
0.017053
0.003285
0.014507
0.000514
0.000794
0.000084
0.008325
0.024301
0.018113
0.026437
0.006164
0.006843
0.000325
0.005579
0.033049
0.005069
0.012772
0.022892
0.004080
0.001492
0.002310
0.000002
0.008226
0.027771
0.000125
0.000451
0.001642
0.006805
0.006618
0.014560
0.006995
0.005960
0.006771
0.001264
0.020972
0.000171
0.017983
0.007564
0.024516
0.000906
0.014462
0.008274
0.016597
0.000670
0.014999
0.016048
0.000630
0.019387
0.004193
0.012042
0.001964
0.004587
0.009544
0.007237
0.022264
0.000426
0.015773
0.133968
0.006103
0.004253
0.019993
0.002673
0.045324
0.001420
0.026919
0.005139
0.000868
0.005757
0.011781
0.005204
0.009988
0.003371
0.007846
0.013851
0.021656
0.030188
0.000712
0.001836
0.004844
0.014962
0.004389
0.008550
0.004598
0.006134
0.010186
0.023996
0.001376
0.036302
0.016521
0.027944
0.017764
0.009011
0.003682
0.029799
0.002038
0.016475
0.000510
0.013089
0.009553
0.005666
0.005931
0.053988
0.036617
0.023752
0.017610
0.006009
0.008415
0.008784
0.012061
0.002346
0.007611
0.002728
0.000931
0.013715
0.005411
0.001490
0.008974
0.000799
0.017896
0.000120
0.002910
0.002179
0.001187
0.001366
0.000434
0.029312
0.002340
0.027241
0.019207
0.016250
0.004473
0.003724
0.022796
0.015591
0.016330
0.040500
0.002822
0.010405
0.004399
0.005238
0.030519
0.006321
0.002247
0.006706
0.000131
0.004932
0.024772
0.004129
0.013942
0.027087
0.003817
0.011752
0.004255
0.003531
0.026512
0.000851
0.008031
0.003627
0.003515
0.002849
0.000215
0.003893
0.007529
0.004573
0.018159
0.022826
0.001873
0.004184
0.007569
0.002256
0.029154
0.033456
0.007721
0.006060
0.002144
0.008372
0.008933
0.013869
0.006943
0.009288
0.004649
0.001950
0.000924
0.001706
0.001656
0.011349
0.007772
0.006558
0.004151
0.000269
0.010981
0.004748
0.012592
0.041829
0.000978
0.018291
0.033925
0.014468
0.015503
0.001217
0.002185
0.001704
0.004839
0.018878
0.019269
0.015187
0.001976
0.009919
0.044122
0.028082
0.012403
0.016245
0.015087
0.013451
0.012995
0.036659
0.019183
0.013374
0.002408
0.001866
0.003682
0.004153
0.006387
0.024246
0.009619
0.006901
0.003682
0.029017
0.001527
0.010646
0.006484
0.003909
0.043441
0.006326
0.013536
0.006261
0.006633
0.032305
0.023010
0.016220
0.006811
0.002683
0.000739
0.011626
0.001549
0.003591
0.007462
0.007470
0.013248
0.025733
0.005437
0.003847
0.006704
0.001407
0.029102
0.022510
0.012136
0.011819
0.001015
0.041630
0.001088
0.021577
0.002514
0.014830
0.009401
0.031507
0.017838
0.005854
0.024737
0.012040
0.038443
0.002152
0.005662
0.017969
0.004396
0.031042
0.022216
0.008841
0.035491
0.000248
0.012917
0.014567
0.005032
0.019797
0.019271
0.010342
0.004510
0.001377
0.019314
0.037884
0.012422
0.003001
0.011839
0.017440
0.000925
0.003661
0.008357
0.012774
0.007536
0.038964
0.013462
0.005479
0.002707
0.045866
0.001243
0.019957
0.033693
0.006773
0.001562
0.035199
0.010945
0.010581
0.051270
0.009974
0.007411
0.016652
0.006203
0.016006
0.020892
0.005841
0.033536
0.003270
0.070703
0.029721
0.008052
0.014408
0.022232
0.022080
0.008521
0.008764
0.010716
0.031290
0.004969
0.015239
0.004018
0.004616
0.005949
0.008497
0.010019
0.025373
0.003592
0.014267
0.022601
0.000152
0.021416
0.029072
0.000461
0.001271
0.003665
0.013290
0.012803
0.038434
0.038601
0.001919
0.003832
0.004521
0.007360
0.034804
0.012244
0.012244
0.004511
0.002745
0.007623
0.041773
0.014196
0.006202
0.003390
0.029461
0.004347
0.011926
0.000581
0.016790
0.000321
0.008691
0.018831
0.002185
0.039477
0.004484
0.002652
0.007118
0.026958
0.006348
0.007043
0.000007
0.001689
0.017505
0.006042
0.006042
0.009130
0.013488
0.004385
0.022498
0.005290
0.010217
0.003510
0.007318
0.007600
0.017100
0.005818
0.009288
0.019923
0.000803
0.002812
0.013091
0.001061
0.012988
0.001957
0.000688
0.000219
0.012170
0.010756
0.024733
0.047199
0.001412
0.023465
0.001609
0.001342
0.009278
0.003224
0.013070
0.023324
0.003344
0.020182
0.014795
0.038424
0.008131
0.004202
0.006574
0.026975
0.012285
0.019777
0.001815
0.013505
0.017179
0.009628
0.008657
0.002245
0.008393
0.007580
0.004944
0.025313
0.003897
0.019807
0.005564
0.000011
0.018479
0.012220
0.019807
0.002115
0.018881
0.004008
0.012540
0.005021
0.004197
0.016545
0.022597
0.016579
0.036306
0.042928
0.004449
0.001140
0.021982
0.002505
0.012781
0.002903
0.008196
0.000254
0.019658
0.010667
0.004669
0.015212
0.006766
0.002376
0.004054
0.001368
0.001727
0.023028
0.027329
0.015638
0.009270
0.005835
0.009305
0.019686
0.008647
0.000787
0.000900
0.025287
0.010888
0.014214
0.023082
0.035163
0.000772
0.028748
0.024494
0.000733
0.011774
0.002002
0.006318
0.000627
0.016038
0.028316
0.025691
0.002267
0.001999
0.006255
0.000413
0.013178
0.011979
0.022520
0.007741
0.003686
0.005919
0.041830
0.006264
0.014307
0.009781
0.001621
0.023318
0.046727
0.003606
0.015820
0.000668
0.023766
0.012619
0.002150
0.003229
0.036026
0.011928
0.002690
0.012341
0.000279
0.008318
0.015772
0.000019
0.001515
0.005125
0.058522
0.031154
0.011055
0.003878
0.004767
0.008709
0.002135
0.006935
0.001914
0.000245
0.022816
0.024402
0.011415
0.025526
0.022346
0.002235
0.008380
0.007643
0.005349
0.044618
0.014965
0.007276
0.005698
0.003186
0.000708
0.004559
0.005155
0.004058
0.012157
0.003373
0.021584
0.020373
0.006919
0.004712
0.000755
0.009312
0.012222
0.000200
0.008185
0.016834
0.001534
0.000429
0.002223
0.014015
0.010792
0.006436
0.002955
0.012809
0.037920
0.035436
0.001054
0.000175
0.005492
0.000097
0.023445
0.000134
0.007323
0.010381
0.002823
0.004315
0.002747
0.010163
0.010355
0.005799
0.002145
0.011632
0.003022
0.022697
0.001196
0.000147
0.003582
0.006174
0.001265
0.000904
0.010049
0.014491
0.001973
0.015034
0.026848
0.000038
0.000893
0.006104
0.014942
0.011007
0.042510
0.007134
0.030009
0.009768
0.000898
0.009597
0.011191
0.016156
0.000368
0.012956
0.011801
0.024402
0.013106
0.002404
0.002848
0.013057
0.000708
0.008591
0.008332
0.007375
0.004374
0.017864
0.029516
0.011142
0.006140
0.000247
0.012237
0.010547
0.020166
0.014069
0.023392
0.072677
0.005721
0.003275
0.001007
0.006180
0.012912
0.005457
0.004933
0.018533
0.015171
0.003777
0.003409
0.001110
0.005609
0.006483
0.002392
0.006452
0.023833
0.008169
0.003137
0.047681
0.032107
0.016770
0.001615
0.001045
0.006186
0.012096
0.002900
0.013557
0.001431
0.014701
0.002410
0.022048
0.006247
0.029077
0.007288
0.001661
0.026329
0.002036
0.073283
0.012425
0.020433
0.002191
0.015906
0.025719
0.017562
0.014152
0.004010
0.009917
0.021171
0.042929
0.007728
0.000733
0.002658
0.012663
0.001281
0.023933
0.019178
0.017784
0.006490
0.011439
0.038001
0.004770
0.005075
0.001992
0.026578
0.039715
0.005677
0.004740
0.008250
0.000755
0.000039
0.008455
0.031752
0.001359
0.004967
0.000513
0.004276
0.005910
0.013228
0.009357
0.004197
0.043299
0.003516
0.017475
0.004652
0.001155
0.016495
0.011527
0.000242
0.014804
0.059681
0.015173
0.004346
0.007145
0.043624
0.028594
0.013686
0.029578
0.007433
0.009543
0.002321
0.002966
0.016955
0.010070
0.012679
0.023338
0.005125
0.006577
0.006978
0.027006
0.007660
0.019291
0.011285
0.008428
0.011197
0.001830
0.008463
0.016158
0.032487
0.000313
0.021273
0.014367
0.016846
0.011348
0.001228
0.033042
0.016423
0.000347
0.010944
0.003659
0.003973
0.005380
0.013058
0.016896
0.011883
0.000128
0.009694
0.001969
0.000233
0.020078
0.012421
0.010976
0.022790
0.018430
0.001044
0.009729
0.009282
0.004057
0.036472
0.002501
0.010682
0.021101
0.015914
0.051774
0.009408
0.014580
0.004690
0.014262
0.003887
0.008158
0.000456
0.008888
0.021358
0.005069
0.012438
0.018996
0.000186
0.000744
0.003004
0.017931
0.013047
0.000397
0.005513
0.024456
0.035678
0.032642
0.020491
0.001707
0.000851
0.003530
0.026907
0.001161
0.010779
0.013813
0.020913
0.024111
0.021246
0.004009
0.030443
0.010638
0.003205
0.002784
0.002220
0.002471
0.011820
0.000708
0.021906
0.007798
0.005284
0.027745
0.003523
0.007504
0.008611
0.032380
0.000897
0.001182
0.031312
0.014970
0.032141
0.003742
0.003435
0.001501
0.009082
0.001047
0.022448
0.004125
0.002487
0.010058
0.001612
0.002498
0.023991
0.008400
0.003700
0.001794
0.008565
0.018534
0.002384
0.001871
0.037022
0.032001
0.000022
0.015310
0.003127
0.044831
0.043122
0.004477
0.003243
0.013556
0.030768
0.009462
0.038315
0.035560
0.000919
0.037160
0.000704
0.019453
0.003455
0.005333
0.030137
0.005119
0.021702
0.031327
0.001266
0.004677
0.000075
0.003214
0.004572
0.019967
0.000364
0.064076
0.001207
0.004278
0.006062
0.014949
0.016218
0.001075
0.038372
0.048655
0.006803
0.039209
0.001041
0.025543
0.008742
0.002555
0.010879
0.021674
0.015462
0.023527
0.014997
0.010340
0.001149
0.007759
0.051850
0.017002
0.011531
0.032268
0.001653
0.006896
0.007016
0.017888
0.015053
0.005422
0.020822
0.014976
0.027684
0.000785
0.005344
0.009694
0.001402
0.018986
0.016416
0.005520
0.010334
0.002208
0.029928
0.067705
0.019781
0.020575
0.014732
0.027491
0.001375
0.012184
0.020055
0.002629
0.036785
0.046816
0.005056
0.002926
0.003734
0.013894
0.015116
0.002343
0.015527
0.016328
0.045564
0.004120
0.031529
0.059390
0.013881
0.001337
0.010640
0.009323
0.069524
0.003530
0.008938
0.023767
0.008821
0.006011
0.016571
0.044020
0.003000
0.009872
0.005504
0.003146
0.001737
0.018684
0.008331
0.034695
0.013559
0.000616
0.000742
0.030499
0.039764
0.009579
0.011012
0.014886
0.029529
0.002333
0.025453
0.014414
0.004121
0.009330
0.012356
0.000429
0.010029
0.000081
0.000952
0.006015
0.012479
0.005409
0.006899
0.006047
0.008267
0.007503
0.005447
0.000741
0.002269
0.008130
0.005879
0.036874
0.004621
0.004918
0.002335
0.001247
0.000459
0.005616
0.023438
0.021639
0.004777
0.008653
0.001864
0.005103
0.018080
0.010575
0.009814
0.001679
0.024459
0.000267
0.006355
0.002808
0.012110
0.030366
0.027288
0.001552
0.015680
0.003394
0.063576
0.021645
0.063293
0.010121
0.006116
0.004942
0.008103
0.032061
0.003514
0.002219
0.018391
0.002157
0.000224
0.014246
0.031623
0.006414
0.001673
0.001873
0.015376
0.064040
0.011288
0.012150
0.005935
0.004921
0.012590
0.017513
0.020698
0.000927
0.001991
0.003437
0.001696
0.009657
0.002425
0.003014
0.014998
0.003831
0.004371
0.006277
0.015598
0.016106
0.033237
0.000789
0.073818
0.007092
0.012176
0.022738
0.006913
0.000108
0.003237
0.004309
0.014893
0.009874
0.000688
0.005234
0.010566
0.005275
0.033332
0.008286
0.009525
0.022736
0.003226
0.021774
0.028967
0.052830
0.020068
0.032658
0.005719
0.024837
0.003467
0.007996
0.047396
0.011827
0.025858
0.016644
0.010058
0.014766
0.002543
0.025168
0.009762
0.007564
0.023353
0.055015
0.004747
0.000079
0.002697
0.001419
0.028457
0.006775
0.007119
0.022865
0.001726
0.003085
0.002052
0.035230
0.004092
0.002981
0.017885
0.013319
0.001107
0.011756
0.028101
0.026525
0.003295
0.007896
0.016113
0.001772
0.003980
0.007399
0.003204
0.005125
0.050876
0.025542
0.005897
0.006874
0.002076
0.001472
0.004273
0.016721
0.021388
0.018874
0.004357
0.003822
0.033628
0.003137
0.035687
0.013381
0.007725
0.023834
0.040177
0.001261
0.034682
0.017935
0.001776
0.034776
0.007172
0.002430
0.001754
0.002714
0.062132
0.002814
0.003968
0.021281
0.007666
0.001169
0.003075
0.019665
0.019697
0.012271
0.011883
0.000683
0.019954
0.004564
0.013455
0.002819
0.004084
0.024172
0.012228
0.000585
0.013407
0.009595
0.004359
0.035932
0.000146
0.010769
0.005591
0.042448
0.010066
0.012087
0.016905
0.025537
0.009976
0.007832
0.023319
0.026611
0.014222
0.001995
0.018367
0.004316
0.021604
0.004581
0.007233
0.025935
0.004324
0.027021
0.004168
0.001318
0.008780
0.001696
0.003100
0.002424
0.001053
0.028581
0.013601
0.027994
0.006369
0.004717
0.005433
0.004206
0.009760
0.014256
0.002857
0.001358
0.018861
0.008923
0.007914
0.001268
0.005520
0.004000
0.007029
0.001546
0.021910
0.030593
0.000517
0.000274
0.018127
0.006338
0.008594
0.006456
0.036432
0.030838
0.017464
0.001586
0.035305
0.010600
0.041702
0.012808
0.002279
0.003271
0.026645
0.003043
0.005664
0.003450
0.002302
0.022775
0.009074
0.010038
0.013750
0.000437
0.002819
0.029086
0.011363
0.007725
0.006219
0.002837
0.014658
0.004734
0.014142
0.003224
0.003885
0.010180
0.034789
0.011931
0.003539
0.036173
0.007437
0.002614
0.001271
0.026678
0.006802
0.010931
0.015944
0.001014
0.049596
0.002560
0.004131
0.000274
0.011379
0.006182
0.041134
0.003849
0.032416
0.002270
0.013831
0.009208
0.001375
0.033853
0.013581
0.010708
0.008397
0.017654
0.001823
0.000082
0.021275
0.023493
0.016130
0.016050
0.021092
0.006020
0.039749
0.004648
0.003390
0.012437
0.012910
0.002658
0.005445
0.006284
0.002831
0.011406
0.024502
0.018298
0.026446
0.005555
0.003395
0.002752
0.000577
0.008480
0.009959
0.024774
0.003273
0.012178
0.013550
0.005733
0.003618
0.002742
0.031617
0.017274
0.002959
0.009300
0.003618
0.019213
0.007427
0.012194
0.015311
0.012431
0.006910
0.026216
0.007280
0.017519
0.009972
0.009018
0.001839
0.002716
0.035293
0.027145
0.023767
0.001738
0.001641
0.010552
0.004693
0.017199
0.013754
0.004052
0.013341
0.007347
0.017959
0.010660
0.010901
0.004960
0.016274
0.013544
0.043171
0.000379
0.007792
0.009030
0.030329
0.022918
0.022605
0.007594
0.004691
0.001943
0.000019
0.015621
0.006752
0.002448
0.013845
0.006743
0.003319
0.001255
0.004485
0.037242
0.049914
0.005323
0.003540
0.005554
0.033784
0.005756
0.021242
0.010910
0.001864
0.011177
0.004455
0.008154
0.002436
0.017312
0.029357
0.014244
0.035120
0.009130
0.013186
0.003531
0.011788
0.007441
0.002736
0.001917
0.001096
0.003174
0.011147
0.009223
0.021486
0.003228
0.048237
0.021799
0.001896
0.006769
0.003463
0.014580
0.038354
0.009288
0.010389
0.013769
0.032545
0.009905
0.037358
0.029578
0.001156
0.010760
0.013794
0.021107
0.026147
0.031939
0.012950
0.010546
0.011874
0.009991
0.019104
0.017108
0.006925
0.023084
0.008477
0.018435
0.011450
0.013440
0.010085
0.006247
0.005906
0.015881
0.032663
0.006556
0.002459
0.004338
0.002067
0.004025
0.004112
0.002851
0.015092
0.005783
0.030534
0.003248
0.013257
0.011939
0.020619
0.004639
0.011132
0.017181
0.002418
0.005045
0.006587
0.007909
0.001692
0.009697
0.001298
0.016606
0.010635
0.009224
0.006904
0.023634
0.004018
0.000101
0.010674
0.005833
0.000895
0.000754
0.016347
0.023764
0.009636
0.010520
0.010764
0.005251
0.024783
0.018436
0.015776
0.018670
0.021414
0.035024
0.003740
0.001287
0.003755
0.014113
0.016118
0.003721
0.000298
0.021733
0.016539
0.051736
0.004477
0.037397
0.056713
0.006129
0.006846
0.000540
0.007658
0.005738
0.001124
0.002837
0.007346
0.022813
0.000422
0.013127
0.011516
0.017881
0.001986
0.000435
0.026839
0.059028
0.014448
0.000879
0.006930
0.035711
0.021785
0.007862
0.005902
0.000728
0.037997
0.002850
0.013261
0.001155
0.012944
0.000978
0.013014
0.002855
0.006447
0.010834
0.023848
0.027871
0.014650
0.001451
0.007366
0.014447
0.001368
0.007592
0.020023
0.014803
0.047618
0.020317
0.032228
0.039500
0.006996
0.038384
0.024940
0.011503
0.022391
0.011007
0.000169
0.020862
0.017249
0.002578
0.006027
0.012032
0.003860
0.000395
0.019853
0.008523
0.020404
0.005938
0.000358
0.018166
0.005247
0.002194
0.026573
0.022531
0.001106
0.060414
0.002637
0.002994
0.010435
0.008153
0.018947
0.005778
0.002752
0.024077
0.005333
0.006285
0.003518
0.030859
0.007929
0.010292
0.003566
0.004097
0.007319
0.001941
0.025902
0.037484
0.022454
0.007546
0.002984
0.002719
0.003790
0.020740
0.008779
0.016839
0.028658
0.016547
0.004678
0.003907
0.020159
0.006139
0.001633
0.003464
0.005393
0.032236
0.006196
0.000352
0.013083
0.012898
0.000278
0.005179
0.022692
0.044008
0.004237
0.059014
0.005564
0.003361
0.002499
0.041976
0.002187
0.004040
0.002986
0.019478
0.021772
0.023165
0.019466
0.003259
0.013077
0.021916
0.001630
0.004320
0.013238
0.004272
0.024397
0.007144
0.009512
0.004727
0.001238
0.016448
0.009766
0.013758
0.001660
0.016838
0.004836
0.003847
0.015141
0.022075
0.013273
0.007801
0.028522
0.002932
0.002380
0.002157
0.006193
0.031261
0.059613
0.014527
0.002781
0.000154
0.004076
0.010239
0.023766
0.000923
0.018444
0.054886
0.051368
0.000164
0.003199
0.003392
0.006257
0.003173
0.020161
0.019305
0.009000
0.000006
0.006045
0.004396
0.004974
0.004476
0.023829
0.006377
0.016607
0.021064
0.003953
0.004378
0.005063
0.005171
0.000447
0.002206
0.013285
0.007962
0.034375
0.005902
0.022399
0.011870
0.002457
0.010058
0.015482
0.004222
0.004967
0.006133
0.005884
0.017985
0.002755
0.004850
0.002026
0.000043
0.013992
0.000133
0.000021
0.030792
0.008038
0.011837
0.006466
0.030744
0.023899
0.026772
0.012275
0.020738
0.003252
0.001143
0.007761
0.056230
0.018402
0.016073
0.006519
0.032528
0.028539
0.000709
0.003576
0.069351
0.041289
0.007715
0.001670
0.011624
0.008839
0.011231
0.065006
0.012484
0.022871
0.005430
0.010213
0.002457
0.000593
0.013936
0.011932
0.012831
0.009447
0.006435
0.024035
0.001158
0.023449
0.004180
0.001102
0.037037
0.033278
0.028534
0.029500
0.000218
0.038346
0.010412
0.020775
0.018604
0.005448
0.002051
0.016304
0.000124
0.008703
0.031644
0.000109
0.018264
0.009435
0.003886
0.022452
0.011441
0.001193
0.002029
0.001036
0.001727
0.000749
0.002602
0.011581
0.033798
0.002205
0.000989
0.049652
0.016475
0.010360
0.019485
0.013743
0.028187
0.005740
0.002080
0.011628
0.003661
0.000952
0.002111
0.003970
0.003332
0.038797
0.012256
0.002079
0.004375
0.006242
0.015067
0.013669
0.006899
0.001766
0.011953
0.008875
0.008896
0.008172
0.004403
0.007753
0.001333
0.007411
0.018544
0.011889
0.016076
0.021340
0.006365
0.000334
0.010469
0.002265
0.027538
0.023352
0.000877
0.019891
0.002300
0.023014
0.009586
0.012807
0.000334
0.006158
0.001267
0.001008
0.011370
0.027248
0.036421
0.014717
0.012768
0.011847
0.030818
0.048128
0.012670
0.000177
0.005397
0.047096
0.026513
0.041623
0.004550
0.023247
0.004816
0.004818
0.000528
0.005764
0.023253
0.016903
0.023613
0.006822
0.026998
0.009237
0.002365
0.005057
0.007366
0.014123
0.000694
0.003291
0.029192
0.005116
0.027181
0.004369
0.019682
0.001353
0.008160
0.038239
0.006467
0.023362
0.007231
0.000304
0.002650
0.033210
0.024536
0.013938
0.073233
0.026850
0.004920
0.000034
0.001153
0.008758
0.003262
0.023275
0.000006
0.006408
0.006433
0.020352
0.005192
0.047708
0.000654
0.008756
0.010360
0.009322
0.000198
0.007805
0.012943
0.014636
0.005101
0.020205
0.008224
0.009789
0.001667
0.024771
0.024216
0.009580
0.018357
0.020163
0.026144
0.008893
0.006963
0.001167
0.014679
0.005264
0.023173
0.042583
0.002960
0.010360
0.008248
0.021955
0.011981
0.003648
0.043868
0.009770
0.009260
0.003739
0.023041
0.016074
0.018171
0.001114
0.011928
0.031903
0.080903
0.014716
0.002258
0.018084
0.001322
0.015927
0.006778
0.000359
0.006451
0.002235
0.005468
0.013195
0.016064
0.007988
0.004868
0.014466
0.002963
0.001253
0.013955
0.002436
0.000119
0.007778
0.014811
0.002907
0.016276
0.006470
0.025706
0.011330
0.016243
0.097643
0.007511
0.015631
0.003055
0.026330
0.014479
0.000063
0.002256
0.036440
0.002615
0.012100
0.000283
0.010056
0.001525
0.015684
0.003690
0.001319
0.004460
0.028726
0.014903
0.001080
0.003244
0.012306
0.015095
0.010530
0.001403
0.008996
0.000021
0.001603
0.011922
0.011615
0.001294
0.001941
0.047817
0.010680
0.012877
0.014568
0.005227
0.024276
0.000822
0.013961
0.007775
0.016120
0.002473
0.010130
0.015756
0.004477
0.005539
0.007213
0.006570
0.008839
0.005624
0.011823
0.006572
0.037108
0.000146
0.009498
0.001162
0.016937
0.013253
0.003485
0.010765
0.004008
0.007464
0.003250
0.004955
0.029163
0.004281
0.008275
0.062850
0.011233
0.011975
0.005616
0.012246
0.008421
0.004818
0.008856
0.002285
0.007116
0.001328
0.014970
0.004132
0.006516
0.029292
0.003719
0.007969
0.031160
0.003789
0.004693
0.009298
0.005030
0.003850
0.011735
0.003897
0.001698
0.005414
0.042222
0.012488
0.001285
0.028810
0.009232
0.000396
0.008352
0.012890
0.008041
0.000718
0.000843
0.027444
0.017104
0.008040
0.001847
0.010102
0.001179
0.010008
0.008562
0.000211
0.012682
0.014004
0.004564
0.018420
0.025746
0.004404
0.033104
0.029122
0.000681
0.002696
0.014507
0.005861
0.000847
0.000309
0.010176
0.001623
0.015829
0.002990
0.020982
0.041989
0.007963
0.001882
0.011397
0.005032
0.011606
0.012992
0.007121
0.019446
0.021794
0.023717
0.023578
0.006301
0.004571
0.004003
0.027335
0.024595
0.002355
0.004251
0.002547
0.008963
0.006630
0.024902
0.005946
0.011001
0.003411
0.012705
0.014214
0.005051
0.001780
0.004388
0.023256
0.006429
0.020959
0.003749
0.003390
0.001224
0.006845
0.014663
0.005353
0.025988
0.001518
0.020860
0.022916
0.016689
0.024601
0.009432
0.007166
0.023691
0.002352
0.006004
0.017085
0.000481
0.009193
0.019185
0.000262
0.000825
0.002739
0.011631
0.024848
0.016249
0.011380
0.000494
0.024043
0.018609
0.040547
0.035786
0.001766
0.012082
0.009489
0.005219
0.029165
0.026781
0.002309
0.000884
0.027764
0.016593
0.006085
0.015007
0.016141
0.000770
0.022361
0.007685
0.003761
0.006935
0.003044
0.007807
0.023060
0.025626
0.013130
0.000770
0.008832
0.008719
0.007543
0.002771
0.001531
0.029068
0.005895
0.001820
0.007009
0.005495
0.003959
0.006972
0.001622
0.026749
0.002774
0.003646
0.016230
0.001113
0.042879
0.000502
0.009370
0.020801
0.001551
0.006481
0.005917
0.012137
0.005077
0.006625
0.007792
0.001054
0.004641
0.001789
0.000109
0.023875
0.000427
0.009544
0.029036
0.011648
0.009147
0.013417
0.004078
0.017175
0.046798
0.001824
0.000352
0.036107
0.006729
0.082278
0.003515
0.008250
0.014755
0.020676
0.011992
0.006866
0.051698
0.001320
0.017094
0.010536
0.015464
0.001784
0.006595
0.003813
0.027312
0.039983
0.018232
0.044688
0.032376
0.020248
0.008355
0.015318
0.023781
0.017203
0.021977
0.003406
0.050490
0.017214
0.012936
0.001871
0.000400
0.034736
0.005273
0.012231
0.013016
0.003848
0.018197
0.001408
0.006296
0.007004
0.000161
0.003039
0.002479
0.001844
0.002847
0.054980
0.036755
0.013862
0.002502
0.000743
0.015618
0.017885
0.001961
0.000293
0.022335
0.019292
0.003194
0.004034
0.012280
0.003952
0.069004
0.009614
0.003687
0.015202
0.031999
0.002842
0.030966
0.013701
0.017359
0.008952
0.004687
0.003997
0.022009
0.002714
0.010848
0.033536
0.005744
0.021832
0.012710
0.006362
0.013089
0.004536
0.052124
0.002303
0.002010
0.005914
0.032377
0.002143
0.012106
0.004533
0.003461
0.015631
0.001387
0.002906
0.004445
0.033008
0.026406
0.030998
0.011020
0.003919
0.005228
0.012384
0.014879
0.009099
0.022877
0.006053
0.017153
0.000307
0.006974
0.005326
0.003324
0.004078
0.010514
0.029723
0.004904
0.019038
0.018421
0.011082
0.011120
0.003495
0.002189
0.018309
0.002287
0.001087
0.066851
0.003135
0.005849
0.003527
0.001481
0.007657
0.016959
0.005057
0.004707
0.027412
0.008823
0.000537
0.014876
0.019881
0.009039
0.032033
0.029382
0.001627
0.011142
0.007278
0.005175
0.000797
0.004807
0.005576
0.004208
0.008089
0.004212
0.006987
0.065883
0.001530
0.016715
0.006134
0.014643
0.013126
0.014631
0.004244
0.009153
0.009280
0.007978
0.001518
0.007248
0.011797
0.015252
0.016433
0.000577
0.014553
0.015955
0.001817
0.004878
0.015961
0.006775
0.000261
0.005544
0.041249
0.010111
0.013475
0.042541
0.024834
0.008090
0.001224
0.003957
0.019419
0.004256
0.012600
0.002994
0.010336
0.007667
0.014546
0.104622
0.064952
0.024552
0.025688
0.008513
0.001545
0.003636
0.007888
0.009597
0.000051
0.002806
0.002318
0.002889
0.015671
0.007027
0.002019
0.000314
0.020543
0.011984
0.007234
0.001138
0.010475
0.012143
0.012160
0.001866
0.003333
0.002129
0.022354
0.011066
0.000375
0.027666
0.001015
0.007518
0.000126
0.060721
0.024863
0.003578
0.016140
0.008195
0.001805
0.021213
0.014653
0.019563
0.009510
0.001013
0.013959
0.005110
0.040095
0.039079
0.019376
0.003642
0.007626
0.031590
0.006606
0.002510
0.006324
0.017087
0.028443
0.014139
0.056146
0.022656
0.001617
0.002747
0.001202
0.018605
0.021477
0.038830
0.002695
0.008138
0.017709
0.003406
0.011893
0.009599
0.014712
0.004942
0.016521
0.007724
0.002265
0.023387
0.010985
0.028054
0.001340
0.010379
0.007922
0.016814
0.002984
0.012054
0.020202
0.003418
0.003159
0.002585
0.001470
0.052071
0.015703
0.011125
0.005608
0.025035
0.034494
0.022499
0.010785
0.039054
0.009541
0.011420
0.019434
0.005234
0.038433
0.012905
0.004088
0.026412
0.018053
0.013948
0.002141
0.027988
0.035972
0.012144
0.003354
0.021336
0.019708
0.006239
0.003068
0.018339
0.013398
0.000264
0.002900
0.000694
0.007717
0.004066
0.009183
0.012185
0.000688
0.015758
0.021247
0.007587
0.005866
0.002063
0.009765
0.026871
0.006845
0.010807
0.014144
0.024212
0.000485
0.009318
0.020795
0.001799
0.008897
0.023651
0.008976
0.007044
0.045496
0.042814
0.000365
0.008273
0.012960
0.009061
0.008088
0.000891
0.023612
0.008014
0.002804
0.036442
0.025171
0.014506
0.004848
0.017270
0.011446
0.024497
0.017671
0.017667
0.000520
0.042729
0.007172
0.030750
0.010203
0.001546
0.014120
0.000179
0.062945
0.022393
0.000749
0.023679
0.010663
0.019938
0.012016
0.009484
0.012499
0.000086
0.005429
0.000671
0.001928
0.006120
0.000460
0.016492
0.000919
0.022228
0.005355
0.011801
0.009435
0.014272
0.004737
0.018148
0.017649
0.012952
0.000830
0.010804
0.028053
0.002118
0.027496
0.033674
0.011201
0.002172
0.012452
0.005354
0.006682
0.005364
0.005713
0.000784
0.000812
0.022188
0.006747
0.000354
0.006670
0.003268
0.013440
0.026694
0.005618
0.003359
0.002120
0.021080
0.008300
0.010785
0.001330
0.006463
0.009012
0.007441
0.000882
0.005808
0.011984
0.005481
0.010853
0.004229
0.008653
0.006679
0.054982
0.002800
0.004723
0.001067
0.013462
0.003099
0.006039
0.004869
0.008345
0.000241
0.016403
0.002996
0.015117
0.004310
0.007140
0.053712
0.000024
0.001796
0.019277
0.008964
0.069630
0.005788
0.003733
0.002999
0.039082
0.021220
0.002415
0.006910
0.026827
0.008093
0.030377
0.002518
0.027256
0.014236
0.001260
0.007629
0.026297
0.002130
0.000487
0.021366
0.010551
0.000631
0.002255
0.009903
0.004105
0.024625
0.053072
0.002317
0.001944
0.005222
0.017468
0.015350
0.026917
0.011317
0.034193
0.018666
0.003365
0.007200
0.008733
0.000985
0.033292
0.028719
0.000309
0.000655
0.001130
0.000764
0.010787
0.034116
0.006501
0.000259
0.008016
0.013327
0.014004
0.001912
0.019310
0.007319
0.010821
0.008344
0.015424
0.025501
0.022921
0.002965
0.015286
0.005060
0.013013
0.027074
0.008412
0.044112
0.006716
0.017733
0.020552
0.000245
0.024117
0.038534
0.000409
0.011628
0.005265
0.011853
0.010892
0.046915
0.012252
0.040059
0.001797
0.002308
0.020514
0.004827
0.013702
0.001486
0.014230
0.000900
0.004459
0.002400
0.005349
0.009081
0.041872
0.001915
0.002300
0.016368
0.025270
0.012603
0.008388
0.004470
0.018854
0.042381
0.019467
0.000498
0.001749
0.007070
0.006741
0.011868
0.032675
0.000552
0.031338
0.001625
0.007823
0.014786
0.046157
0.034494
0.025795
0.018089
0.016438
0.008825
0.007575
0.002319
0.032507
0.020811
0.023795
0.022259
0.005008
0.008601
0.000172
0.011602
0.008798
0.011127
0.056057
0.012345
0.025192
0.010053
0.009043
0.001545
0.000819
0.005084
0.007111
0.000228
0.013842
0.013355
0.006973
0.010455
0.002606
0.000364
0.008136
0.011842
0.005730
0.014891
0.000307
0.035124
0.022211
0.009357
0.014405
0.005621
0.000201
0.022611
0.025840
0.015706
0.007048
0.001997
0.000089
0.015647
0.003103
0.027960
0.005986
0.003502
0.000529
0.000632
0.032071
0.001245
0.003778
0.015534
0.031743
0.001653
0.007550
0.011625
0.010048
0.025069
0.003122
0.009632
0.003341
0.010607
0.004842
0.018882
0.019194
0.014845
0.001433
0.006271
0.006225
0.020305
0.011125
0.008633
0.006474
0.034482
0.049864
0.007687
0.032002
0.006430
0.001437
0.000407
0.003026
0.000021
0.000975
0.007142
0.034433
0.015089
0.018836
0.005614
0.002258
0.016611
0.032243
0.032899
0.003608
0.002059
0.013288
0.010282
0.008005
0.019570
0.008418
0.021501
0.009054
0.015198
0.010933
0.002273
0.017349
0.004896
0.004184
0.013103
0.005133
0.002414
0.000287
0.010140
0.001737
0.018760
0.008540
0.046840
0.006461
0.012562
0.002346
0.004843
0.006123
0.007084
0.001458
0.018212
0.011818
0.018123
0.001164
0.012941
0.000896
0.011805
0.000562
0.018046
0.002604
0.003645
0.021787
0.013991
0.011961
0.012568
0.003790
0.024752
0.021300
0.002042
0.009751
0.028023
0.008358
0.026713
0.029234
0.008255
0.018270
0.003743
0.012748
0.008845
0.004261
0.002307
0.006628
0.038137
0.000152
0.008626
0.026704
0.020445
0.028027
0.001543
0.013225
0.025688
0.005495
0.004231
0.009211
0.009815
0.010581
0.009461
0.000583
0.008547
0.010314
0.030563
0.006878
0.004814
0.001442
0.018779
0.014381
0.001379
0.008061
0.030291
0.002648
0.035818
0.035211
0.003637
0.007734
0.006043
0.002000
0.007183
0.004307
0.021092
0.003883
0.003885
0.002783
0.019706
0.017964
0.012845
0.002481
0.004478
0.002576
0.006544
0.018335
0.036937
0.018312
0.000633
0.006921
0.001411
0.021037
0.032246
0.003069
0.055517
0.043948
0.032832
0.022414
0.013205
0.006632
0.001155
0.027860
0.039488
0.016804
0.013749
0.010705
0.007423
0.008897
0.000316
0.010460
0.002428
0.039360
0.002087
0.004615
0.007896
0.000402
0.046165
0.010425
0.012037
0.012035
0.001956
0.004554
0.009401
0.006884
0.019118
0.027463
0.004159
0.014988
0.012897
0.010701
0.013425
0.018570
0.015765
0.005143
0.010656
0.006515
0.004012
0.059298
0.008104
0.035314
0.005397
0.012690
0.013861
0.004131
0.013412
0.006706
0.010523
0.014153
0.036128
0.010476
0.029388
0.004846
0.019253
0.021547
0.024452
0.017694
0.021145
0.001041
0.001847
0.001390
0.006285
0.006885
0.052222
0.001266
0.015735
0.007005
0.001742
0.031473
0.005294
0.019947
0.014094
0.026687
0.002869
0.004363
0.031939
0.026708
0.058627
0.000092
0.001695
0.014828
0.000336
0.029742
0.002880
0.000885
0.010200
0.016446
0.005779
0.012621
0.008232
0.002383
0.015036
0.012628
0.009128
0.006106
0.013291
0.007475
0.020663
0.020141
0.009316
0.037186
0.041993
0.008926
0.021335
0.013220
0.009958
0.007318
0.010896
0.015216
0.055398
0.011236
0.013668
0.013223
0.033646
0.015838
0.031555
0.000699
0.000603
0.019717
0.005133
0.026418
0.003500
0.010057
0.001574
0.016630
0.005360
0.007977
0.014713
0.029454
0.002871
0.001098
0.013408
0.002638
0.003113
0.011778
0.014153
0.010662
0.005268
0.028614
0.004401
0.014753
0.008315
0.014239
0.015342
0.001633
0.005827
0.001785
0.007370
0.008049
0.022879
0.018089
0.000404
0.004603
0.010322
0.011458
0.009756
0.023701
0.003148
0.014528
0.001591
0.009493
0.001555
0.030539
0.006941
0.005168
0.002738
0.001783
0.000342
0.042100
0.009987
0.011810
0.015727
0.019732
0.004819
0.018696
0.018712
0.014012
0.008098
0.004185
0.002494
0.009303
0.009207
0.006455
0.016308
0.016965
0.028415
0.014992
0.001578
0.006892
0.008076
0.000519
0.040613
0.006404
0.017566
0.031593
0.016294
0.001170
0.048975
0.000999
0.012768
0.002003
0.001726
0.007278
0.008353
0.037986
0.019575
0.013144
0.006306
0.026269
0.015084
0.004554
0.009298
0.006386
0.014160
0.007865
0.015092
0.000039
0.015469
0.003284
0.072711
0.029155
0.007346
0.009706
0.003436
0.010905
0.004995
0.016743
0.007779
0.001852
0.013357
0.006836
0.018896
0.007286
0.000526
0.003964
0.003761
0.001502
0.005212
0.000335
0.001183
0.004528
0.000133
0.004977
0.026020
0.004378
0.028231
0.015629
0.003138
0.030099
0.007741
0.010848
0.004924
0.016479
0.007798
0.002679
0.049111
0.020224
0.000668
0.096337
0.009416
0.002466
0.004672
0.003755
0.017346
0.002281
0.003559
0.052724
0.014307
0.003145
0.002785
0.002736
0.006017
0.009250
0.014998
0.008335
0.012464
0.010672
0.017840
0.028896
0.010413
0.004166
0.011877
0.001723
0.003642
0.005532
0.025599
0.000091
0.002862
0.002218
0.001790
0.005148
0.021749
0.029922
0.000407
0.000174
0.019793
0.012900
0.015459
0.007812
0.006411
0.003186
0.016774
0.006534
0.019799
0.012230
0.008083
0.030480
0.002641
0.032997
0.024346
0.019318
0.000052
0.035995
0.012284
0.003759
0.032702
0.003168
0.000012
0.058709
0.034505
0.015156
0.019192
0.006074
0.003557
0.000278
0.029172
0.003117
0.002734
0.002675
0.006134
0.011234
0.000868
0.000856
0.019726
0.002266
0.023887
0.012108
0.000692
0.016812
0.037957
0.000733
0.018566
0.001727
0.020899
0.012926
0.040188
0.005498
0.008578
0.018726
0.002633
0.002054
0.002789
0.022605
0.003050
0.018606
0.014930
0.003012
0.000136
0.001853
0.001853
0.016321
0.001799
0.003482
0.003641
0.004961
0.014699
0.002798
0.049159
0.001004
0.012757
0.001925
0.001313
0.004712
0.054097
0.003365
0.014457
0.003808
0.003808
0.006525
0.000996
0.020114
0.001457
0.007718
0.018582
0.008592
0.000226
0.012547
0.012772
0.001865
0.000925
0.002489
0.007277
0.000290
0.002266
0.019395
0.003375
0.004946
0.022236
0.000589
0.019838
0.005556
0.063359
0.016499
0.007556
0.001688
0.014051
0.030605
0.006511
0.003007
0.012395
0.023688
0.007181
0.046008
0.030937
0.015995
0.001161
0.000450
0.006677
0.002256
0.003868
0.001466
0.003912
0.011980
0.004114
0.001799
0.004110
0.008059
0.004990
0.014970
0.003207
0.000977
0.006685
0.020683
0.001669
0.007946
0.014951
0.037962
0.007102
0.000413
0.004354
0.007984
0.002555
0.024657
0.008712
0.003819
0.000805
0.000067
0.007944
0.018594
0.006623
0.008696
0.004561
0.004881
0.002599
0.003063
0.011902
0.016311
0.000479
0.009061
0.008214
0.003585
0.002201
0.016104
0.027911
0.010493
0.064999
0.006867
0.011012
0.015460
0.054972
0.009680
0.005286
0.003071
0.002844
0.003774
0.016471
0.011940
0.014974
0.017652
0.003676
0.015962
0.000429
0.015568
0.043753
0.006578
0.016221
0.014176
0.009392
0.000841
0.012629
0.003262
0.013306
0.024889
0.004193
0.034883
0.000868
0.038731
0.001678
0.002178
0.022039
0.009494
0.016658
0.012371
0.001943
0.002931
0.039747
0.025417
0.011115
0.015565
0.044509
0.006817
0.018809
0.026958
0.004539
0.025336
0.007919
0.000016
0.019179
0.014833
0.001441
0.006400
0.006895
0.034697
0.020786
0.006878
0.003519
0.013615
0.018538
0.013728
0.000535
0.003636
0.001845
0.010040
0.001008
0.008559
0.004064
0.002844
0.016048
0.008834
0.009521
0.012708
0.000394
0.007304
0.005889
0.003958
0.003547
0.000507
0.000189
0.016477
0.003745
0.040877
0.007290
0.062832
0.051297
0.040233
0.029898
0.020846
0.014681
0.023248
0.023437
0.008200
0.003877
0.003942
0.003150
0.029096
0.006592
0.005131
0.005033
0.039927
0.018414
0.063490
0.002643
0.002932
0.000317
0.003904
0.006058
0.027621
0.027024
0.004405
0.021302
0.003353
0.000625
0.002410
0.011874
0.001333
0.001150
0.011992
0.030158
0.030197
0.003941
0.006945
0.001652
0.029586
0.004884
0.000201
0.019874
0.015737
0.001767
0.005314
0.027782
0.003322
0.005878
0.002040
0.009361
0.020607
0.001344
0.005247
0.001870
0.017263
0.003454
0.015489
0.001170
0.001925
0.000673
0.000382
0.015422
0.049957
0.008931
0.003245
0.018756
0.011584
0.012496
0.005476
0.007257
0.007470
0.016628
0.005671
0.010492
0.001678
0.012833
0.015913
0.009819
0.019179
0.016907
0.019956
0.008636
0.021208
0.006602
0.001478
0.046788
0.024094
0.005195
0.005386
0.000506
0.001146
0.002304
0.003132
0.021063
0.027899
0.000316
0.001536
0.007916
0.018615
0.006899
0.010696
0.012511
0.012088
0.000337
0.010888
0.003589
0.003832
0.005161
0.013235
0.025962
0.005774
0.005333
0.017561
0.006421
0.012062
0.001295
0.000248
0.003301
0.003034
0.002857
0.004219
0.026520
0.015164
0.004369
0.007364
0.000208
0.001208
0.006480
0.011395
0.036936
0.004538
0.004376
0.000412
0.009595
0.032179
0.015907
0.000064
0.010027
0.003833
0.012081
0.005212
0.007921
0.017216
0.003798
0.023102
0.014909
0.011372
0.004726
0.008983
0.003466
0.022866
0.024356
0.011141
0.021548
0.012124
0.005019
0.006304
0.006394
0.022734
0.011859
0.018025
0.002392
0.001000
0.028063
0.013942
0.053908
0.025476
0.005173
0.002881
0.002560
0.003739
0.026958
0.048157
0.038222
0.014075
0.021935
0.026643
0.023260
0.001808
0.002914
0.000454
0.005241
0.016566
0.004879
0.005017
0.000975
0.008052
0.002389
0.018353
0.000673
0.006126
0.023964
0.012459
0.001440
0.045962
0.025377
0.007243
0.021474
0.042033
0.006533
0.017536
0.024686
0.005981
0.009458
0.017940
0.019798
0.030313
0.004745
0.014700
0.004570
0.011888
0.032572
0.000433
0.025412
0.029784
0.012251
0.010813
0.023827
0.028482
0.016057
0.003784
0.000751
0.085429
0.007905
0.021565
0.015598
0.026566
0.025278
0.002704
0.025864
0.015846
0.007423
0.003108
0.004291
0.017949
0.039457
0.027113
0.014943
0.002996
0.000023
0.001224
0.009782
0.006748
0.012028
0.038279
0.002146
0.000533
0.019246
0.006495
0.005608
0.009219
0.026187
0.010436
0.008768
0.033251
0.000554
0.027541
0.036777
0.014143
0.011737
0.001877
0.050189
0.012668
0.052173
0.002394
0.002545
0.009620
0.010341
0.009856
0.002913
0.005161
0.002158
0.029688
0.000191
0.032892
0.007065
0.003404
0.009831
0.001622
0.022087
0.026482
0.021186
0.048999
0.041037
0.005966
0.008072
0.007218
0.005392
0.002096
0.018527
0.003563
0.009501
0.004025
0.049718
0.003246
0.009730
0.002585
0.003648
0.022689
0.017090
0.034449
0.030399
0.000572
0.000764
0.038202
0.002545
0.009412
0.009071
0.000302
0.005684
0.002448
0.018867
0.000946
0.006960
0.029516
0.011187
0.006321
0.000761
0.019069
0.002227
0.034465
0.002041
0.008058
0.008540
0.014793
0.015369
0.000017
0.012772
0.022010
0.002917
0.019875
0.029178
0.002307
0.006304
0.001184
0.047434
0.000660
0.008942
0.011547
0.000242
0.014563
0.039080
0.009813
0.013425
0.000706
0.006473
0.033449
0.037195
0.004702
0.005197
0.003097
0.003683
0.010161
0.000531
0.003458
0.000985
0.004102
0.071759
0.007767
0.001155
0.013798
0.017855
0.009879
0.007137
0.014781
0.003525
0.003317
0.002583
0.000288
0.007617
0.009510
0.001174
0.016995
0.011539
0.003229
0.008437
0.028303
0.039936
0.014613
0.008784
0.021762
0.006487
0.000091
0.006384
0.005087
0.006522
0.007034
0.032057
0.013685
0.008584
0.001609
0.010287
0.004072
0.012111
0.003116
0.016806
0.007476
0.000601
0.003275
0.040333
0.014532
0.008202
0.015093
0.026078
0.036403
0.019585
0.003380
0.004455
0.013737
0.004500
0.020962
0.002138
0.012282
0.005177
0.006464
0.005791
0.011162
0.002892
0.032212
0.014452
0.019866
0.011699
0.008252
0.007013
0.003224
0.008657
0.037941
0.003017
0.015882
0.006092
0.022951
0.010600
0.025063
0.000595
0.008436
0.009339
0.016870
0.015369
0.010828
0.001439
0.007187
0.012950
0.034193
0.020413
0.018113
0.003249
0.013739
0.002276
0.012961
0.006436
0.011626
0.000138
0.011988
0.011497
0.000745
0.034083
0.001133
0.001440
0.025794
0.003745
0.014897
0.023547
0.021508
0.004359
0.005919
0.011873
0.004188
0.002623
0.010654
0.016720
0.000327
0.035384
0.023781
0.002763
0.014574
0.005301
0.026345
0.002181
0.000696
0.026982
0.021386
0.038821
0.005531
0.009941
0.000949
0.008707
0.005434
0.011448
0.006944
0.002161
0.001550
0.003951
0.010739
0.000248
0.033198
0.006423
0.000551
0.012850
0.007834
0.000169
0.027555
0.003060
0.004383
0.021445
0.003747
0.002371
0.015285
0.014186
0.015953
0.003084
0.021695
0.045764
0.017021
0.021844
0.000815
0.036567
0.001461
0.001953
0.025998
0.037111
0.021186
0.005588
0.021135
0.013097
0.010122
0.008335
0.005288
0.002289
0.014380
0.011287
0.006733
0.001989
0.001803
0.008231
0.014445
0.018344
0.007492
0.018900
0.012082
0.015125
0.012580
0.008431
0.003319
0.051647
0.020441
0.046180
0.011606
0.023959
0.014000
0.005698
0.001787
0.008775
0.021964
0.006917
0.001356
0.019637
0.021958
0.022517
0.010352
0.024983
0.001578
0.033456
0.009172
0.016774
0.017471
0.025416
0.007227
0.020928
0.032171
0.003259
0.000816
0.004709
0.004719
0.000796
0.009718
0.014515
0.003725
0.005660
0.025094
0.031055
0.016203
0.000026
0.012594
0.019544
0.000378
0.000815
0.001471
0.001290
0.011109
0.013139
0.011562
0.018188
0.002310
0.001498
0.002162
0.034483
0.002641
0.015616
0.010416
0.045025
0.017230
0.016533
0.013829
0.006663
0.007613
0.000228
0.000040
0.024274
0.001464
0.038437
0.008003
0.019269
0.002184
0.027417
0.027343
0.005018
0.063126
0.053271
0.021739
0.042047
0.000440
0.009152
0.020321
0.001990
0.013276
0.011476
0.015734
0.027524
0.027889
0.005401
0.000932
0.003993
0.063942
0.031852
0.000914
0.028559
0.017575
0.007373
0.026443
0.003873
0.014393
0.010339
0.000985
0.001447
0.045701
0.024686
0.006382
0.013049
0.004268
0.029320
0.021557
0.019667
0.005581
0.000341
0.031618
0.004101
0.006291
0.024186
0.010674
0.017103
0.004539
0.001566
0.042403
0.016753
0.016458
0.017225
0.028753
0.013757
0.029554
0.007029
0.006957
0.014636
0.004422
0.010806
0.019544
0.009575
0.001254
0.017647
0.014194
0.003865
0.008346
0.009411
0.019500
0.047845
0.017872
0.017824
0.015581
0.007192
0.002988
0.005163
0.001547
0.013237
0.025644
0.005384
0.003708
0.006187
0.000410
0.014245
0.019502
0.012021
0.011603
0.000743
0.029195
0.028834
0.003990
0.009595
0.017621
0.015556
0.007923
0.006586
0.003306
0.015394
0.002141
0.010585
0.000129
0.031666
0.007059
0.004521
0.034676
0.028063
0.032568
0.008919
0.016150
0.017895
0.000495
0.006043
0.037601
0.003654
0.041973
0.008919
0.005849
0.013182
0.009885
0.006684
0.010448
0.013912
0.033244
0.009635
0.024057
0.004246
0.000530
0.013377
0.010508
0.008613
0.025555
0.016924
0.011953
0.000229
0.010491
0.003500
0.005451
0.032027
0.005505
0.022269
0.019138
0.003066
0.003628
0.010090
0.000720
0.005401
0.011487
0.007448
0.004176
0.013624
0.006951
0.011010
0.014026
0.018720
0.011101
0.009821
0.043134
0.030368
0.017682
0.005093
0.002713
0.002161
0.002739
0.017410
0.016791
0.013836
0.005685
0.002295
0.015816
0.019949
0.004881
0.018047
0.014027
0.002344
0.039062
0.002751
0.010862
0.015300
0.000128
0.015367
0.002084
0.010085
0.035209
0.013403
0.008288
0.055955
0.010525
0.009104
0.049698
0.003300
0.010294
0.004077
0.012087
0.003011
0.015318
0.000561
0.008994
0.003981
0.000241
0.013488
0.019424
0.019555
0.013034
0.018263
0.018944
0.018365
0.011346
0.013129
0.009499
0.005237
0.003812
0.008585
0.011939
0.003106
0.019085
0.015766
0.003685
0.001066
0.002667
0.006756
0.018687
0.028392
0.013068
0.004893
0.005393
0.002592
0.043707
0.001784
0.000915
0.003211
0.016109
0.004587
0.004885
0.002432
0.002022
0.004543
0.008274
0.002219
0.012050
0.003559
0.031395
0.004162
0.007014
0.000352
0.004491
0.010291
0.013107
0.023578
0.003497
0.022078
0.018806
0.002882
0.003342
0.010113
0.003053
0.004593
0.028155
0.011510
0.010179
0.032604
0.009827
0.033128
0.014108
0.014837
0.001048
0.003247
0.013088
0.022522
0.002311
0.008609
0.007882
0.004937
0.017235
0.010043
0.010849
0.008950
0.023397
0.008059
0.003363
0.001865
0.015414
0.000050
0.013002
0.023170
0.003442
0.024066
0.039845
0.000839
0.017885
0.049615
0.000495
0.006443
0.000872
0.018902
0.000919
0.006578
0.021237
0.003108
0.042592
0.021421
0.002373
0.032157
0.011117
0.003132
0.000353
0.002370
0.019240
0.002155
0.026608
0.024668
0.003383
0.013991
0.029676
0.005978
0.001579
0.004295
0.014117
0.007328
0.010571
0.007073
0.007617
0.023602
0.052642
0.003988
0.018498
0.002414
0.001355
0.000459
0.004306
0.006903
0.032085
0.015916
0.000146
0.011106
0.006984
0.003929
0.018152
0.002301
0.001534
0.002478
0.000500
0.011993
0.005355
0.009675
0.001271
0.016403
0.009029
0.008895
0.006931
0.044432
0.077430
0.003515
0.008391
0.016268
0.042463
0.003570
0.019628
0.009069
0.042809
0.002200
0.003784
0.001525
0.005163
0.071728
0.007868
0.012820
0.007024
0.020533
0.043881
0.010318
0.012796
0.019313
0.038375
0.012814
0.003854
0.021478
0.009594
0.022107
0.002091
0.007688
0.005777
0.001125
0.002569
0.005189
0.005709
0.001917
0.010070
0.000505
0.003751
0.002773
0.024601
0.005797
0.008274
0.010405
0.000415
0.001468
0.005800
0.003270
0.000510
0.002299
0.013060
0.005927
0.007057
0.002632
0.003712
0.022339
0.014359
0.011604
0.008225
0.007461
0.005539
0.001351
0.006240
0.007160
0.001034
0.010037
0.011365
0.011931
0.004737
0.002850
0.004582
0.012198
0.046912
0.003616
0.015831
0.000619
0.021881
0.009256
0.015130
0.008752
0.015199
0.014641
0.020636
0.012718
0.010199
0.011465
0.010905
0.001168
0.004400
0.047308
0.002685
0.005665
0.007393
0.006369
0.005918
0.013849
0.012236
0.015815
0.014573
0.013850
0.021684
0.030565
0.022667
0.008048
0.008958
0.006129
0.015959
0.022767
0.009699
0.014828
0.004643
0.011761
0.025124
0.015413
0.007646
0.005737
0.001182
0.003251
0.010314
0.004633
0.020236
0.000304
0.032770
0.005339
0.016833
0.004651
0.002873
0.007151
0.018136
0.002941
0.002002
0.022149
0.013049
0.006759
0.014034
0.004258
0.013511
0.005700
0.003606
0.002917
0.062407
0.001128
0.010815
0.014939
0.044960
0.010251
0.011591
0.011138
0.001305
0.004225
0.022073
0.006228
0.028027
0.022221
0.035567
0.002368
0.010220
0.019983
0.017861
0.006018
0.007445
0.003660
0.008269
0.012063
0.005556
0.010892
0.010660
0.004949
0.012069
0.018531
0.000835
0.007059
0.000088
0.002166
0.027717
0.030779
0.007904
0.010815
0.003703
0.004951
0.013290
0.052246
0.000206
0.003362
0.003895
0.008272
0.008536
0.011857
0.003148
0.021539
0.032408
0.002144
0.012064
0.004386
0.002851
0.010273
0.009347
0.001543
0.039497
0.015053
0.010916
0.002693
0.031725
0.019025
0.006418
0.005853
0.012403
0.006605
0.020085
0.001356
0.006839
0.011557
0.021945
0.009534
0.017672
0.016758
0.012062
0.000896
0.023224
0.007280
0.000676
0.005244
0.010916
0.006608
0.003134
0.012609
0.003082
0.002442
0.015979
0.016466
0.028696
0.020535
0.017112
0.003021
0.010767
0.009499
0.072924
0.002660
0.002424
0.005059
0.006604
0.007861
0.001418
0.007292
0.014522
0.007305
0.014362
0.020018
0.012874
0.013947
0.003549
0.007076
0.005750
0.004862
0.011931
0.019479
0.002824
0.001428
0.021971
0.063232
0.009017
0.001893
0.003079
0.000573
0.004533
0.006843
0.019615
0.039234
0.011895
0.000952
0.030822
0.022177
0.015596
0.000088
0.004851
0.004714
0.004540
0.000357
0.006982
0.004719
0.000444
0.005963
0.040942
0.005550
0.008449
0.015967
0.029508
0.035756
0.008809
0.009975
0.017167
0.009503
0.008032
0.000672
0.000607
0.020979
0.007549
0.006393
0.004856
0.004973
0.000938
0.008170
0.003240
0.000661
0.003659
0.000766
0.000941
0.028841
0.017328
0.006296
0.012240
0.002556
0.008421
0.004043
0.003544
0.063359
0.016870
0.008677
0.005142
0.009144
0.001011
0.019914
0.001060
0.004771
0.002364
0.002456
0.009158
0.008928
0.006148
0.016694
0.032469
0.031637
0.002675
0.025709
0.008638
0.001952
0.005912
0.040198
0.005729
0.010466
0.001229
0.007657
0.029437
0.026752
0.015217
0.007454
0.005558
0.001475
0.007183
0.012129
0.019663
0.002270
0.024869
0.014427
0.005174
0.025658
0.013568
0.010202
0.018209
0.009562
0.004546
0.000219
0.005589
0.000084
0.019823
0.015522
0.001453
0.003732
0.010298
0.000567
0.003024
0.027585
0.006510
0.006940
0.029151
0.010933
0.005810
0.051456
0.010158
0.008286
0.028895
0.000559
0.002098
0.009518
0.020616
0.000637
0.000350
0.015860
0.000833
0.031138
0.032076
0.004183
0.006340
0.021970
0.006071
0.024620
0.015065
0.007651
0.007325
0.009722
0.003635
0.013080
0.012159
0.027868
0.017687
0.008935
0.003606
0.029744
0.002615
0.042242
0.001272
0.027279
0.007528
0.007335
0.004561
0.003901
0.024284
0.016254
0.013304
0.006024
0.006362
0.037893
0.001607
0.002151
0.024819
0.017497
0.008908
0.017594
0.016291
0.010638
0.026815
0.001890
0.028214
0.001445
0.011351
0.011389
0.003064
0.032040
0.019598
0.002481
0.023739
0.008217
0.003399
0.001213
0.006637
0.012753
0.001729
0.000248
0.038818
0.010102
0.016324
0.006092
0.017463
0.000567
0.008472
0.010098
0.028142
0.005991
0.003297
0.041687
0.015031
0.009118
0.020828
0.014449
0.034293
0.017907
0.001987
0.000380
0.024331
0.025862
0.009360
0.004444
0.000663
0.012004
0.003400
0.025880
0.001315
0.016572
0.008857
0.007164
0.000623
0.005694
0.017711
0.003634
0.014889
0.029553
0.002342
0.025611
0.014612
0.004382
0.010562
0.017910
0.007119
0.000605
0.011787
0.027096
0.026373
0.035430
0.021513
0.002977
0.017173
0.010663
0.015975
0.002231
0.008374
0.007660
0.005476
0.000060
0.022628
0.046224
0.004892
0.002272
0.001074
0.078812
0.003566
0.008803
0.020089
0.003555
0.004266
0.008849
0.007286
0.001098
0.009423
0.006800
0.017463
0.016825
0.013642
0.004967
0.056777
0.023479
0.000065
0.002288
0.039232
0.003340
0.019926
0.013906
0.024163
0.001186
0.023352
0.003742
0.035564
0.004875
0.007719
0.003535
0.000020
0.004231
0.015425
0.013815
0.012539
0.018920
0.048926
0.026979
0.042422
0.007741
0.025186
0.002987
0.008061
0.034902
0.005481
0.014295
0.027979
0.003238
0.004985
0.031483
0.010174
0.000859
0.006105
0.015954
0.023559
0.011463
0.007223
0.006575
0.016677
0.016764
0.020182
0.002182
0.017413
0.000890
0.013030
0.003860
0.018239
0.003011
0.005901
0.005031
0.011491
0.012264
0.005193
0.006672
0.006858
0.020824
0.000847
0.001238
0.046573
0.000089
0.003751
0.008462
0.012024
0.004116
0.001636
0.002962
0.002210
0.000953
0.049944
0.003255
0.009733
0.002522
0.003227
0.015957
0.004071
0.002464
0.010596
0.021402
0.004097
0.003780
0.011795
0.004747
0.006363
0.009970
0.015348
0.004392
0.006681
0.021261
0.011795
0.015697
0.014333
0.013392
0.020383
0.029816
0.002945
0.001150
0.012720
0.000509
0.008477
0.011320
0.001919
0.008484
0.014057
0.011985
0.012199
0.002619
0.009326
0.007553
0.056668
0.024031
0.003093
0.012480
0.021178
0.003005
0.034311
0.014691
0.016178
0.001798
0.003948
0.006790
0.001007
0.014737
0.007652
0.009053
0.044480
0.002652
0.006455
0.015026
0.010458
0.001400
0.009559
0.003650
0.015417
0.045128
0.007694
0.000015
0.025561
0.002988
0.007256
0.016302
0.006557
0.027801
0.014134
0.000468
0.001677
0.006870
0.006531
0.012636
0.002093
0.002791
0.020956
0.000999
0.001949
0.002397
0.017221
0.031048
0.018318
0.005676
0.003907
0.004932
0.009716
0.004598
0.051427
0.001768
0.034838
0.007323
0.003019
0.004411
0.023944
0.007254
0.042679
0.022909
0.005123
0.007637
0.015780
0.002595
0.013915
0.005230
0.000098
0.043857
0.017318
0.018270
0.024648
0.003623
0.017963
0.004635
0.075443
0.002745
0.002860
0.007535
0.026047
0.002460
0.002663
0.009808
0.009576
0.004777
0.001169
0.014141
0.003770
0.007841
0.007527
0.009186
0.000658
0.012219
0.004127
0.000951
0.029963
0.019789
0.011050
0.005761
0.033930
0.004090
0.003942
0.001478
0.003342
0.006476
0.004717
0.003544
0.013212
0.014762
0.004209
0.008125
0.004369
0.007893
0.002095
0.015567
0.026961
0.028333
0.006793
0.007437
0.031160
0.007890
0.010045
0.001338
0.012707
0.002685
0.017371
0.003823
0.021678
0.010529
0.000057
0.029220
0.005975
0.002017
0.008033
0.008755
0.017569
0.068892
0.002526
0.001799
0.002146
0.016843
0.000263
0.007797
0.011361
0.006503
0.000778
0.015544
0.016203
0.038493
0.002573
0.009437
0.008808
0.006217
0.000450
0.022289
0.013978
0.010034
0.003647
0.010019
0.000390
0.003142
0.000737
0.005247
0.009757
0.002267
0.001576
0.003073
0.003455
0.008354
0.017384
0.001595
0.039847
0.014023
0.006749
0.007125
0.023886
0.002819
0.009786
0.007260
0.017678
0.010742
0.013031
0.014862
0.005306
0.021175
0.019175
0.005580
0.001337
0.005739
0.004380
0.007707
0.001332
0.007808
0.026278
0.001122
0.011921
0.030901
0.040673
0.009383
0.009049
0.005188
0.006419
0.005434
0.008683
0.022268
0.008243
0.006652
0.001745
0.000879
0.003345
0.019950
0.013893
0.023709
0.000791
0.015836
0.017742
0.001100
0.014324
0.005090
0.025359
0.021176
0.006102
0.009007
0.011605
0.000089
0.011426
0.009463
0.019735
0.051766
0.017872
0.015344
0.006304
0.000172
0.009104
0.049377
0.003253
0.009924
0.003195
0.006853
0.008718
0.003020
0.018300
0.014257
0.002237
0.024582
0.014456
0.005814
0.000810
0.000373
0.011813
0.006460
0.031496
0.027009
0.000419
0.003345
0.001489
0.010284
0.007464
0.000996
0.004010
0.039427
0.004004
0.000362
0.015240
0.043945
0.008195
0.002073
0.011118
0.002167
0.013235
0.008319
0.000482
0.023968
0.018788
0.055468
0.033434
0.014757
0.018792
0.007022
0.010847
0.011856
0.007587
0.003038
0.002787
0.003713
0.017002
0.001993
0.002693
0.022640
0.004020
0.001615
0.003629
0.006835
0.003755
0.018159
0.003778
0.013877
0.014059
0.000217
0.000330
0.000017
0.018557
0.012362
0.020611
0.002695
0.028070
0.012067
0.013776
0.007122
0.011320
0.008396
0.011028
0.019812
0.001259
0.006799
0.013295
0.002077
0.000322
0.018631
0.006802
0.009854
0.008546
0.000816
0.031844
0.040782
0.008048
0.002680
0.027073
0.010702
0.008252
0.016020
0.052786
0.006603
0.011273
0.025658
0.026728
0.007437
0.017392
0.007978
0.000899
0.002334
0.006334
0.023880
0.009550
0.006987
0.006737
0.013604
0.003262
0.006574
0.006115
0.012782
0.005582
0.006348
0.001994
0.004477
0.008150
0.002250
0.014148
0.010925
0.006351
0.001964
0.004239
0.006740
0.003659
0.016009
0.001644
0.003432
0.005031
0.021954
0.050030
0.007347
0.022235
0.054160
0.007266
0.018005
0.011820
0.020161
0.004463
0.011309
0.025484
0.024632
0.005110
0.003892
0.011014
0.001400
0.005665
0.003318
0.001585
0.011972
0.012288
0.002927
0.012099
0.023068
0.007964
0.003576
0.003628
0.003979
0.005745
0.017681
0.003198
0.009751
0.003080
0.007150
0.013065
0.043763
0.051288
0.002365
0.002524
0.009867
0.001445
0.024969
0.009187
0.000863
0.005960
0.002479
0.013725
0.001570
0.004088
0.003729
0.000475
0.029054
0.001006
0.005279
0.005796
0.001683
0.006740
0.005713
0.007470
0.006339
0.005148
0.007374
0.000521
0.020259
0.001234
0.005264
0.003049
0.002870
0.004163
0.023964
0.010504
0.016545
0.004231
0.001578
0.001698
0.014838
0.000326
0.028882
0.002372
0.033224
0.000302
0.018586
0.007004
0.011719
0.019499
0.003820
0.007968
0.007661
0.008847
0.031482
0.037796
0.007103
0.000491
0.004998
0.012463
0.021444
0.003453
0.000869
0.003276
0.018861
0.011391
0.010797
0.001017
0.004923
0.002121
0.000083
0.012591
0.017296
0.019096
0.038392
0.014054
0.007889
0.016457
0.002473
0.008402
0.004838
0.009207
0.003410
0.016906
0.004453
0.001674
0.000706
0.002816
0.015722
0.008149
0.007075
0.004152
0.020512
0.004341
0.008776
0.006099
0.018744
0.002565
0.001629
0.000822
0.004140
0.001585
0.002431
0.056413
0.005257
0.002159
0.024747
0.017015
0.015252
0.009600
0.025802
0.006678
0.012285
0.004859
0.009822
0.000019
0.001475
0.013262
0.031865
0.012987
0.010856
0.013737
0.018754
0.013509
0.044445
0.026800
0.010092
0.008440
0.004191
0.004523
0.003725
0.021018
0.010376
0.000759
0.004064
0.001814
0.004688
0.013507
0.002017
0.037124
0.005408
0.010520
0.003648
0.006339
0.001438
0.000932
0.007544
0.000934
0.005461
0.008071
0.013805
0.016373
0.005647
0.011764
0.006122
0.022547
0.009351
0.012856
0.001515
0.029129
0.006161
0.002948
0.017755
0.013473
0.001778
0.024436
0.039431
0.000230
0.008503
0.019909
0.005163
0.024629
0.001572
0.041401
0.015826
0.012646
0.005495
0.006526
0.003413
0.018544
0.008385
0.045442
0.007328
0.028641
0.006405
0.004744
0.004221
0.026196
0.021786
0.002870
0.001089
0.013282
0.002411
0.002220
0.006337
0.031774
0.037117
0.006394
0.024996
0.024297
0.015982
0.000969
0.038348
0.000637
0.015760
0.023930
0.013721
0.004913
0.038160
0.019608
0.002405
0.032430
0.046817
0.015485
0.006287
0.011381
0.000363
0.019667
0.008985
0.024226
0.013170
0.002847
0.005585
0.004983
0.016355
0.006797
0.037201
0.031423
0.045235
0.010484
0.013045
0.018769
0.022362
0.000028
0.009116
0.001126
0.024347
0.005752
0.008575
0.013446
0.008315
0.052128
0.048278
0.005361
0.004071
0.009410
0.013938
0.003966
0.010919
0.000616
0.000588
0.023116
0.012856
0.003949
0.023159
0.012131
0.001856
0.003397
0.002570
0.045268
0.002285
0.003483
0.038869
0.009806
0.013609
0.001144
0.010110
0.009720
0.003623
0.012952
0.011664
0.022409
0.009728
0.016992
0.011208
0.024922
0.017113
0.031330
0.006863
0.005713
0.006356
0.001179
0.038189
0.029720
0.025259
0.000505
0.007037
0.003214
0.008322
0.026107
0.026668
0.006474
0.008448
0.004630
0.007153
0.022033
0.000627
0.022752
0.011068
0.050862
0.011773
0.006148
0.006294
0.000563
0.015200
0.015084
0.012088
0.004295
0.002278
0.006024
0.019803
0.004965
0.020938
0.032572
0.003473
0.001599
0.009630
0.001922
0.000261
0.022984
0.024585
0.011198
0.020738
0.009499
0.029654
0.013110
0.016709
0.010751
0.021830
0.017928
0.001883
0.051480
0.012904
0.000117
0.003791
0.008314
0.010267
0.056215
0.006622
0.007474
0.006082
0.000037
0.034706
0.020646
0.023883
0.010387
0.034850
0.010022
0.024813
0.002988
0.008971
0.002167
0.005304
0.012863
0.017012
0.014156
0.005863
0.001977
0.008880
0.016569
0.022093
0.005704
0.016605
0.001503
0.000823
0.005633
0.011553
0.005465
0.014904
0.059681
0.014281
0.002206
0.023074
0.011342
0.094415
0.012396
0.018868
0.000157
0.000826
0.003964
0.000703
0.026777
0.020327
0.026146
0.000371
0.004221
0.007627
0.002193
0.024149
0.014335
0.006341
0.003531
0.028269
0.002177
0.028379
0.035561
0.010865
0.000094
0.021342
0.023255
0.014986
0.011183
0.003785
0.003537
0.001702
0.009862
0.001720
0.024573
0.000037
0.004076
0.012859
0.005408
0.004901
0.019232
0.019671
0.008012
0.069802
0.019009
0.016026
0.004497
0.004637
0.001893
0.000691
0.000740
0.024687
0.013118
0.002004
0.000508
0.029523
0.000993
0.004576
0.002059
0.002062
0.009863
0.029550
0.009286
0.060343
0.003325
0.008015
0.016750
0.011892
0.005766
0.014951
0.024592
0.026769
0.010081
0.005950
0.004285
0.005059
0.006077
0.004719
0.006845
0.015040
0.013326
0.001664
0.001511
0.010304
0.005276
0.000160
0.047364
0.017318
0.015142
0.007825
0.007978
0.012881
0.011860
0.027419
0.021131
0.028432
0.000547
0.002517
0.015428
0.011848
0.004353
0.003640
0.025403
0.035197
0.034614
0.007698
0.005919
0.001668
0.005483
0.000074
0.022893
0.052942
0.005477
0.003745
0.005587
0.022331
0.017379
0.000176
0.004912
0.021696
0.000225
0.014773
0.096870
0.017722
0.009990
0.008229
0.035310
0.004525
0.005506
0.006469
0.003068
0.013849
0.000771
0.005025
0.007425
0.015394
0.003073
0.034044
0.012932
0.007668
0.037320
0.010561
0.026189
0.001714
0.026133
0.001387
0.016961
0.008919
0.005929
0.014063
0.013223
0.022793
0.002119
0.006159
0.005668
0.001066
0.001542
0.040473
0.015908
0.013959
0.010170
0.004224
0.015454
0.014116
0.014028
0.039107
0.013754
0.006333
0.005969
0.015085
0.019380
0.006797
0.006940
0.018999
0.023996
0.001159
0.023836
0.015863
0.002876
0.007035
0.016472
0.009181
0.009471
0.004211
0.003588
0.037671
0.007699
0.002806
0.000878
0.011372
0.045406
0.007815
0.000343
0.048263
0.012427
0.043532
0.001971
0.002056
0.011371
0.003091
0.034804
0.013401
0.008719
0.001230
0.000543
0.006638
0.001170
0.021986
0.001426
0.009347
0.014832
0.007009
0.004866
0.000936
0.009454
0.009557
0.007054
0.018777
0.019097
0.015122
0.002232
0.013693
0.009225
0.001903
0.002032
0.012399
0.006901
0.026857
0.008218
0.035339
0.004612
0.006054
0.009342
0.015191
0.008245
0.010468
0.000731
0.003366
0.029449
0.004578
0.014766
0.006362
0.002112
0.005241
0.013344
0.024087
0.018929
0.012682
0.022446
0.017014
0.001250
0.002323
0.002192
0.007222
0.002563
0.002221
0.004611
0.006091
0.009644
0.017575
0.014646
0.005329
0.025609
0.001356
0.018753
0.016661
0.006926
0.032527
0.016212
0.000340
0.012137
0.003843
0.004919
0.010749
0.009516
0.000078
0.003449
0.006190
0.002379
0.009307
0.011162
0.021282
0.011199
0.002643
0.021273
0.002642
0.019166
0.058156
0.027058
0.006324
0.006714
0.031540
0.018852
0.006259
0.005488
0.011048
0.004871
0.013298
0.000316
0.003692
0.004636
0.010199
0.010202
0.004953
0.035641
0.015420
0.018510
0.003702
0.010998
0.002851
0.039412
0.029852
0.022428
0.012092
0.022430
0.005399
0.027793
0.002697
0.001866
0.001112
0.003815
0.020872
0.008746
0.015650
0.017592
0.001383
0.022269
0.000600
0.019903
0.005532
0.047054
0.012862
0.000831
0.011527
0.000449
0.019551
0.006953
0.007319
0.021406
0.033016
0.002729
0.021301
0.001935
0.008610
0.014900
0.014959
0.031473
0.003363
0.001900
0.016046
0.000895
0.029796
0.021765
0.018816
0.003530
0.008021
0.012346
0.008740
0.005779
0.014795
0.022238
0.016976
0.046814
0.002367
0.003559
0.033967
0.005853
0.022730
0.013534
0.006995
0.012075
0.024521
0.010897
0.017650
0.004494
0.000061
0.004662
0.021700
0.001900
0.007071
0.004878
0.000650
0.006300
0.031470
0.038248
0.007349
0.001167
0.009553
0.006459
0.011840
0.006853
0.016775
0.000767
0.015435
0.015863
0.033485
0.001570
0.004932
0.028044
0.007006
0.009415
0.004697
0.001559
0.026948
0.003596
0.009767
0.000042
0.001890
0.020843
0.011609
0.004973
0.009307
0.002727
0.007485
0.035016
0.010866
0.000394
0.040099
0.008127
0.003303
0.001192
0.007602
0.030893
0.006227
0.001518
0.002102
0.028748
0.000064
0.033782
0.010039
0.030920
0.009325
0.030507
0.017118
0.003738
0.022839
0.015411
0.015014
0.021288
0.011931
0.004990
0.007242
0.014106
0.001330
0.009108
0.002728
0.009164
0.005441
0.007277
0.007974
0.024394
0.029187
0.028065
0.000732
0.000813
0.025107
0.012376
0.047919
0.003012
0.008165
0.037532
0.006086
0.004506
0.001160
0.014859
0.005864
0.055690
0.010266
0.007825
0.017355
0.004743
0.001884
0.075809
0.016214
0.005995
0.017111
0.000578
0.010281
0.039367
0.014917
0.010455
0.001728
0.014018
0.026838
0.003288
0.007232
0.010090
0.005775
0.003343
0.001018
0.005530
0.007268
0.006982
0.011442
0.017125
0.012401
0.017809
0.023536
0.003634
0.026830
0.000354
0.003103
0.000872
0.006940
0.037381
0.024948
0.012667
0.000576
0.009630
0.021281
0.000937
0.000952
0.019514
0.001049
0.005817
0.008869
0.015045
0.012304
0.007673
0.001538
0.010427
0.008927
0.000318
0.046066
0.044397
0.043040
0.039033
0.007632
0.055116
0.052325
0.067570
0.012910
0.011328
0.000822
0.012877
0.002546
0.004786
0.003604
0.012768
0.010996
0.017384
0.003444
0.014447
0.035914
0.008521
0.008035
0.006322
0.001512
0.001473
0.012819
0.023531
0.004713
0.003673
0.015076
0.030410
0.002292
0.019829
0.003834
0.006959
0.002546
0.003822
0.031947
0.012952
0.014195
0.011531
0.008812
0.011868
0.001676
0.003359
0.004181
0.010996
0.037891
0.007356
0.001363
0.011974
0.018270
0.000800
0.007671
0.002697
0.000467
0.008006
0.008866
0.019588
0.002420
0.033978
0.000253
0.015655
0.001383
0.002799
0.003786
0.017956
0.003130
0.007913
0.021461
0.015096
0.021669
0.012425
0.005765
0.009918
0.040469
0.022530
0.005656
0.013772
0.016410
0.005899
0.014188
0.014477
0.000104
0.026106
0.002516
0.002928
0.011837
0.019691
0.003588
0.005573
0.030427
0.003377
0.002939
0.001688
0.025737
0.001282
0.016510
0.009207
0.009431
0.008353
0.002132
0.010097
0.030616
0.008530
0.017071
0.000219
0.006404
0.003585
0.027348
0.001086
0.008882
0.004511
0.003433
0.015663
0.001666
0.004811
0.019725
0.027196
0.002424
0.001032
0.027529
0.012200
0.016556
0.019849
0.002291
0.023221
0.010165
0.017014
0.007537
0.000306
0.000905
0.002811
0.010846
0.013772
0.019251
0.015231
0.002108
0.011214
0.002133
0.011806
0.003671
0.000340
0.025571
0.050901
0.000792
0.009225
0.010804
0.018637
0.007270
0.013946
0.000841
0.005183
0.007500
0.013198
0.023890
0.003489
0.019649
0.010330
0.003481
0.006321
0.002695
0.011187
0.020289
0.008512
0.016773
0.054452
0.004024
0.018202
0.001656
0.023126
0.035109
0.000684
0.024777
0.014797
0.006451
0.002390
0.006719
0.004625
0.022210
0.012262
0.003983
0.000147
0.011913
0.010884
0.039672
0.009092
0.008112
0.002997
0.050656
0.047107
0.000226
0.004733
0.016365
0.009793
0.014614
0.003555
0.004123
0.007652
0.003080
0.002635
0.002405
0.005179
0.007708
0.015415
0.001451
0.004101
0.014715
0.012561
0.010749
0.017611
0.005236
0.003645
0.007196
0.005383
0.002185
0.020946
0.007111
0.004238
0.021498
0.005146
0.012656
0.019090
0.042638
0.017643
0.022469
0.002787
0.014668
0.005294
0.024172
0.000316
0.007497
0.008217
0.022246
0.013189
0.007015
0.015475
0.006281
0.048646
0.004872
0.001605
0.021284
0.021599
0.010658
0.000526
0.001095
0.001774
0.000493
0.000532
0.028986
0.000441
0.001228
0.003582
0.013230
0.014070
0.002424
0.047598
0.004112
0.026690
0.018244
0.013854
0.001463
0.012560
0.020701
0.002028
0.011978
0.005405
0.010214
0.000633
0.001553
0.056232
0.026704
0.006211
0.006644
0.037314
0.053661
0.005832
0.005577
0.020379
0.011008
0.004032
0.006076
0.022040
0.008822
0.010876
0.033238
0.005390
0.016445
0.003394
0.023030
0.012798
0.026624
0.001375
0.014825
0.003266
0.001720
0.015125
0.000692
0.000089
0.010195
0.004142
0.013994
0.008736
0.038795
0.002867
0.012551
0.039409
0.000523
0.012445
0.006685
0.020808
0.005870
0.009246
0.029734
0.016806
0.005317
0.042277
0.005698
0.008723
0.015875
0.019748
0.004306
0.003903
0.060615
0.009463
0.003699
0.017758
0.003518
0.012972
0.013746
0.002638
0.001863
0.001574
0.007787
0.015773
0.001717
0.004792
0.017597
0.013710
0.002767
0.002744
0.006286
0.011374
0.000354
0.019543
0.005116
0.022712
0.011320
0.000469
0.024555
0.021937
0.003181
0.029319
0.006454
0.004138
0.000795
0.022374
0.007329
0.002249
0.066902
0.056072
0.048490
0.007959
0.000148
0.022288
0.027090
0.021872
0.054848
0.008412
0.000651
0.028309
0.031587
0.007596
0.007503
0.011756
0.011314
0.001139
0.002221
0.002684
0.014813
0.002362
0.004628
0.001195
0.005082
0.021876
0.037609
0.020000
0.000647
0.027963
0.029489
0.006261
0.003017
0.016870
0.009025
0.006796
0.027407
0.010134
0.005148
0.000331
0.001579
0.008101
0.019712
0.007885
0.013725
0.019400
0.016413
0.004323
0.002408
0.006809
0.035764
0.026192
0.018738
0.018222
0.011883
0.018692
0.001790
0.021291
0.015342
0.026538
0.031502
0.011278
0.004284
0.006213
0.016776
0.029720
0.019820
0.011642
0.008157
0.006852
0.003078
0.008969
0.001424
0.000479
0.003708
0.002812
0.028607
0.010794
0.006030
0.001196
0.001359
0.019941
0.024184
0.039909
0.000692
0.014740
0.013876
0.019535
0.014657
0.001843
0.007373
0.007249
0.012426
0.021381
0.003530
0.001359
0.006469
0.008588
0.005300
0.011483
0.008550
0.010381
0.032563
0.008155
0.004268
0.012749
0.015650
0.031162
0.001008
0.002925
0.010117
0.007505
0.015685
0.003208
0.032289
0.008904
0.016680
0.022509
0.005950
0.017787
0.001964
0.000529
0.035176
0.003885
0.001921
0.007488
0.006842
0.008016
0.000593
0.000222
0.014595
0.045923
0.013042
0.001525
0.024526
0.001640
0.000037
0.030223
0.007224
0.007153
0.013631
0.000799
0.006300
0.021315
0.005320
0.015711
0.002375
0.011419
0.000461
0.021936
0.012658
0.005911
0.009437
0.019445
0.041458
0.014319
0.006770
0.005804
0.007823
0.007428
0.008703
0.047209
0.005357
0.004411
0.013022
0.002897
0.006739
0.012722
0.001057
0.016794
0.015251
0.010756
0.001584
0.009199
0.000697
0.012670
0.005087
0.003973
0.012248
0.004414
0.002228
0.004495
0.005250
0.005177
0.037003
0.012677
0.004283
0.000060
0.006764
0.007805
0.000321
0.044836
0.011632
0.026838
0.023547
0.001877
0.002862
0.045153
0.070397
0.003129
0.005595
0.002360
0.019216
0.002202
0.029248
0.043241
0.014179
0.005446
0.000174
0.029364
0.004508
0.014073
0.004985
0.027887
0.006297
0.005218
0.008318
0.023254
0.014743
0.010148
0.001354
0.011847
0.017354
0.059647
0.002705
0.003490
0.015501
0.000923
0.000395
0.009874
0.072405
0.000864
0.006985
0.042902
0.038246
0.000119
0.008144
0.019364
0.006737
0.006634
0.015962
0.012100
0.003280
0.020342
0.017027
0.003291
0.014786
0.001023
0.003255
0.013782
0.036160
0.013330
0.007100
0.014974
0.004265
0.007496
0.001376
0.010443
0.007702
0.013591
0.022709
0.000760
0.021212
0.013482
0.025395
0.026896
0.008233
0.035417
0.001350
0.005594
0.006758
0.003737
0.019635
0.006958
0.007076
0.017409
0.011890
0.037823
0.029725
0.003537
0.003831
0.005694
0.021406
0.012244
0.005793
0.011597
0.004273
0.004388
0.002337
0.005560
0.012074
0.008291
0.005093
0.012924
0.001442
0.004936
0.003917
0.014164
0.000411
0.018760
0.023230
0.000921
0.022121
0.005151
0.010341
0.005054
0.033332
0.011148
0.002270
0.014459
0.012037
0.009708
0.014090
0.002726
0.001193
0.019073
0.026117
0.003016
0.006390
0.007981
0.003259
0.001735
0.015574
0.001421
0.003327
0.007141
0.008865
0.001755
0.003019
0.001433
0.015852
0.005144
0.010155
0.004479
0.020190
0.001269
0.005755
0.005288
0.017279
0.006166
0.011301
0.000857
0.000535
0.013295
0.010023
0.006722
0.009499
0.007477
0.030146
0.006605
0.003928
0.032213
0.001555
0.006094
0.003802
0.001330
0.003520
0.010382
0.002423
0.048609
0.004305
0.033686
0.044876
0.007301
0.029102
0.007112
0.008189
0.048118
0.009891
0.007982
0.030267
0.003101
0.001560
0.016215
0.004537
0.004210
0.046711
0.004171
0.031095
0.036881
0.007117
0.000982
0.009878
0.011378
0.013819
0.005231
0.019662
0.000454
0.001054
0.002242
0.003721
0.000869
0.001116
0.029865
0.014289
0.030443
0.005270
0.023889
0.000208
0.007027
0.007069
0.015970
0.007259
0.002052
0.035957
0.004450
0.004532
0.001723
0.000459
0.000735
0.000230
0.011311
0.006564
0.001214
0.026347
0.007202
0.015973
0.006107
0.021912
0.008220
0.007493
0.005736
0.002035
0.011118
0.002520
0.019726
0.001575
0.010488
0.005224
0.034872
0.010181
0.028269
0.005589
0.001329
0.005586
0.003676
0.004195
0.006757
0.035058
0.026370
0.021231
0.063631
0.011761
0.015632
0.019779
0.005274
0.030776
0.006188
0.001459
0.001981
0.027387
0.000126
0.000860
0.004611
0.003644
0.016876
0.002312
0.005313
0.010192
0.003251
0.005504
0.000990
0.003614
0.021530
0.013800
0.012042
0.014814
0.011459
0.005434
0.015632
0.001442
0.003283
0.006492
0.005419
0.007814
0.012185
0.010064
0.015620
0.004521
0.006394
0.013904
0.006886
0.008673
0.002639
0.012719
0.001575
0.041501
0.015800
0.012435
0.004894
0.003968
0.015739
0.023611
0.013037
0.003541
0.013195
0.014707
0.004137
0.007833
0.003728
0.005519
0.021476
0.015518
0.026600
0.010545
0.006153
0.005520
0.012873
0.012941
0.001050
0.014766
0.006661
0.003439
0.016148
0.002583
0.011238
0.026295
0.033343
0.014306
0.015669
0.002068
0.008286
0.009577
0.023674
0.004110
0.000455
0.014740
0.022377
0.014720
0.001299
0.014958
0.004427
0.008897
0.005799
0.012914
0.009275
0.005312
0.005629
0.000768
0.001242
0.000396
0.005108
0.016465
0.005852
0.013267
0.010247
0.007951
0.019423
0.008560
0.026277
0.020407
0.032741
0.004853
0.011024
0.012116
0.007462
0.001478
0.012209
0.016687
0.020749
0.003229
0.001004
0.006687
0.019599
0.000257
0.079516
0.020537
0.024143
0.025608
0.009464
0.005312
0.004424
0.013963
0.005461
0.000892
0.003234
0.017210
0.007115
0.026051
0.005331
0.002835
0.001219
0.016422
0.010002
0.016082
0.006096
0.020224
0.005128
0.020348
0.019718
0.009389
0.000350
0.006643
0.003183
0.012721
0.020633
0.001334
0.005093
0.001275
0.010546
0.009893
0.002059
0.057698
0.010654
0.009453
0.000268
0.005422
0.031693
0.005526
0.024290
0.032379
0.022847
0.015486
0.015420
0.024567
0.018962
0.036173
0.012850
0.005420
0.005018
0.021259
0.013698
0.003025
0.033562
0.013336
0.009969
0.006262
0.006770
0.041138
0.000165
0.006672
0.005650
0.007686
0.008248
0.018093
0.003455
0.010423
0.003106
0.003261
0.006335
0.004801
0.005108
0.001919
0.022521
0.016312
0.024406
0.011118
0.020895
0.010556
0.001495
0.009830
0.003636
0.011896
0.006634
0.036404
0.042857
0.004361
0.000762
0.015222
0.014727
0.021160
0.013726
0.013303
0.033529
0.014820
0.019057
0.007333
0.012166
0.016778
0.022386
0.005392
0.011569
0.007901
0.005934
0.000655
0.029394
0.043604
0.014000
0.004772
0.022938
0.002579
0.010126
0.013235
0.031890
0.013265
0.012285
0.025374
0.010853
0.013635
0.017915
0.011214
0.015064
0.025676
0.032821
0.015894
0.015819
0.005160
0.004592
0.020145
0.000456
0.000138
0.017010
0.005632
0.008281
0.012838
0.008466
0.002397
0.012059
0.001931
0.004255
0.007313
0.000786
0.005961
0.016249
0.037733
0.002176
0.006355
0.038283
0.001775
0.003032
0.001323
0.013643
0.001068
0.008994
0.002868
0.007010
0.008810
0.002351
0.008092
0.004752
0.011712
0.020293
0.005254
0.022440
0.030818
0.052557
0.014056
0.002564
0.000461
0.009918
0.040483
0.017861
0.005664
0.013819
0.016584
0.006124
0.015559
0.019275
0.004613
0.018765
0.027076
0.004784
0.035070
0.018666
0.002734
0.002798
0.007133
0.020388
0.030390
0.003332
0.002719
0.000861
0.012787
0.003487
0.014896
0.054339
0.013330
0.000654
0.006473
0.042332
0.002172
0.003789
0.001789
0.007399
0.008175
0.024560
0.022790
0.004327
0.002932
0.012132
0.023309
0.008180
0.004036
0.005072
0.009106
0.001353
0.040063
0.022384
0.005657
0.014457
0.022662
0.023885
0.010867
0.021179
0.013886
0.014165
0.000397
0.001122
0.003321
0.012342
0.013664
0.005230
0.000880
0.005016
0.005811
0.003693
0.002610
0.022063
0.004050
0.002807
0.015730
0.008302
0.007909
0.007369
0.007533
0.015355
0.002327
0.013259
0.006265
0.008204
0.005183
0.015284
0.002458
0.015950
0.015843
0.021651
0.007994
0.006958
0.004622
0.000164
0.004390
0.013478
0.004336
0.021468
0.004192
0.004917
0.006118
0.003517
0.027369
0.018440
0.012611
0.025568
0.008811
0.002772
0.012803
0.000712
0.010371
0.026983
0.003314
0.007175
0.009286
0.003027
0.010613
0.008602
0.022566
0.009592
0.014821
0.005286
0.021366
0.020778
0.008433
0.013176
0.008485
0.001225
0.001668
0.030059
0.005078
0.021146
0.027590
0.076768
0.047256
0.026765
0.008671
0.000762
0.023913
0.010911
0.021590
0.014761
0.017731
0.004650
0.000542
0.007684
0.005834
0.001386
0.003987
0.014804
0.015321
0.060520
0.011290
0.012750
0.008267
0.002011
0.009623
0.026925
0.007972
0.025828
0.069819
0.001561
0.016753
0.005827
0.011194
0.002735
0.024083
0.011345
0.007642
0.009285
0.000367
0.007602
0.008023
0.016890
0.002533
0.007046
0.034073
0.016323
0.041482
0.003125
0.013236
0.032890
0.014621
0.019224
0.008795
0.041732
0.026998
0.017952
0.006570
0.011248
0.026597
0.036295
0.016983
0.037799
0.000270
0.010431
0.002834
0.001654
0.031264
0.006229
0.001215
0.000301
0.004619
0.012751
0.000723
0.010916
0.056092
0.014665
0.003512
0.003665
0.004824
0.012570
0.032100
0.022311
0.014374
0.011779
0.008962
0.010785
0.024778
0.044353
0.000870
0.013574
0.005761
0.003665
0.002807
0.031488
0.015340
0.042300
0.007129
0.030531
0.010450
0.002509
0.060393
0.004742
0.042202
0.038451
0.000391
0.011450
0.004864
0.009575
0.004633
0.000538
0.007833
0.005771
0.004360
0.000503
0.011031
0.004674
0.015067
0.016730
0.005453
0.001263
0.008011
0.045596
0.010999
0.017106
0.002891
0.009423
0.004785
0.001935
0.077103
0.014909
0.002765
0.031763
0.016908
0.002145
0.003986
0.003094
0.024426
0.002423
0.005055
0.006589
0.007813
0.001331
0.006884
0.012477
0.047469
0.002518
0.004400
0.001855
0.002136
0.015111
0.019812
0.007637
0.011070
0.006612
0.002435
0.005670
0.011303
0.004266
0.005944
0.013792
0.011566
0.011687
0.007145
0.020494
0.032687
0.004595
0.008766
0.003697
0.102992
0.014813
0.002300
0.017824
0.000589
0.007215
0.003061
0.005508
0.002535
0.028079
0.015610
0.003283
0.042901
0.016229
0.013229
0.005868
0.005801
0.024204
0.019695
0.000731
0.002836
0.015318
0.006625
0.001468
0.041086
0.018829
0.000075
0.000397
0.001800
0.009259
0.033647
0.026966
0.030964
0.009621
0.047165
0.000386
0.006166
0.000806
0.025523
0.013456
0.001646
0.020591
0.016555
0.001848
0.003076
0.000937
0.007931
0.002313
0.019233
0.002660
0.001017
0.018231
0.025118
0.004263
0.035242
0.000530
0.019270
0.005232
0.047977
0.019663
0.037267
0.010331
0.022229
0.032316
0.000881
0.001135
0.029827
0.013752
0.022213
0.049299
0.006511
0.011780
0.000100
0.010119
0.003727
0.003597
0.064950
0.065880
0.000240
0.002183
0.019545
0.004482
0.014730
0.007285
0.006807
0.009835
0.008388
0.000389
0.019187
0.007059
0.009387
0.004196
0.039689
0.002526
0.008031
0.002745
0.031087
0.016221
0.001449
0.001531
0.015318
0.002803
0.023546
0.004106
0.000618
0.018345
0.002524
0.002350
0.006026
0.017468
0.000961
0.013821
0.005348
0.000873
0.003969
0.000315
0.015088
0.049803
0.010849
0.013068
0.009908
0.002472
0.000683
0.015229
0.017173
0.001925
0.001805
0.009232
0.032092
0.022897
0.016357
0.021434
0.009900
0.016412
0.003099
0.016769
0.007591
0.001097
0.006546
0.014621
0.007895
0.011572
0.006558
0.000195
0.006781
0.005836
0.007936
0.007759
0.009838
0.001413
0.016737
0.007826
0.002048
0.015855
0.038033
0.003518
0.028932
0.002780
0.001122
0.015917
0.002363
0.020671
0.031178
0.003213
0.001361
0.010808
0.009822
0.000724
0.007241
0.001759
0.022197
0.020259
0.005149
0.020476
0.019818
0.009173
0.041335
0.001328
0.034064
0.015034
0.019366
0.007004
0.008304
0.000661
0.035378
0.002513
0.012220
0.001366
0.000089
0.001470
0.011504
0.011809
0.003643
0.000202
0.021494
0.018965
0.004394
0.017434
0.023337
0.004522
0.003649
0.009818
0.005390
0.002865
0.000996
0.011972
0.000102
0.008733
0.035815
0.001792
0.004709
0.014311
0.003852
0.007597
0.005309
0.047380
0.017322
0.015154
0.007845
0.008037
0.013143
0.012600
0.038824
0.000199
0.008610
0.023291
0.015681
0.032757
0.003888
0.003742
0.001980
0.009999
0.052625
0.008436
0.025023
0.011223
0.018428
0.004340
0.021485
0.004179
0.004796
0.005463
0.003710
0.005464
0.020991
0.014808
0.023178
0.020976
0.004258
0.006651
0.026267
0.010060
0.006755
0.006337
0.006811
0.017540
0.017045
0.014158
0.005750
0.001481
0.005423
0.001407
0.007960
0.025296
0.043027
0.074979
0.003987
0.013513
0.008839
0.001245
0.000079
0.002551
0.000656
0.012953
0.006627
0.013559
0.003908
0.013226
0.008687
0.001732
0.003905
0.007367
0.003714
0.009559
0.028035
0.010048
0.003928
0.013005
0.007542
0.028517
0.004638
0.018892
0.027176
0.004515
0.023088
0.004922
0.005819
0.004526
0.008011
0.001383
0.005780
0.004078
0.005161
0.009286
0.001336
0.027570
0.006950
0.010003
0.007844
0.022866
0.010329
0.008568
0.006380
0.033857
0.000031
0.011921
0.013690
0.007730
0.018780
0.009010
0.001111
0.027333
0.010286
0.005887
0.002886
0.024275
0.004173
0.063687
0.041812
0.008837
0.005649
0.012091
0.007401
0.001343
0.011148
0.012211
0.007035
0.044103
0.037511
0.042181
0.003468
0.017928
0.006176
0.008265
0.000114
0.000121
0.008982
0.055901
0.004793
0.000175
0.003053
0.002409
0.001335
0.000384
0.003927
0.005302
0.013037
0.018622
0.021372
0.035883
0.004251
0.003423
0.023134
0.028960
0.020923
0.021658
0.009577
0.020287
0.087825
0.018400
0.012468
0.023901
0.007091
0.032787
0.013791
0.013582
0.040799
0.020558
0.002567
0.023845
0.007219
0.043122
0.024669
0.007519
0.041111
0.015395
0.010986
0.001811
0.009884
0.000839
0.007970
0.003499
0.003138
0.001807
0.020718
0.012934
0.010954
0.015052
0.036740
0.006017
0.018287
0.002364
0.001565
0.002113
0.025893
0.005568
0.002796
0.011549
0.021039
0.007656
0.006813
0.006363
0.011837
0.001071
0.051545
0.006717
0.001744
0.004538
0.013293
0.002612
0.003410
0.016624
0.003838
0.042532
0.006828
0.021782
0.002203
0.009843
0.021151
0.057971
0.011427
0.014318
0.015022
0.000756
0.000750
0.021498
0.006415
0.000259
0.008915
0.003864
0.013566
0.001258
0.011919
0.021859
0.006907
0.001502
0.024442
0.001767
0.000836
0.002817
0.012359
0.037957
0.000778
0.019752
0.003127
0.002500
0.001258
0.035871
0.019985
0.004417
0.011614
0.037902
0.003845
0.000286
0.017466
0.004686
0.001334
0.019733
0.023813
0.041372
0.001600
0.000637
0.003053
0.023959
0.023385
0.004970
0.007750
0.021399
0.017760
0.002414
0.003222
0.019097
0.013226
0.025555
0.005331
0.003570
0.005690
0.039658
0.007646
0.001633
0.011988
0.011391
0.000476
0.023086
0.015801
0.016115
0.027541
0.021220
0.028195
0.000244
0.000762
0.002499
0.010108
0.014907
0.002612
0.024788
0.008101
0.001324
0.004648
0.039821
0.008289
0.001536
0.001023
0.007047
0.026292
0.006168
0.007143
0.001407
0.015953
0.005728
0.015791
0.067147
0.009086
0.001904
0.002766
0.031507
0.016398
0.001426
0.000917
0.007569
0.001158
0.007314
0.024696
0.002502
0.005128
0.006102
0.004260
0.003711
0.035528
