0.025593
0.025588
0.034070
0.046896
0.069940
0.099126
0.102236
0.081109
0.032452
0.020976
0.019838
0.007731
0.058206
0.022706
0.017796
0.008574
0.022437
0.041055
0.001153
0.008933
0.024667
0.076270
0.007543
0.002741
0.035227
0.036527
0.014066
0.011337
0.074125
0.008204
0.001564
0.002488
0.000484
0.000771
0.000228
0.023487
0.003374
0.016114
0.067688
0.020644
0.005178
0.011401
0.015539
0.006332
0.020373
0.009518
0.010737
0.000736
0.007393
0.017315
0.021845
0.023351
0.001720
0.002706
0.000332
0.043826
0.005559
0.010057
0.003797
0.008871
0.017766
0.006309
0.004574
0.024974
0.011820
0.003946
0.053863
0.051606
0.005581
0.050011
0.005988
0.005863
0.003181
0.014132
0.027435
0.024893
0.049330
0.000356
0.015046
0.049773
0.030595
0.005907
0.003628
0.018781
0.004401
0.016119
0.016111
0.006083
0.012532
0.010661
0.004740
0.001859
0.021943
0.001876
0.009051
0.010748
0.003658
0.003044
0.006938
0.013274
0.005731
0.000483
0.029807
0.014503
0.001416
0.017608
0.085932
0.012207
0.057659
0.047289
0.000090
0.003221
0.043244
0.074871
0.030010
0.055517
0.013767
0.016468
0.033659
0.026311
0.000460
0.008899
0.000763
0.036217
0.027200
0.043602
0.021564
0.001904
0.027795
0.026984
0.018622
0.046994
0.036733
0.041532
0.018281
0.023953
0.024686
0.021235
0.062440
0.001696
0.019329
0.001421
0.020708
0.007975
0.001402
0.007479
0.007251
0.065558
0.053918
0.051389
0.034031
0.025640
0.037059
0.004474
0.014215
0.006076
0.041444
0.008268
0.002647
0.001781
0.008492
0.008532
0.047848
0.005449
0.004634
0.000946
0.007656
0.015543
0.008589
0.004835
0.015808
0.002332
0.016884
0.013141
0.021975
0.017907
0.012540
0.009549
0.000249
0.013242
0.044982
0.045052
0.006161
0.013001
0.012359
0.009694
0.001687
0.042952
0.017975
0.017748
0.002607
0.006399
0.015682
0.015648
0.023212
0.001265
0.000365
0.014297
0.000287
0.006975
0.023916
0.014229
0.023435
0.013113
0.017511
0.010803
0.006115
0.016484
0.000075
0.028621
0.019694
0.037328
0.007822
0.006224
0.018832
0.005671
0.039215
0.046031
0.041773
0.023641
0.088254
0.007192
0.079709
0.018772
0.012710
0.009738
0.000146
0.010206
0.010850
0.037623
0.005358
0.023261
0.000504
0.028689
0.013513
0.021120
0.075617
0.033365
0.002843
0.008864
0.087326
0.015814
0.012811
0.035771
0.020526
0.007561
0.000253
0.002167
0.014283
0.004426
0.012205
0.070318
0.015871
0.018725
0.020184
0.006133
0.026367
0.011992
0.007844
0.038238
0.003022
0.001450
0.002240
0.000111
0.000529
0.002271
0.010651
0.015820
0.013989
0.000627
0.012490
0.017808
0.011702
0.008059
0.007211
0.028331
0.030812
0.033776
0.026644
0.000785
0.010840
0.005567
0.017281
0.006721
0.009618
0.022662
0.019017
0.007056
0.011824
0.080383
0.024332
0.022391
0.007470
0.003560
0.004006
0.055438
0.061029
0.005188
0.030060
0.018101
0.014271
0.018866
0.000318
0.010008
0.007256
0.004468
0.009378
0.011366
0.003974
0.001308
0.022254
0.015167
0.001602
0.013724
0.008663
0.015396
0.000636
0.003714
0.002664
0.000659
0.005228
0.002914
0.021537
0.029990
0.019807
0.025141
0.015806
0.028416
0.015642
0.008936
0.004015
0.026523
0.030736
0.000573
0.054579
0.009585
0.041410
0.031388
0.012505
0.003844
0.025758
0.031267
0.026336
0.019256
0.011363
0.059774
0.003287
0.014762
0.013888
0.011201
0.018921
0.031897
0.004096
0.033509
0.004877
0.041727
0.006538
0.025632
0.032567
0.005314
0.001464
0.005148
0.026983
0.010118
0.019489
0.002595
0.069409
0.022216
0.008986
0.000888
0.037897
0.028669
0.028375
0.007765
0.067794
0.031763
0.000736
0.000842
0.047054
0.002235
0.010073
0.012211
0.002755
0.014120
0.052578
0.041387
0.040894
0.007189
0.050550
0.025175
0.000720
0.017050
0.004989
0.000768
0.003031
0.014296
0.036035
0.007562
0.007118
0.006869
0.019991
0.003257
0.006864
0.015138
0.015734
0.009478
0.012349
0.000478
0.033135
0.025332
0.023872
0.056191
0.027079
0.001975
0.025341
0.014621
0.006146
0.020152
0.021115
0.002708
0.025512
0.005292
0.029960
0.016038
0.006062
0.012905
0.013050
0.014525
0.024582
0.014545
0.003973
0.003848
0.001478
0.029592
0.001400
0.006852
0.003824
0.008423
0.013435
0.031874
0.006940
0.013395
0.006204
0.002123
0.002339
0.025520
0.009621
0.024281
0.026017
0.068907
0.039651
0.043374
0.009590
0.006572
0.003713
0.010430
0.053185
0.035429
0.038407
0.039563
0.001448
0.003119
0.005416
0.002533
0.013387
0.047190
0.033936
0.008076
0.021141
0.045315
0.009381
0.003416
0.011905
0.007193
0.022133
0.013731
0.014180
0.015275
0.016117
0.011341
0.014704
0.003780
0.004636
0.021102
0.001544
0.010038
0.027600
0.042915
0.011880
0.024629
0.003483
0.011317
0.003965
0.001522
0.026872
0.036843
0.007136
0.003437
0.003403
0.012754
0.011719
0.008241
0.060484
0.006169
0.030002
0.018741
0.017907
0.000203
0.014987
0.010046
0.004707
0.017012
0.016260
0.002382
0.013592
0.000248
0.011537
0.018625
0.019650
0.016321
0.010458
0.010827
0.006096
0.024481
0.039392
0.023694
0.009846
0.000057
0.008393
0.002565
0.014288
0.000820
0.012178
0.012007
0.014839
0.000579
0.006213
0.009991
0.053645
0.056675
0.004847
0.030921
0.029963
0.013923
0.066396
0.002522
0.000329
0.000028
0.049103
0.011827
0.009531
0.003927
0.015413
0.003320
0.008219
0.018575
0.010744
0.064721
0.043135
0.010501
0.000072
0.041559
0.006801
0.031369
0.002811
0.014548
0.072910
0.000707
0.009942
0.002548
0.001403
0.006549
0.002600
0.000924
0.005582
0.002120
0.007639
0.000787
0.005401
0.002538
0.013638
0.058545
0.001967
0.120581
0.055591
0.017679
0.026890
0.001643
0.020615
0.005110
0.010996
0.013637
0.002251
0.000841
0.005410
0.002060
0.008929
0.007593
0.017050
0.016713
0.003548
0.025418
0.042919
0.024214
0.005752
0.001383
0.001149
0.023908
0.028440
0.004346
0.004881
0.013692
0.000858
0.018393
0.007737
0.010070
0.011417
0.000033
0.048754
0.014307
0.038256
0.028415
0.025677
0.018426
0.000934
0.021452
0.009670
0.014008
0.018111
0.002620
0.004792
0.003717
0.001056
0.023824
0.003610
0.010371
0.004739
0.014115
0.003327
0.004912
0.047751
0.021578
0.012116
0.023148
0.070521
0.012931
0.003993
0.021484
0.008476
0.001039
0.001256
0.044268
0.035296
0.052309
0.000210
0.018711
0.021183
0.009210
0.005326
0.149121
0.098510
0.124662
0.004190
0.030990
0.001980
0.000427
0.023556
0.001508
0.000834
0.015852
0.000397
0.000188
0.038774
0.002895
0.000116
0.026676
0.012542
0.002038
0.005280
0.014773
0.001184
0.012285
0.007379
0.019030
0.043138
0.021076
0.015325
0.019948
0.008263
0.005540
0.007698
0.024016
0.006860
0.008103
0.008172
0.064210
0.015169
0.002428
0.092334
0.017732
0.006121
0.035525
0.016993
0.050607
0.005335
0.001852
0.007965
0.004800
0.005389
0.011946
0.016300
0.005409
0.006439
0.012760
0.008039
0.020250
0.033022
0.009747
0.027814
0.007143
0.057172
0.008620
0.042635
0.004209
0.002073
0.032885
0.000255
0.020114
0.031628
0.071187
0.014885
0.012370
0.069034
0.029599
0.003066
0.008578
0.003219
0.019986
0.013385
0.005029
0.010957
0.002486
0.028224
0.011259
0.006330
0.031066
0.006163
0.009840
0.050297
0.028898
0.051677
0.025259
0.033328
0.007668
0.014746
0.005380
0.017666
0.010106
0.000322
0.008696
0.001232
0.001088
0.027491
0.001950
0.021833
0.004928
0.004411
0.003795
0.004612
0.020432
0.000319
0.003024
0.025244
0.001838
0.047305
0.021238
0.029159
0.019315
0.027194
0.031704
0.000223
0.025948
0.008952
0.014720
0.035795
0.027467
0.022689
0.003585
0.025576
0.042635
0.022346
0.002067
0.008900
0.007350
0.015119
0.009760
0.011696
0.002781
0.020605
0.026407
0.014634
0.011545
0.004619
0.004710
0.007152
0.044334
0.016739
0.009257
0.000628
0.023142
0.054946
0.007100
0.008744
0.009725
0.001548
0.035523
0.008953
0.019094
0.010234
0.028863
0.050897
0.033557
0.048232
0.066930
0.005170
0.005219
0.006535
0.016433
0.000765
0.041910
0.020480
0.056430
0.020329
0.040320
0.019663
0.055055
0.035788
0.016644
0.038070
0.049490
0.027015
0.010945
0.011978
0.034547
0.031201
0.006575
0.012616
0.006129
0.006088
0.003256
0.011945
0.009257
0.002094
0.002855
0.042934
0.002404
0.019404
0.028396
0.040982
0.011016
0.015622
0.019572
0.020290
0.002904
0.049205
0.037992
0.006952
0.009073
0.013721
0.020615
0.007757
0.000783
0.004454
0.042621
0.012372
0.032960
0.018550
0.007388
0.007035
0.057042
0.044848
0.040132
0.023837
0.029872
0.019103
0.060279
0.016704
0.042203
0.001421
0.009526
0.024410
0.029156
0.004784
0.001000
0.017827
0.004282
0.023810
0.012123
0.009395
0.001716
0.090411
0.003461
0.001580
0.068566
0.002378
0.055820
0.018405
0.004329
0.018420
0.042411
0.026669
0.012739
0.002742
0.009427
0.002889
0.007078
0.017236
0.028414
0.015691
0.021032
0.008523
0.001204
0.023119
0.021595
0.024899
0.005730
0.070814
0.013156
0.004769
0.032510
0.047399
0.002414
0.011299
0.018372
0.021432
0.012060
0.024279
0.001833
0.000785
0.009999
0.002023
0.044956
0.014289
0.000327
0.007370
0.029058
0.030706
0.026206
0.005986
0.039279
0.030840
0.057332
0.027846
0.005154
0.004745
0.003809
0.001898
0.049871
0.023471
0.045599
0.001145
0.003207
0.009884
0.000767
0.015886
0.001090
0.004560
0.028813
0.027313
0.014806
0.008979
0.008968
0.037347
0.027431
0.034739
0.003092
0.007690
0.019693
0.039174
0.010177
0.018757
0.000529
0.012944
0.024677
0.045412
0.042152
0.003478
0.068788
0.007509
0.004323
0.006039
0.030397
0.026445
0.032186
0.026871
0.044361
0.013973
0.106103
0.002685
0.019880
0.012329
0.000314
0.028683
0.014628
0.004318
0.008796
0.009469
0.000266
0.014352
0.001364
0.018487
0.002414
0.001965
0.013561
0.003876
0.013102
0.012368
0.012641
0.052715
0.019064
0.075131
0.069833
0.018256
0.000805
0.020950
0.015088
0.035820
0.006025
0.084207
0.022560
0.049197
0.035811
0.011481
0.024405
0.042213
0.033247
0.004236
0.002604
0.009570
0.004853
0.002184
0.019336
0.032689
0.003489
0.017502
0.006682
0.004326
0.005713
0.024256
0.086856
0.023749
0.020359
0.002106
0.022277
0.004378
0.000117
0.003589
0.077577
0.007921
0.004314
0.002864
0.000106
0.027415
0.014923
0.009148
0.009207
0.036957
0.021415
0.007862
0.052321
0.015407
0.045568
0.010983
0.011344
0.025398
0.008769
0.016035
0.015799
0.009201
0.013364
0.016002
0.037488
0.000602
0.010355
0.005475
0.023346
0.091643
0.015693
0.011561
0.020717
0.039349
0.005587
0.020133
0.018719
0.038699
0.015727
0.015081
0.004512
0.007360
0.000455
0.005075
0.004230
0.001621
0.021892
0.008975
0.000942
0.002932
0.000718
0.049848
0.005095
0.001186
0.005069
0.037834
0.020160
0.019409
0.004422
0.012012
0.006802
0.061058
0.001746
0.019201
0.000691
0.011927
0.012622
0.023340
0.038301
0.032790
0.002557
0.007939
0.047700
0.010602
0.006665
0.046866
0.032476
0.021364
0.014301
0.012029
0.019849
0.006870
0.069074
0.001967
0.032941
0.001205
0.053576
0.035862
0.001606
0.020150
0.016586
0.007098
0.000989
0.012509
0.011223
0.007495
0.050685
0.019313
0.011534
0.071943
0.026252
0.023116
0.012208
0.013149
0.024255
0.032796
0.010723
0.003831
0.004230
0.015115
0.013052
0.000680
0.023925
0.093921
0.083181
0.058379
0.018949
0.005699
0.018329
0.012197
0.036711
0.064476
0.050097
0.033489
0.003747
0.017578
0.000298
0.019235
0.022349
0.010012
0.004777
0.019081
0.030783
0.001987
0.008438
0.005778
0.007767
0.019826
0.037813
0.028466
0.005234
0.009948
0.006152
0.075327
0.028886
0.012237
0.009531
0.001668
0.052634
0.038457
0.027849
0.030464
0.037530
0.066030
0.046400
0.016038
0.078614
0.035452
0.020437
0.003882
0.003345
0.006764
0.007992
0.008436
0.001074
0.001721
0.000485
0.008645
0.071049
0.015191
0.014095
0.003759
0.008062
0.011645
0.018947
0.020201
0.012983
0.014126
0.132080
0.075132
0.078360
0.034665
0.009252
0.026834
0.013482
0.015430
0.027702
0.016850
0.018089
0.009154
0.026678
0.001601
0.021313
0.007521
0.040140
0.007459
0.000603
0.005428
0.004613
0.000996
0.008320
0.021299
0.035819
0.000226
0.010264
0.009971
0.021898
0.010464
0.008834
0.010020
0.002142
0.051741
0.019683
0.011831
0.063782
0.062617
0.049224
0.002587
0.010653
0.010782
0.024621
0.011464
0.003580
0.052686
0.001513
0.000260
0.009292
0.004449
0.026936
0.019849
0.003772
0.001042
0.022190
0.020674
0.015142
0.018899
0.037123
0.014404
0.001136
0.003072
0.008889
0.043793
0.000571
0.001218
0.002127
0.001512
0.013180
0.007358
0.010058
0.016055
0.023953
0.016972
0.012101
0.010394
0.006213
0.003686
0.031224
0.005559
0.049655
0.003903
0.027621
0.050284
0.020599
0.017894
0.022494
0.020627
0.024105
0.007952
0.016007
0.007731
0.038486
0.004073
0.007714
0.005833
0.016156
0.001130
0.003552
0.013320
0.012848
0.009821
0.086795
0.006398
0.031944
0.006943
0.013184
0.009942
0.056951
0.012794
0.009460
0.051366
0.045541
0.050925
0.001665
0.002243
0.045975
0.026434
0.016649
0.007238
0.019048
0.055157
0.059378
0.004832
0.025587
0.010302
0.034987
0.006038
0.001011
0.035572
0.018255
0.001695
0.051737
0.034607
0.000399
0.003438
0.009830
0.052254
0.065702
0.009014
0.015303
0.046574
0.012745
0.023288
0.033883
0.023451
0.005049
0.030129
0.021021
0.019429
0.038157
0.027848
0.055507
0.025453
0.047172
0.034935
0.030060
0.004052
0.085226
0.041596
0.038741
0.013160
0.024642
0.019681
0.007385
0.001396
0.027947
0.017497
0.021073
0.017127
0.001781
0.028737
0.063332
0.026402
0.015587
0.004670
0.032146
0.051526
0.045345
0.001340
0.003934
0.013547
0.009012
0.020799
0.016812
0.014144
0.036689
0.009464
0.020034
0.008867
0.008490
0.030303
0.014439
0.000283
0.006102
0.013991
0.020075
0.004618
0.009900
0.012914
0.006717
0.007738
0.007357
0.045322
0.015099
0.002402
0.026933
0.012509
0.001318
0.000822
0.019728
0.013360
0.004398
0.021541
0.004523
0.003123
0.108329
0.017666
0.021289
0.016698
0.010798
0.007533
0.000909
0.008301
0.020229
0.025641
0.014607
0.014893
0.010434
0.019070
0.094120
0.005049
0.011984
0.023205
0.000280
0.023976
0.003828
0.018630
0.002241
0.000474
0.002868
0.018387
0.011858
0.004117
0.071131
0.001930
0.029519
0.038475
0.031018
0.028797
0.028419
0.018684
0.027136
0.047458
0.019870
0.018989
0.055254
0.065441
0.013348
0.000896
0.018736
0.008411
0.012789
0.002936
0.014630
0.027011
0.026389
0.020845
0.005049
0.009336
0.004898
0.036987
0.001929
0.035868
0.004898
0.023784
0.005214
0.000002
0.033162
0.062945
0.007803
0.008198
0.001292
0.004815
0.026604
0.022946
0.005337
0.044317
0.004442
0.002368
0.032335
0.002261
0.027348
0.039438
0.037168
0.007699
0.021331
0.000916
0.003981
0.023653
0.016160
0.000407
0.056486
0.042522
0.023031
0.009711
0.061668
0.003084
0.005365
0.002576
0.014577
0.001588
0.019317
0.002370
0.001860
0.016567
0.000702
0.060526
0.010560
0.051741
0.026620
0.002331
0.042128
0.007015
0.033229
0.003613
0.016928
0.001790
0.044653
0.018131
0.012284
0.007106
0.016207
0.018957
0.018038
0.084558
0.009387
0.011403
0.004066
0.001594
0.025502
0.023886
0.016146
0.008519
0.010998
0.009027
0.008737
0.010055
0.024408
0.019096
0.006400
0.110796
0.009451
0.009309
0.002246
0.005132
0.007116
0.025545
0.018400
0.001195
0.027119
0.000420
0.005947
0.010398
0.002178
0.034711
0.001278
0.032660
0.008061
0.021509
0.057206
0.050845
0.065296
0.013446
0.007857
0.011514
0.021214
0.053035
0.015612
0.047265
0.001683
0.009715
0.010066
0.036945
0.010679
0.037556
0.006473
0.067611
0.017616
0.015797
0.010508
0.011563
0.044597
0.007053
0.023884
0.013119
0.014831
0.026649
0.019254
0.000564
0.010293
0.005627
0.027164
0.005608
0.021255
0.025472
0.008482
0.013289
0.028112
0.001938
0.017976
0.031053
0.007114
0.018280
0.042660
0.029461
0.021452
0.000085
0.020907
0.007976
0.000774
0.002814
0.011962
0.015928
0.004087
0.000727
0.012117
0.013194
0.026417
0.093824
0.003689
0.002581
0.003490
0.037431
0.020073
0.003451
0.002178
0.003059
0.046926
0.003160
0.021133
0.020045
0.037457
0.012408
0.058726
0.003156
0.007400
0.015516
0.011063
0.018082
0.023099
0.005657
0.027290
0.034369
0.023701
0.011944
0.007071
0.005442
0.022115
0.041083
0.002143
0.020595
0.000370
0.000365
0.019889
0.020902
0.003172
0.043668
0.000270
0.069284
0.024001
0.008204
0.030951
0.045612
0.004453
0.001240
0.012697
0.008606
0.029388
0.010930
0.014412
0.005359
0.021288
0.033802
0.045878
0.034411
0.018044
0.000331
0.011038
0.013114
0.000373
0.017714
0.012240
0.009124
0.000092
0.016299
0.010505
0.008286
0.006462
0.014702
0.019145
0.058026
0.029244
0.007537
0.002100
0.020795
0.001154
0.007993
0.014574
0.002424
0.000785
0.008594
0.005660
0.028726
0.008371
0.002270
0.011469
0.023520
0.003647
0.019373
0.005922
0.034548
0.017966
0.002560
0.005036
0.005776
0.012116
0.011969
0.015226
0.001891
0.016726
0.020881
0.024357
0.007435
0.005259
0.019532
0.000094
0.004837
0.007065
0.034433
0.004725
0.028581
0.021930
0.002032
0.010522
0.019596
0.000557
0.000027
0.043185
0.003095
0.032373
0.015470
0.070048
0.045862
0.002545
0.009561
0.005412
0.047286
0.005838
0.007583
0.016853
0.015718
0.001488
0.008645
0.013958
0.033261
0.005828
0.002810
0.010893
0.009219
0.008766
0.026227
0.003315
0.004407
0.030355
0.048723
0.008057
0.027377
0.020038
0.044478
0.005118
0.006135
0.014134
0.020634
0.005305
0.012546
0.023241
0.039685
0.022574
0.011656
0.024126
0.002241
0.017106
0.010506
0.006229
0.004638
0.028309
0.024751
0.005948
0.058264
0.034566
0.011272
0.002834
0.029343
0.012266
0.027595
0.006950
0.051148
0.042420
0.015769
0.055268
0.034610
0.035542
0.016354
0.027059
0.008209
0.005721
0.009464
0.000237
0.014052
0.000739
0.013242
0.021503
0.014716
0.002600
0.043131
0.004961
0.006796
0.024959
0.021483
0.012189
0.025238
0.002899
0.004607
0.000347
0.003280
0.029743
0.007375
0.030538
0.019709
0.024390
0.069020
0.035811
0.037141
0.001727
0.000887
0.012646
0.013746
0.023260
0.017039
0.004008
0.030006
0.001058
0.003336
0.012390
0.010606
0.005357
0.017911
0.011395
0.004285
0.002821
0.000092
0.028510
0.018875
0.018218
0.083387
0.043215
0.000570
0.004883
0.005108
0.008741
0.001785
0.004317
0.010107
0.019680
0.003137
0.001790
0.003391
0.003568
0.015208
0.027695
0.013361
0.042921
0.019699
0.031655
0.019300
0.063520
0.008615
0.013459
0.026988
0.069492
0.000039
0.005148
0.010083
0.007692
0.006280
0.021822
0.015683
0.004639
0.003803
0.009743
0.008792
0.017521
0.006119
0.004633
0.031712
0.048338
0.027151
0.068717
0.024027
0.028408
0.008281
0.002592
0.016052
0.006259
0.014557
0.021823
0.006030
0.012054
0.005733
0.070186
0.013750
0.007364
0.006231
0.028522
0.002964
0.036722
0.033957
0.006546
0.005352
0.035007
0.034435
0.010951
0.001838
0.017007
0.016269
0.000492
0.017152
0.008157
0.024849
0.005015
0.031524
0.027793
0.007209
0.065181
0.061544
0.131207
0.010353
0.014752
0.011412
0.034709
0.061798
0.004284
0.015444
0.014066
0.002471
0.000133
0.052280
0.015547
0.050550
0.014506
0.034140
0.003965
0.017814
0.060761
0.005717
0.049611
0.004559
0.052188
0.022130
0.023318
0.000803
0.037839
0.034691
0.002306
0.007692
0.068390
0.061812
0.093503
0.026837
0.003242
0.022814
0.010031
0.003297
0.005443
0.001184
0.002184
0.002168
0.020776
0.000541
0.003335
0.023873
0.035660
0.025469
0.003248
0.005457
0.001648
0.005216
0.022494
0.000089
0.026958
0.013842
0.006079
0.068966
0.008596
0.010546
0.006090
0.030517
0.007465
0.025878
0.014521
0.013244
0.004090
0.002415
0.000491
0.012510
0.009010
0.022651
0.002027
0.007295
0.000133
0.003205
0.039102
0.034406
0.003384
0.010880
0.003105
0.063959
0.024256
0.042801
0.012686
0.038250
0.030772
0.000205
0.033040
0.037295
0.024775
0.018905
0.004640
0.017882
0.023504
0.027096
0.003347
0.002324
0.004994
0.008196
0.000400
0.058452
0.014671
0.019763
0.000586
0.007874
0.005234
0.015476
0.010035
0.010874
0.046693
0.015171
0.001423
0.011747
0.002557
0.016805
0.009542
0.001470
0.039579
0.016784
0.019261
0.014475
0.011515
0.047557
0.009734
0.003328
0.007095
0.010442
0.024652
0.015084
0.025366
0.016475
0.005128
0.001786
0.009639
0.016693
0.048323
0.001344
0.004391
0.070993
0.041455
0.129544
0.000719
0.028284
0.007367
0.056384
0.029309
0.003839
0.000162
0.009455
0.006409
0.003762
0.012802
0.007523
0.014625
0.003584
0.030910
0.012890
0.031721
0.029060
0.009306
0.005810
0.001702
0.002674
0.000317
0.045570
0.007114
0.022025
0.006886
0.019041
0.001185
0.019587
0.007483
0.003101
0.061983
0.044011
0.030931
0.002669
0.014586
0.000835
0.010090
0.001893
0.035185
0.004480
0.020496
0.001429
0.012151
0.004031
0.040148
0.013659
0.009548
0.009478
0.029910
0.001899
0.002944
0.046764
0.004134
0.051675
0.034734
0.018750
0.004375
0.016071
0.016258
0.006872
0.018946
0.001059
0.018500
0.005625
0.048349
0.004622
0.114220
0.051449
0.004298
0.055933
0.036706
0.017609
0.049326
0.001989
0.005661
0.020077
0.017140
0.021881
0.025921
0.006823
0.001965
0.037443
0.006330
0.055504
0.030712
0.003836
0.000775
0.016639
0.003146
0.019683
0.001505
0.004050
0.018532
0.000277
0.011554
0.018074
0.016216
0.046027
0.006391
0.013413
0.001697
0.000955
0.002684
0.029687
0.015606
0.005232
0.009286
0.003128
0.010224
0.002743
0.000901
0.001210
0.000921
0.003279
0.008991
0.034424
0.018292
0.003652
0.011961
0.005008
0.003586
0.053264
0.001687
0.000926
0.013764
0.021264
0.009491
0.006405
0.003501
0.010457
0.000545
0.007889
0.029789
0.021446
0.074021
0.022401
0.008059
0.033580
0.037004
0.021149
0.007008
0.029937
0.073848
0.069923
0.017530
0.015691
0.030146
0.010871
0.000854
0.050448
0.003922
0.025929
0.029699
0.000653
0.001349
0.002151
0.000488
0.003823
0.038587
0.016065
0.017456
0.011026
0.007905
0.042064
0.006042
0.017885
0.004413
0.025367
0.015444
0.013954
0.006754
0.023164
0.025229
0.001192
0.024752
0.033772
0.028880
0.000673
0.010016
0.003198
0.004898
0.065252
0.026410
0.030684
0.021948
0.000191
0.022735
0.002220
0.008520
0.003775
0.032093
0.020753
0.014340
0.004943
0.035762
0.000462
0.012984
0.006999
0.002545
0.035999
0.068797
0.005418
0.006958
0.005180
0.020615
0.033140
0.075947
0.011170
0.034749
0.030758
0.016955
0.006953
0.013602
0.006948
0.004812
0.016278
0.011012
0.011306
0.024390
0.006620
0.005333
0.031762
0.020887
0.022003
0.002103
0.010834
0.021033
0.001995
0.015238
0.010324
0.014723
0.011542
0.038488
0.002018
0.028489
0.027039
0.000794
0.012640
0.047194
0.002280
0.010298
0.003485
0.004488
0.028065
0.025364
0.011949
0.003325
0.025911
0.000506
0.010876
0.009346
0.009662
0.041467
0.024481
0.008425
0.018250
0.012262
0.006423
0.010611
0.078197
0.030201
0.007966
0.027224
0.012448
0.000466
0.030285
0.016156
0.005665
0.008983
0.052621
0.004734
0.040784
0.007053
0.044969
0.019246
0.020728
0.005308
0.012028
0.018320
0.012532
0.007286
0.015241
0.011003
0.020571
0.000120
0.001236
0.007364
0.005084
0.006759
0.012798
0.005309
0.000748
0.000496
0.030914
0.017329
0.008236
0.023656
0.002073
0.004048
0.004741
0.017072
0.016040
0.001520
0.007021
0.003462
0.004431
0.025945
0.017257
0.038695
0.033906
0.003355
0.011963
0.008161
0.040149
0.002526
0.032723
0.031668
0.017252
0.012780
0.025007
0.071524
0.005576
0.025304
0.002580
0.002431
0.016142
0.016118
0.101617
0.074381
0.008075
0.018689
0.019180
0.003548
0.006334
0.003473
0.011014
0.002849
0.037262
0.034298
0.021818
0.059623
0.016242
0.035175
0.039262
0.019603
0.000008
0.003905
0.002367
0.000471
0.001719
0.006741
0.000359
0.009930
0.006346
0.000590
0.017973
0.009901
0.048030
0.020863
0.033875
0.015437
0.008526
0.008958
0.102246
0.074910
0.052702
0.021357
0.033436
0.040289
0.032412
0.082175
0.014570
0.007945
0.004685
0.004837
0.008959
0.005001
0.098990
0.038935
0.003287
0.036468
0.015628
0.021612
0.000433
0.127000
0.109156
0.107908
0.117456
0.118397
0.035443
0.013295
0.029905
0.006014
0.012421
0.010846
0.006269
0.027029
0.000449
0.006448
0.014047
0.014854
0.014829
0.008467
0.005953
0.008703
0.028721
0.008567
0.003152
0.019193
0.011138
0.050037
0.015672
0.000379
0.000801
0.001371
0.000899
0.019730
0.012064
0.112101
0.023503
0.010276
0.048935
0.027891
0.021971
0.014605
0.022155
0.006796
0.083180
0.046452
0.046714
0.003914
0.001532
0.028730
0.086026
0.044573
0.012941
0.039226
0.028777
0.013554
0.039758
0.041693
0.010800
0.017408
0.022263
0.024950
0.003440
0.009592
0.041863
0.026989
0.014795
0.010077
0.016883
0.032763
0.018323
0.007094
0.006413
0.045123
0.036793
0.066040
0.001972
0.038088
0.007604
0.003710
0.014636
0.025782
0.017924
0.069336
0.007517
0.004205
0.005212
0.019805
0.024534
0.013683
0.014927
0.019182
0.013205
0.023410
0.001636
0.002006
0.036772
0.005125
0.023297
0.002278
0.006744
0.028535
0.068143
0.032506
0.003555
0.019136
0.006160
0.051671
0.048331
0.004524
0.007623
0.001478
0.011654
0.001709
0.008793
0.011470
0.009038
0.003835
0.021387
0.010061
0.008928
0.014743
0.011671
0.039644
0.017398
0.003443
0.010781
0.002212
0.025878
0.012416
0.010479
0.023904
0.024264
0.039549
0.026135
0.017513
0.040160
0.034967
0.002644
0.004096
0.096598
0.004395
0.006742
0.050920
0.042036
0.060309
0.024311
0.023623
0.019384
0.028694
0.002245
0.003486
0.000048
0.012965
0.060334
0.006247
0.001143
0.031958
0.000002
0.037294
0.018052
0.030684
0.019914
0.008088
0.004783
0.004353
0.004713
0.012045
0.034785
0.030720
0.005339
0.005311
0.005528
0.007158
0.017701
0.031377
0.009165
0.000281
0.018542
0.018326
0.001925
0.085703
0.001231
0.012147
0.006198
0.009874
0.048828
0.047930
0.039249
0.039065
0.014058
0.006381
0.096558
0.009067
0.007935
0.018543
0.020615
0.008315
0.003212
0.024804
0.073627
0.006622
0.059647
0.001614
0.038981
0.013149
0.003099
0.009391
0.085311
0.009827
0.014396
0.015007
0.012629
0.087562
0.015088
0.009325
0.009175
0.030449
0.007826
0.033343
0.047552
0.001061
0.001011
0.032426
0.012839
0.007881
0.059489
0.020962
0.009928
0.010213
0.032960
0.004023
0.024080
0.017167
0.001911
0.004239
0.007850
0.004958
0.007374
0.037271
0.005583
0.029009
0.009809
0.008621
0.003619
0.000190
0.001859
0.012087
0.095408
0.023011
0.006336
0.008702
0.019797
0.016079
0.016960
0.009521
0.000784
0.021372
0.022774
0.002089
0.007295
0.074453
0.117582
0.024040
0.088571
0.083380
0.098437
0.017246
0.014804
0.011915
0.000367
0.043756
0.005092
0.006849
0.022577
0.011176
0.009695
0.009269
0.023527
0.028783
0.006235
0.019600
0.007955
0.000512
0.009564
0.002959
0.006523
0.011186
0.001029
0.006547
0.006231
0.000947
0.027123
0.000637
0.054092
0.011300
0.004577
0.005109
0.012499
0.027871
0.005953
0.021386
0.018925
0.022510
0.005671
0.018074
0.003303
0.020373
0.019875
0.063039
0.049227
0.011038
0.048675
0.019950
0.017190
0.023601
0.043703
0.078577
0.029862
0.044874
0.006530
0.016811
0.015033
0.019122
0.017189
0.011928
0.010622
0.008592
0.007287
0.018771
0.016161
0.021260
0.030714
0.032945
0.001167
0.050203
0.002145
0.038954
0.034040
0.025189
0.010065
0.001558
0.026515
0.031841
0.001942
0.005466
0.018704
0.013456
0.009615
0.030969
0.005288
0.004446
0.001166
0.011975
0.006202
0.011346
0.003979
0.001440
0.024679
0.007627
0.024812
0.053655
0.001308
0.049021
0.032779
0.008881
0.022346
0.029039
0.011837
0.024510
0.003499
0.012009
0.000092
0.016008
0.023823
0.003184
0.012264
0.011983
0.013813
0.040576
0.018739
0.032937
0.006365
0.006431
0.003198
0.007725
0.017902
0.019967
0.009719
0.014605
0.017772
0.031430
0.008857
0.056245
0.007380
0.009607
0.012361
0.003780
0.010605
0.055156
0.024304
0.007581
0.023664
0.007007
0.010575
0.028780
0.033776
0.059079
0.005190
0.034085
0.035853
0.016404
0.033510
0.026681
0.001265
0.016256
0.040212
0.001786
0.017778
0.035599
0.012824
0.058311
0.007882
0.011561
0.021236
0.050163
0.013086
0.018840
0.006401
0.000808
0.020479
0.017109
0.018109
0.007740
0.011835
0.027494
0.009927
0.015095
0.018364
0.028293
0.001190
0.008894
0.023037
0.035510
0.025474
0.031866
0.004797
0.000182
0.000710
0.002743
0.012322
0.020327
0.019327
0.045498
0.020513
0.064055
0.015486
0.020424
0.049753
0.018225
0.008432
0.016739
0.006340
0.010239
0.054478
0.042782
0.005053
0.027922
0.008274
0.004603
0.002070
0.021215
0.002320
0.018141
0.020629
0.010619
0.017203
0.023723
0.045396
0.000355
0.048507
0.008815
0.049579
0.004381
0.042258
0.032086
0.007180
0.002946
0.011403
0.010292
0.010954
0.036889
0.003907
0.009521
0.006307
0.017182
0.007852
0.020521
0.046314
0.013763
0.040008
0.018240
0.030166
0.004450
0.001572
0.016758
0.006106
0.016141
0.002871
0.021069
0.027351
0.014583
0.007894
0.004364
0.003028
0.002256
0.004672
0.006774
0.034109
0.026476
0.006260
0.079134
0.060117
0.026793
0.026609
0.010638
0.028789
0.031995
0.036594
0.029313
0.000479
0.001044
0.001935
0.001990
0.024258
0.010948
0.002621
0.031935
0.024600
0.000524
0.017669
0.009678
0.051742
0.000041
0.016953
0.014545
0.041466
0.012967
0.000601
0.010177
0.020695
0.005289
0.012051
0.018862
0.014809
0.016142
0.015289
0.003227
0.054935
0.005651
0.000819
0.048964
0.003516
0.022206
0.018285
0.012989
0.009652
0.048653
0.053304
0.024115
0.011345
0.000652
0.025198
0.002333
0.001270
0.007949
0.012233
0.027590
0.007166
0.075089
0.054912
0.010660
0.004086
0.006288
0.055901
0.027001
0.006711
0.014839
0.016075
0.014642
0.001526
0.017679
0.056495
0.004831
0.030935
0.030621
0.015606
0.003112
0.035563
0.026145
0.022022
0.019774
0.022559
0.007858
0.027434
0.014351
0.006686
0.108391
0.006608
0.030511
0.003068
0.021894
0.027667
0.010797
0.022181
0.004847
0.002781
0.028860
0.011862
0.026143
0.006693
0.003062
0.016070
0.000932
0.002614
0.007909
0.041627
0.005622
0.014531
0.044073
0.016647
0.009249
0.000960
0.031345
0.010086
0.004058
0.010754
0.037785
0.006198
0.042482
0.035634
0.000759
0.017202
0.005032
0.000399
0.000362
0.049026
0.009093
0.062727
0.007907
0.008959
0.003903
0.001618
0.018929
0.007473
0.005745
0.018844
0.010516
0.039833
0.010535
0.020187
0.001802
0.018966
0.078272
0.004189
0.007745
0.004885
0.007804
0.073379
0.033254
0.003165
0.012025
0.010861
0.009153
0.008638
0.025764
0.016256
0.005973
0.003447
0.015473
0.036429
0.001848
0.037821
0.008181
0.007371
0.028058
0.024943
0.002740
0.000141
0.002690
0.024705
0.003843
0.000131
0.015293
0.013508
0.001350
0.031630
0.005589
0.004727
0.000428
0.002843
0.019148
0.015762
0.008165
0.037512
0.005145
0.020614
0.034547
0.001102
0.028789
0.000163
0.001303
0.025106
0.031697
0.005695
0.005196
0.001977
0.010617
0.021909
0.005384
0.006936
0.017838
0.043491
0.043092
0.011751
0.019067
0.005114
0.022754
0.012378
0.001916
0.070881
0.088034
0.074525
0.000139
0.020358
0.042412
0.010463
0.013256
0.004141
0.002141
0.001315
0.019407
0.005406
0.023510
0.000613
0.028618
0.016992
0.017852
0.014477
0.001314
0.016460
0.041121
0.020654
0.013672
0.009350
0.010953
0.013955
0.003577
0.007612
0.010855
0.006804
0.040749
0.016153
0.004659
0.026887
0.007539
0.001579
0.002159
0.049210
0.016583
0.003554
0.027491
0.001116
0.010973
0.002606
0.030854
0.020894
0.027859
0.017438
0.021195
0.018279
0.019787
0.007095
0.000656
0.009145
0.111015
0.073942
0.003795
0.008349
0.013285
0.031790
0.005059
0.022633
0.003020
0.017256
0.005805
0.004100
0.029287
0.067105
0.025045
0.020678
0.009057
0.006608
0.007885
0.009338
0.005884
0.001865
0.003146
0.000086
0.001246
0.023655
0.023498
0.034809
0.019391
0.006082
0.039036
0.027086
0.023292
0.009512
0.098856
0.009776
0.012122
0.007806
0.061463
0.049614
0.046219
0.002650
0.015625
0.004199
0.002606
0.072152
0.023229
0.011103
0.006635
0.028186
0.078992
0.050009
0.023557
0.046289
0.020038
0.003560
0.010771
0.001210
0.011552
0.003940
0.000187
0.008508
0.001759
0.005870
0.030675
0.010052
0.005401
0.028263
0.010220
0.013914
0.008595
0.013093
0.023313
0.026337
0.002634
0.000198
0.041609
0.029210
0.011675
0.015671
0.004999
0.007243
0.032126
0.000726
0.037970
0.001890
0.008185
0.009274
0.003336
0.012257
0.009893
0.003029
0.004627
0.066268
0.037609
0.020780
0.050782
0.038926
0.051265
0.001716
0.003698
0.006338
0.002198
0.001821
0.015585
0.014874
0.004506
0.008606
0.006341
0.010155
0.049758
0.032858
0.008164
0.002679
0.011685
0.016314
0.007209
0.022477
0.000466
0.019758
0.000430
0.006559
0.015435
0.023338
0.004928
0.090435
0.040478
0.008528
0.005385
0.004614
0.001308
0.011256
0.001844
0.013655
0.005486
0.002045
0.150168
0.001823
0.015306
0.013281
0.000590
0.019100
0.014767
0.014134
0.006146
0.048446
0.006471
0.046678
0.003212
0.022562
0.028256
0.010880
0.006563
0.007888
0.009829
0.008450
0.013532
0.032579
0.007440
0.015324
0.009759
0.010210
0.038931
0.012219
0.000065
0.024734
0.008173
0.014468
0.000948
0.012140
0.009831
0.003423
0.007859
0.015094
0.005130
0.012063
0.022198
0.043174
0.003436
0.045839
0.019627
0.018851
0.000618
0.013351
0.026391
0.058089
0.055088
0.001789
0.000543
0.008301
0.040074
0.001556
0.015114
0.017019
0.017530
0.006262
0.005399
0.056886
0.011846
0.005153
0.005119
0.006060
0.013450
0.016653
0.050158
0.006808
0.011205
0.061224
0.025110
0.027341
0.065896
0.050330
0.001323
0.027605
0.015390
0.011488
0.021371
0.061977
0.021200
0.009214
0.005281
0.082957
0.024620
0.012470
0.007914
0.022904
0.002724
0.012332
0.020867
0.022477
0.003178
0.020617
0.010179
0.016130
0.002258
0.013259
0.000256
0.014561
0.002107
0.029805
0.031599
0.024724
0.001327
0.033997
0.026264
0.039555
0.021172
0.016886
0.035216
0.029055
0.016760
0.005103
0.002500
0.017858
0.015257
0.032379
0.050319
0.050220
0.033665
0.003793
0.017484
0.080015
0.012210
0.084013
0.019378
0.059130
0.061346
0.003280
0.006893
0.009636
0.019551
0.005988
0.032853
0.013109
0.016486
0.084238
0.036140
0.032022
0.003696
0.000426
0.014364
0.107416
0.058086
0.057724
0.002693
0.018410
0.014703
0.012124
0.064528
0.000884
0.015885
0.000050
0.042298
0.007805
0.085350
0.038344
0.010031
0.013157
0.006765
0.006437
0.000430
0.014400
0.000000
0.004110
0.003612
0.006299
0.002732
0.005537
0.007080
0.016747
0.023647
0.089541
0.013770
0.003888
0.011460
0.001076
0.005074
0.046692
0.033213
0.093718
0.083124
0.057466
0.023793
0.001059
0.039657
0.028166
0.026284
0.014357
0.010653
0.029773
0.039844
0.017402
0.039664
0.014547
0.017464
0.037944
0.027213
0.029120
0.035233
0.103028
0.008577
0.004933
0.001834
0.012529
0.001529
0.001991
0.043489
0.013074
0.042939
0.040741
0.004981
0.010633
0.012952
0.002042
0.002973
0.057027
0.009515
0.031791
0.007705
0.017528
0.024456
0.046079
0.053202
0.043795
0.001711
0.022405
0.010750
0.001655
0.100667
0.004577
0.007720
0.001493
0.010753
0.048087
0.039323
0.010601
0.086646
0.001381
0.013635
0.005787
0.001620
0.010407
0.030676
0.000073
0.029802
0.008476
0.004872
0.030949
0.029310
0.012200
0.026979
0.006158
0.032860
0.011021
0.004971
0.009894
0.008539
0.013512
0.002769
0.003065
0.027834
0.006147
0.024484
0.036908
0.034799
0.051054
0.002162
0.005452
0.014300
0.050017
0.029829
0.009657
0.005571
0.049760
0.005933
0.005757
0.003053
0.014231
0.033783
0.004985
0.042499
0.006190
0.018471
0.004901
0.026441
0.011757
0.126297
0.081672
0.106144
0.126028
0.025702
0.037768
0.015505
0.003774
0.019261
0.004366
0.012416
0.000647
0.037498
0.039140
0.012327
0.000166
0.025083
0.007653
0.009088
0.006531
0.007148
0.005654
0.023712
0.061730
0.007657
0.007922
0.001068
0.005292
0.067574
0.048678
0.000785
0.015451
0.083339
0.042668
0.012462
0.034375
0.021440
0.014229
0.001296
0.018871
0.004104
0.012458
0.002855
0.012812
0.022321
0.024415
0.002245
0.002859
0.033891
0.006691
0.049352
0.041703
0.056462
0.014756
0.002941
0.077044
0.017287
0.026264
0.002175
0.041722
0.008504
0.003360
0.023557
0.031381
0.011116
0.008928
0.005558
0.002799
0.014284
0.054649
0.041668
0.034311
0.013447
0.015151
0.003624
0.001579
0.045214
0.024783
0.020626
0.020191
0.001706
0.017545
0.036361
0.007273
0.008948
0.003392
0.016752
0.000966
0.000064
0.015974
0.009518
0.005098
0.036425
0.125946
0.006678
0.030359
0.002341
0.013109
0.058393
0.004711
0.024938
0.009996
0.000614
0.013267
0.004692
0.028234
0.021206
0.001276
0.007206
0.007167
0.000752
0.009327
0.084356
0.010315
0.018746
0.083758
0.005722
0.021249
0.022727
0.002399
0.010116
0.010126
0.026679
0.030660
0.000133
0.031775
0.032688
0.017741
0.005389
0.000104
0.030082
0.024849
0.003993
0.024695
0.009689
0.034692
0.010647
0.000356
0.004956
0.001268
0.004877
0.009839
0.009269
0.021012
0.014509
0.008937
0.004631
0.025146
0.011586
0.002560
0.018851
0.019736
0.004349
0.009551
0.014272
0.017715
0.039647
0.020788
0.031898
0.032476
0.016668
0.002614
0.012954
0.031908
0.010400
0.004241
0.009453
0.015181
0.027698
0.019444
0.050894
0.031040
0.011228
0.010535
0.014277
0.007666
0.004844
0.008229
0.001634
0.007182
0.003134
0.001345
0.000685
0.017039
0.005353
0.002630
0.015383
0.003603
0.000489
0.016769
0.006804
0.013731
0.008937
0.017801
0.005907
0.002335
0.006172
0.002881
0.005364
0.035454
0.036613
0.013569
0.011839
0.017408
0.006414
0.006901
0.005285
0.023280
0.001054
0.055287
0.003989
0.018445
0.000530
0.015161
0.001251
0.010100
0.045357
0.024518
0.003680
0.013745
0.013430
0.001344
0.031531
0.010046
0.008613
0.021964
0.033227
0.028457
0.004665
0.006890
0.037662
0.010660
0.031595
0.088671
0.018862
0.039072
0.015297
0.011891
0.030946
0.018682
0.013708
0.011013
0.000100
0.001014
0.005848
0.002585
0.008705
0.001271
0.001263
0.030565
0.004923
0.003267
0.041187
0.042115
0.022690
0.003959
0.030406
0.001964
0.009310
0.011182
0.003687
0.000783
0.019616
0.013570
0.005666
0.053299
0.006987
0.009348
0.015444
0.034258
0.094686
0.010436
0.017702
0.014006
0.012778
0.012958
0.015193
0.035409
0.002078
0.000070
0.001645
0.011897
0.003174
0.002376
0.004647
0.005305
0.013305
0.033411
0.018905
0.001619
0.020789
0.005841
0.016727
0.002657
0.012953
0.030176
0.007218
0.024389
0.012775
0.010356
0.002138
0.034733
0.001648
0.050177
0.033131
0.016983
0.002315
0.008177
0.001386
0.005672
0.047812
0.003910
0.034223
0.007767
0.012778
0.046464
0.001185
0.002676
0.005314
0.006267
0.012579
0.008904
0.039647
0.040092
0.009140
0.008983
0.032065
0.012853
0.017722
0.004412
0.027662
0.025311
0.013410
0.004444
0.036327
0.008415
0.003476
0.024414
0.034652
0.016407
0.013210
0.010182
0.066798
0.048426
0.022481
0.014031
0.040257
0.015836
0.012108
0.024692
0.002334
0.002622
0.024780
0.004664
0.025004
0.010758
0.134018
0.081971
0.012544
0.006946
0.005533
0.026392
0.004958
0.017703
0.009748
0.058703
0.011060
0.042480
0.002579
0.023595
0.002677
0.008744
0.000665
0.038479
0.044947
0.018102
0.014342
0.019407
0.001234
0.017168
0.000287
0.023597
0.002979
0.011390
0.009784
0.007575
0.011357
0.016050
0.008633
0.000912
0.072548
0.011176
0.004102
0.004749
0.011891
0.030589
0.017591
0.010184
0.000877
0.013786
0.022831
0.014869
0.058634
0.032805
0.008066
0.020859
0.040479
0.006125
0.023787
0.030777
0.008926
0.000433
0.025706
0.005671
0.037352
0.034000
0.005510
0.000082
0.025891
0.002806
0.048021
0.031661
0.002501
0.018154
0.016834
0.073889
0.009749
0.016779
0.010265
0.004596
0.013880
0.003720
0.009221
0.023289
0.028100
0.005839
0.018595
0.008569
0.015037
0.000201
0.002407
0.018426
0.020483
0.008516
0.004658
0.000835
0.006493
0.008341
0.013973
0.048471
0.033635
0.021520
0.017094
0.011350
0.008110
0.000535
0.000447
0.041481
0.002482
0.025296
0.007293
0.006159
0.029075
0.004410
0.003702
0.004046
0.015264
0.001978
0.015274
0.000168
0.001147
0.006042
0.002267
0.004520
0.005664
0.019205
0.013005
0.012397
0.061349
0.017383
0.060921
0.058392
0.051508
0.010893
0.032752
0.100215
0.015345
0.009143
0.006591
0.007074
0.004743
0.013838
0.002367
0.000571
0.002366
0.010902
0.016037
0.003373
0.026987
0.004065
0.007164
0.003095
0.001255
0.000469
0.015832
0.003894
0.000147
0.008670
0.002857
0.014140
0.001701
0.019871
0.031439
0.014784
0.025070
0.008398
0.014602
0.145816
0.105428
0.042213
0.000489
0.002289
0.011458
0.022891
0.002414
0.009509
0.006574
0.004264
0.015748
0.016154
0.008349
0.065296
0.016980
0.034942
0.030842
0.023964
0.036428
0.020190
0.005366
0.000857
0.004321
0.001557
0.018929
0.001714
0.032482
0.002970
0.012444
0.016676
0.003620
0.027428
0.000507
0.005748
0.007747
0.020193
0.045808
0.014861
0.002755
0.030605
0.016925
0.007577
0.020048
0.009859
0.031328
0.014076
0.015964
0.019014
0.015178
0.007138
0.035233
0.005127
0.032194
0.027665
0.005407
0.016015
0.003974
0.089009
0.006375
0.013166
0.040182
0.027388
0.020618
0.001905
0.017004
0.022660
0.035719
0.030789
0.003789
0.036033
0.012112
0.003641
0.029380
0.003205
0.033886
0.017202
0.001629
0.002257
0.050735
0.016268
0.001535
0.005911
0.045547
0.000820
0.001175
0.073163
0.007628
0.003782
0.001920
0.055017
0.030792
0.007114
0.019522
0.000785
0.011033
0.006451
0.026361
0.045395
0.021776
0.047556
0.008290
0.036700
0.053823
0.053264
0.003350
0.013490
0.017331
0.000154
0.019314
0.027824
0.037153
0.004743
0.016811
0.014576
0.047956
0.021741
0.031645
0.024146
0.000256
0.016534
0.009052
0.000638
0.027708
0.007258
0.084023
0.001093
0.011019
0.003016
0.044456
0.002025
0.011753
0.037898
0.000427
0.007896
0.000607
0.000450
0.012696
0.024461
0.056943
0.003473
0.011239
0.003741
0.000763
0.018218
0.008384
0.016351
0.005396
0.006090
0.010165
0.000314
0.008141
0.058118
0.015936
0.034024
0.013887
0.026629
0.018611
0.009960
0.046111
0.066946
0.058026
0.075768
0.014859
0.000122
0.005998
0.016196
0.000113
0.035825
0.000927
0.019034
0.009042
0.015768
0.067369
0.056318
0.019983
0.007261
0.000722
0.008138
0.027246
0.010643
0.023386
0.004807
0.043852
0.065233
0.022203
0.010736
0.008960
0.008509
0.004635
0.021087
0.007854
0.015527
0.006753
0.026729
0.034225
0.004321
0.022418
0.013704
0.023898
0.008023
0.000353
0.015896
0.040959
0.004007
0.003622
0.007448
0.009168
0.008829
0.028435
0.012764
0.034372
0.005762
0.000667
0.034575
0.024503
0.030631
0.006008
0.009996
0.000252
0.008960
0.003043
0.012745
0.017584
0.004626
0.035630
0.002743
0.003597
0.032764
0.009047
0.038583
0.029951
0.052394
0.011864
0.008438
0.062061
0.014290
0.013932
0.008211
0.010216
0.007634
0.005024
0.009883
0.007912
0.009182
0.004913
0.044996
0.009140
0.002686
0.007858
0.035716
0.015175
0.014636
0.061576
0.046275
0.033195
0.025540
0.148764
0.007346
0.052544
0.024514
0.047469
0.066101
0.014922
0.015074
0.009084
0.007870
0.017633
0.016101
0.072919
0.023224
0.010823
0.003950
0.015315
0.002167
0.019694
0.045597
0.036091
0.017572
0.050523
0.021543
0.010368
0.007562
0.003660
0.001696
0.049895
0.030360
0.010905
0.010754
0.020135
0.000498
0.005481
0.006150
0.009638
0.042818
0.028554
0.017737
0.019167
0.007919
0.007154
0.031175
0.000194
0.029090
0.018443
0.020831
0.009549
0.008617
0.018529
0.011379
0.001744
0.011408
0.049557
0.012432
0.014921
0.051821
0.023685
0.026570
0.005819
0.029775
0.008813
0.001914
0.004693
0.011384
0.025142
0.007834
0.010054
0.010288
0.030746
0.000794
0.000217
0.022580
0.001651
0.004748
0.016396
0.012393
0.008530
0.019630
0.045411
0.006101
0.019611
0.002518
0.050858
0.012003
0.010663
0.008248
0.005159
0.005385
0.007749
0.029109
0.021851
0.020152
0.001250
0.000547
0.017035
0.002857
0.013523
0.006081
0.000935
0.031380
0.010526
0.005974
0.028579
0.005133
0.009893
0.006853
0.003178
0.003952
0.025340
0.024903
0.025891
0.040529
0.016441
0.009115
0.000119
0.003662
0.000038
0.010421
0.006229
0.017131
0.007950
0.046882
0.036040
0.003796
0.011118
0.000603
0.003777
0.030883
0.004199
0.055989
0.024280
0.034184
0.060376
0.022023
0.000830
0.022039
0.006313
0.000828
0.022604
0.030652
0.014411
0.071752
0.001151
0.015312
0.030594
0.031517
0.019780
0.016842
0.022539
0.038382
0.053335
0.032542
0.011749
0.009173
0.002814
0.008604
0.056641
0.037249
0.040502
0.019532
0.047883
0.009302
0.000863
0.027595
0.004389
0.007556
0.002245
0.022909
0.004421
0.049086
0.021212
0.023888
0.013566
0.050739
0.050001
0.017956
0.003739
0.015204
0.022841
0.004986
0.001487
0.008550
0.013244
0.025922
0.053689
0.000590
0.040729
0.005079
0.013568
0.057651
0.018436
0.000688
0.006650
0.011619
0.001687
0.008873
0.012377
0.013458
0.024720
0.029591
0.003691
0.053596
0.000978
0.033292
0.013752
0.019632
0.004749
0.013635
0.001672
0.039658
0.013213
0.002442
0.004125
0.001689
0.025876
0.023156
0.014051
0.029322
0.000106
0.051911
0.015766
0.068142
0.025444
0.021818
0.011759
0.014027
0.002154
0.049273
0.016751
0.004009
0.036146
0.012718
0.021907
0.016301
0.002277
0.014225
0.016055
0.021058
0.039660
0.004562
0.009283
0.009594
0.042367
0.028351
0.018140
0.004017
0.022330
0.028907
0.011600
0.022743
0.001352
0.002224
0.000861
0.005861
0.004225
0.030417
0.112438
0.097734
0.088960
0.014022
0.034369
0.007726
0.005609
0.034711
0.024879
0.032864
0.008313
0.023679
0.001622
0.001168
0.018187
0.003553
0.011706
0.004907
0.004531
0.004686
0.009579
0.009942
0.039136
0.009249
0.004864
0.044074
0.013057
0.044539
0.009053
0.002754
0.009176
0.001745
0.001247
0.016762
0.059180
0.010986
0.000751
0.005732
0.004705
0.063886
0.060216
0.003488
0.023779
0.028528
0.004915
0.008426
0.001932
0.007901
0.003674
0.076106
0.006770
0.065119
0.001913
0.037619
0.007145
0.006245
0.037740
0.002746
0.000585
0.062737
0.013436
0.009023
0.022476
0.026599
0.005924
0.031801
0.011717
0.011068
0.013058
0.000050
0.013878
0.002003
0.047087
0.017229
0.007681
0.018149
0.022553
0.018446
0.011846
0.009546
0.044139
0.027874
0.017283
0.000813
0.027822
0.005360
0.014809
0.011987
0.007505
0.019029
0.036833
0.032111
0.037524
0.006749
0.000287
0.013458
0.005791
0.032450
0.006988
0.011942
0.000538
0.055753
0.010762
0.001510
0.015031
0.017427
0.021214
0.018476
0.020930
0.009689
0.008952
0.019929
0.013593
0.004463
0.019424
0.008097
0.039035
0.026973
0.016705
0.009711
0.002561
0.002866
0.022919
0.056821
0.022445
0.022616
0.031064
0.015399
0.001613
0.012006
0.001722
0.006366
0.051148
0.006811
0.025404
0.004850
0.022818
0.003508
0.022935
0.022327
0.033582
0.025736
0.078254
0.066132
0.008945
0.010028
0.007465
0.025739
0.028926
0.000096
0.068443
0.029868
0.000134
0.041782
0.006221
0.020816
0.015986
0.039077
0.045860
0.017599
0.010641
0.002573
0.040889
0.003417
0.000465
0.020103
0.023586
0.021941
0.038641
0.029197
0.040679
0.020834
0.012655
0.004278
0.052428
0.030491
0.008627
0.086719
0.010008
0.045828
0.025389
0.004955
0.024644
0.006626
0.004561
0.018410
0.030934
0.004875
0.002260
0.018665
0.026362
0.037504
0.018183
0.020044
0.006575
0.039415
0.017726
0.027669
0.026448
0.006141
0.001036
0.011070
0.003796
0.001964
0.057667
0.039324
0.009363
0.042625
0.036151
0.001104
0.020676
0.012444
0.044593
0.001762
0.009078
0.012662
0.012926
0.009182
0.094059
0.028044
0.012712
0.005726
0.004973
0.000658
0.002423
0.010104
0.009740
0.021953
0.012949
0.029520
0.006091
0.014569
0.025781
0.018650
0.001216
0.024269
0.028621
0.003523
0.106197
0.051588
0.023109
0.004842
0.000044
0.071253
0.034762
0.005568
0.060307
0.013998
0.017439
0.002164
0.001116
0.056914
0.021033
0.002202
0.014404
0.007483
0.004283
0.005981
0.030593
0.008701
0.100455
0.019588
0.047486
0.022877
0.053637
0.007487
0.012687
0.085879
0.014285
0.006219
0.044599
0.045140
0.006680
0.017847
0.081210
0.010081
0.017535
0.014847
0.083480
0.028224
0.027205
0.017172
0.023593
0.044199
0.000018
0.038551
0.004539
0.011261
0.027917
0.016761
0.016436
0.004003
0.046174
0.026950
0.007857
0.004231
0.002842
0.000597
0.049764
0.005556
0.009253
0.023364
0.027902
0.005214
0.013073
0.033010
0.020107
0.000835
0.026568
0.023735
0.012930
0.014424
0.025564
0.019406
0.003665
0.006120
0.001437
0.055411
0.000413
0.017640
0.011254
0.004905
0.007569
0.048220
0.015498
0.001163
0.007198
0.008568
0.004463
0.024492
0.007956
0.013918
0.000656
0.013426
0.025949
0.043681
0.021639
0.076911
0.026679
0.022324
0.008150
0.037261
0.000199
0.007061
0.028440
0.013600
0.003312
0.004563
0.000734
0.002116
0.001516
0.013393
0.008275
0.015309
0.002825
0.033717
0.025697
0.066251
0.002549
0.000515
0.000464
0.044072
0.004237
0.001520
0.020035
0.004896
0.012473
0.035177
0.014878
0.029721
0.024201
0.001485
0.056471
0.000341
0.015438
0.004007
0.002391
0.091507
0.068970
0.036163
0.005037
0.003034
0.028800
0.008396
0.002216
0.010686
0.017155
0.022173
0.004231
0.017168
0.014879
0.013799
0.004278
0.014998
0.011786
0.036055
0.050526
0.001268
0.002711
0.000194
0.068985
0.001515
0.022436
0.012283
0.017830
0.008470
0.020813
0.026448
0.013447
0.006029
0.001049
0.037475
0.036203
0.008872
0.000781
0.038072
0.034297
0.004741
0.029865
0.017037
0.022001
0.017021
0.036043
0.021059
0.008631
0.003078
0.017250
0.005185
0.000949
0.002669
0.008127
0.045974
0.007434
0.025488
0.013656
0.010329
0.042296
0.015847
0.008598
0.001609
0.004129
0.011061
0.042053
0.008479
0.002861
0.016666
0.005505
0.005153
0.003212
0.029299
0.007312
0.033690
0.002040
0.002503
0.032677
0.032365
0.013581
0.022593
0.015916
0.002771
0.022164
0.047044
0.022999
0.011293
0.002896
0.030399
0.013898
0.048748
0.036520
0.031678
0.003737
0.026702
0.009063
0.025460
0.002232
0.000076
0.000381
0.001650
0.007349
0.003790
0.003946
0.012861
0.005859
0.003149
0.013845
0.025121
0.025137
0.029781
0.021145
0.021450
0.034735
0.051716
0.000789
0.033036
0.016806
0.001995
0.006602
0.038280
0.015231
0.013337
0.001082
0.027977
0.002769
0.037362
0.054191
0.044000
0.049276
0.010720
0.007360
0.000020
0.019889
0.044043
0.015285
0.004282
0.004724
0.013147
0.000329
0.016700
0.008674
0.048945
0.005053
0.001618
0.008976
0.008297
0.028766
0.045382
0.010208
0.007260
0.003190
0.001143
0.057633
0.010841
0.015172
0.018392
0.027228
0.072275
0.046306
0.105016
0.094276
0.004398
0.006690
0.019180
0.002893
0.002186
0.008931
0.006148
0.006062
0.002979
0.009737
0.002078
0.113858
0.027124
0.006808
0.009495
0.019612
0.007257
0.001960
0.023901
0.010326
0.001260
0.017022
0.006989
0.015402
0.012619
0.044335
0.000739
0.001758
0.003934
0.007510
0.006104
0.022930
0.024885
0.001269
0.030087
0.004135
0.000148
0.006080
0.004866
0.000317
0.036566
0.023089
0.083481
0.009660
0.012725
0.007755
0.017627
0.017744
0.004052
0.021130
0.006801
0.026370
0.029717
0.076458
0.026830
0.023293
0.010452
0.003530
0.004112
0.019241
0.001443
0.021965
0.011773
0.001048
0.009368
0.098009
0.048619
0.023877
0.006877
0.008762
0.012340
0.014526
0.043672
0.016136
0.007785
0.036455
0.001744
0.033811
0.004342
0.024915
0.014981
0.022154
0.004537
0.001253
0.011682
0.004013
0.100080
0.020857
0.013866
0.045252
0.027790
0.011015
0.023796
0.007279
0.011992
0.001534
0.010136
0.000389
0.009077
0.002151
0.004431
0.006361
0.033827
0.010456
0.000991
0.012259
0.009841
0.002809
0.003565
0.029273
0.003722
0.075310
0.006145
0.033881
0.004916
0.017497
0.014144
0.016928
0.030992
0.013404
0.029683
0.003716
0.052757
0.000477
0.022676
0.066952
0.014375
0.011561
0.056498
0.016210
0.045327
0.005903
0.010487
0.002860
0.000120
0.027901
0.016163
0.002085
0.034988
0.014147
0.016107
0.022541
0.000301
0.032354
0.028376
0.006368
0.023960
0.025175
0.055640
0.001084
0.030992
0.007745
0.027032
0.002899
0.008905
0.010115
0.002065
0.041201
0.037579
0.043137
0.019215
0.017113
0.033238
0.017430
0.003376
0.015321
0.037344
0.003440
0.005265
0.061238
0.016142
0.030379
0.018574
0.015356
0.022981
0.004525
0.053678
0.024842
0.046510
0.043891
0.003723
0.057810
0.002163
0.001697
0.011149
0.000881
0.005640
0.002835
0.013526
0.031796
0.006251
0.008445
0.018598
0.013589
0.010903
0.000249
0.002596
0.019991
0.027183
0.013299
0.007414
0.020272
0.000510
0.005017
0.003306
0.037527
0.024875
0.018563
0.003399
0.008246
0.019311
0.020215
0.003718
0.003195
0.007420
0.015018
0.008616
0.005684
0.005711
0.004833
0.000104
0.129903
0.042408
0.021298
0.015423
0.005716
0.002435
0.043701
0.014152
0.001043
0.016094
0.004557
0.027887
0.044341
0.002507
0.017520
0.013435
0.006493
0.001755
0.000448
0.007876
0.034152
0.055401
0.036159
0.037433
0.032146
0.015940
0.002254
0.014743
0.012861
0.015505
0.004250
0.003447
0.003898
0.018103
0.000414
0.016288
0.006038
0.010911
0.003517
0.001332
0.039751
0.020187
0.000701
0.006893
0.013384
0.006569
0.004016
0.013239
0.006730
0.005724
0.038510
0.037862
0.008493
0.009159
0.000878
0.031491
0.011634
0.011529
0.017346
0.012798
0.014819
0.033628
0.001863
0.001538
0.018438
0.000718
0.017819
0.007576
0.012500
0.050245
0.004726
0.059389
0.026022
0.039364
0.006176
0.005296
0.028338
0.011667
0.027840
0.012246
0.048308
0.005159
0.002647
0.018880
0.018055
0.000083
0.012448
0.036905
0.030781
0.004401
0.008262
0.006077
0.004949
0.005456
0.002222
0.007315
0.001090
0.011078
0.003279
0.060935
0.007464
0.007178
0.059913
0.043711
0.010244
0.038180
0.013198
0.021202
0.013889
0.001002
0.018309
0.005706
0.070728
0.013451
0.005956
0.000694
0.028601
0.008336
0.002398
0.001701
0.052425
0.002175
0.004509
0.006603
0.036914
0.012863
0.005123
0.072325
0.014071
0.016167
0.040307
0.002319
0.025004
0.009589
0.028773
0.002161
0.017671
0.021152
0.007570
0.007448
0.000924
0.089707
0.013779
0.003904
0.011531
0.003686
0.005538
0.067083
0.014627
0.012838
0.002133
0.004187
0.004978
0.017304
0.013651
0.021906
0.012572
0.025195
0.000848
0.018821
0.017813
0.020909
0.012817
0.050084
0.002860
0.012232
0.017118
0.006319
0.007846
0.012337
0.032138
0.016727
0.003430
0.023098
0.025431
0.001721
0.037270
0.009112
0.014927
0.033745
0.001504
0.063024
0.001945
0.044711
0.001435
0.003895
0.002022
0.050500
0.021068
0.020076
0.039396
0.008478
0.006387
0.011815
0.004394
0.001132
0.012322
0.005212
0.030608
0.019145
0.017383
0.039196
0.016525
0.019202
0.003856
0.002441
0.001254
0.006566
0.003850
0.011706
0.002253
0.013643
0.001483
0.032442
0.005298
0.001605
0.006350
0.074502
0.069879
0.000926
0.012189
0.010410
0.005720
0.000318
0.003343
0.004220
0.025486
0.019391
0.003848
0.007480
0.006817
0.039076
0.013635
0.004729
0.022681
0.004239
0.045929
0.020531
0.027560
0.019228
0.048434
0.029236
0.010173
0.010013
0.024011
0.001062
0.004208
0.021569
0.003386
0.017113
0.082130
0.015340
0.011443
0.024020
0.004873
0.040861
0.005771
0.017921
0.007731
0.007444
0.003954
0.004220
0.013109
0.004234
0.022647
0.015715
0.000282
0.018852
0.020203
0.001253
0.018676
0.000525
0.001438
0.008053
0.010415
0.010229
0.022291
0.009398
0.002317
0.003345
0.051499
0.030456
0.011825
0.012211
0.020794
0.023930
0.006776
0.007897
0.007745
0.053727
0.018359
0.007231
0.007526
0.006024
0.006665
0.007436
0.006098
0.024379
0.037989
0.020979
0.004887
0.007540
0.048365
0.016054
0.002651
0.018753
0.017275
0.050015
0.003720
0.023299
0.019491
0.012424
0.001938
0.005288
0.016724
0.007483
0.003801
0.001900
0.013504
0.004322
0.018654
0.048916
0.043382
0.001398
0.007601
0.008033
0.001903
0.011456
0.038125
0.001035
0.035075
0.019576
0.051204
0.030885
0.010576
0.007435
0.001830
0.018421
0.045045
0.022135
0.037218
0.017976
0.052407
0.008199
0.003012
0.000068
0.022314
0.002602
0.014288
0.000519
0.009120
0.001077
0.040546
0.030456
0.036446
0.032078
0.034192
0.024114
0.030194
0.006628
0.016998
0.042886
0.000727
0.003150
0.016479
0.000889
0.010410
0.014858
0.011401
0.031938
0.031765
0.014728
0.048273
0.020284
0.019761
0.063964
0.028263
0.051297
0.018383
0.009645
0.030215
0.003941
0.054881
0.070665
0.067926
0.006936
0.022918
0.011306
0.008893
0.004168
0.031003
0.001088
0.001499
0.058127
0.000714
0.019080
0.012448
0.003563
0.021811
0.015617
0.004459
0.004121
0.006278
0.050856
0.000920
0.042184
0.050271
0.014831
0.042163
0.011577
0.023666
0.003315
0.014419
0.026586
0.024358
0.015040
0.007890
0.021702
0.003263
0.030554
0.019727
0.001529
0.000453
0.010994
0.010813
0.019435
0.050753
0.036054
0.011074
0.010092
0.012704
0.004484
0.037008
0.005484
0.028502
0.009809
0.010261
0.038236
0.007201
0.029375
0.033504
0.040153
0.032732
0.048035
0.069833
0.054508
0.000367
0.036637
0.009511
0.020731
0.010832
0.018269
0.029497
0.003315
0.036010
0.020353
0.006581
0.033116
0.000295
0.000179
0.028051
0.027199
0.005631
0.032650
0.009521
0.067684
0.005878
0.036458
0.024148
0.019009
0.007054
0.003242
0.002840
0.010200
0.005378
0.024685
0.002985
0.007012
0.004086
0.012335
0.065638
0.012918
0.005477
0.000971
0.000640
0.026070
0.004045
0.010218
0.027909
0.038442
0.005892
0.028789
0.006235
0.019559
0.007825
0.004901
0.007202
0.035153
0.004526
0.021283
0.002812
0.025697
0.004615
0.017639
0.022179
0.021606
0.038319
0.001500
0.019255
0.003058
0.002875
0.013135
0.025203
0.045173
0.032267
0.025140
0.000860
0.019370
0.011275
0.048429
0.012722
0.018958
0.009297
0.018730
0.012306
0.012580
0.010904
0.027043
0.018184
0.002481
0.037462
0.004426
0.008206
0.005325
0.006765
0.017041
0.036640
0.029167
0.000230
0.088488
0.034093
0.001940
0.001244
0.013205
0.011133
0.002935
0.036209
0.032655
0.022681
0.000316
0.014035
0.007758
0.015942
0.012451
0.027312
0.005208
0.015643
0.003055
0.004006
0.005503
0.030004
0.013080
0.034018
0.013491
0.014991
0.022211
0.004622
0.001512
0.013326
0.008014
0.013764
0.092007
0.037915
0.004110
0.007851
0.015813
0.007874
0.053078
0.015884
0.058395
0.017597
0.000896
0.032343
0.013154
0.018919
0.006214
0.079834
0.009247
0.011465
0.005312
0.008836
0.000677
0.035309
0.026874
0.053467
0.031660
0.031598
0.017952
0.002352
0.013506
0.000233
0.012075
0.024414
0.002002
0.001402
0.014000
0.013019
0.006091
0.003508
0.014437
0.021588
0.020410
0.014023
0.020332
0.005121
0.012698
0.030337
0.009315
0.002862
0.007773
0.026860
0.015917
0.005788
0.053197
0.005798
0.002501
0.008531
0.001272
0.002359
0.002380
0.019997
0.036354
0.005300
0.028569
0.012189
0.034019
0.024590
0.036228
0.021899
0.023402
0.003679
0.020727
0.009807
0.010679
0.054780
0.028668
0.003756
0.001020
0.022170
0.015615
0.032411
0.037283
0.028869
0.055943
0.019118
0.006739
0.000921
0.016490
0.001320
0.003315
0.001102
0.022765
0.072376
0.063966
0.016169
0.009059
0.001652
0.004580
0.007344
0.100012
0.001332
0.011414
0.000426
0.016099
0.011467
0.015787
0.006791
0.023475
0.015093
0.005516
0.010564
0.012911
0.009943
0.004886
0.007753
0.065079
0.028303
0.055501
0.010553
0.018423
0.013755
0.012914
0.007141
0.010608
0.025736
0.020426
0.016351
0.041617
0.011682
0.027017
0.010034
0.018478
0.008798
0.016707
0.004536
0.099953
0.045707
0.007411
0.014219
0.005488
0.026192
0.004963
0.018934
0.023947
0.019769
0.004388
0.024576
0.013125
0.011418
0.008238
0.004021
0.005038
0.021422
0.062311
0.020975
0.008335
0.008322
0.009892
0.013659
0.010242
0.039534
0.012765
0.001107
0.047068
0.090603
0.087655
0.073619
0.075668
0.008964
0.035879
0.001166
0.022947
0.021636
0.027021
0.010484
0.023163
0.009808
0.001349
0.027380
0.068315
0.055838
0.050116
0.000875
0.044203
0.000297
0.060001
0.017754
0.000628
0.023268
0.059527
0.038287
0.016449
0.004064
0.049246
0.048331
0.079864
0.064456
0.036305
0.010263
0.033576
0.004489
0.029346
0.033182
0.037970
0.007784
0.022357
0.010557
0.007362
0.001606
0.016463
0.026783
0.020744
0.000704
0.010591
0.005370
0.018279
0.012827
0.008891
0.031832
0.013371
0.023466
0.022769
0.030356
0.012772
0.026302
0.009539
0.009548
0.022558
0.004517
0.019862
0.013381
0.004763
0.023705
0.006304
0.005841
0.000795
0.035981
0.025229
0.027018
0.006158
0.024815
0.000312
0.013620
0.052268
0.108056
0.068430
0.009337
0.038809
0.016212
0.017757
0.011985
0.011153
0.027332
0.017075
0.021909
0.027100
0.007913
0.012610
0.009758
0.000692
0.016447
0.003437
0.027200
0.005389
0.018226
0.074383
0.006977
0.000560
0.009434
0.001941
0.000875
0.009393
0.054766
0.011782
0.007904
0.028657
0.017569
0.017580
0.003831
0.019664
0.004935
0.015280
0.005657
0.015439
0.000405
0.001952
0.009589
0.013315
0.011330
0.003124
0.036104
0.025509
0.028201
0.076511
0.046493
0.004089
0.019213
0.000442
0.009323
0.002649
0.006116
0.012421
0.009703
0.001405
0.031541
0.004849
0.000989
0.005856
0.002877
0.011179
0.009942
0.010747
0.047425
0.017576
0.008573
0.025164
0.002681
0.003432
0.030907
0.007761
0.027941
0.017301
0.019731
0.012669
0.001928
0.003776
0.004548
0.019951
0.083998
0.081364
0.011015
0.003007
0.044212
0.001947
0.011366
0.033707
0.048200
0.000802
0.056211
0.014682
0.016331
0.009609
0.065413
0.004716
0.017669
0.020207
0.012054
0.046884
0.005455
0.005594
0.006188
0.008671
0.022363
0.035790
0.031562
0.011456
0.001439
0.007975
0.009870
0.007882
0.009109
0.004793
0.043380
0.008990
0.003680
0.019921
0.007213
0.000721
0.008586
0.036552
0.032885
0.046255
0.017330
0.006575
0.008344
0.012944
0.027075
0.002059
0.027200
0.019813
0.000565
0.007447
0.022182
0.004523
0.001100
0.010318
0.000337
0.007145
0.024844
0.015265
0.025449
0.011288
0.000718
0.003561
0.022455
0.018600
0.013035
0.008169
0.018198
0.015075
0.024833
0.010907
0.000921
0.007690
0.016347
0.011787
0.015993
0.005385
0.008000
0.034437
0.048330
0.005937
0.056569
0.069704
0.010022
0.078846
0.004194
0.007658
0.004398
0.005309
0.017293
0.009432
0.060574
0.009363
0.020718
0.000845
0.005790
0.004014
0.027835
0.012669
0.012227
0.024976
0.002217
0.001178
0.008575
0.019638
0.017004
0.025571
0.002143
0.063259
0.032764
0.005633
0.002710
0.012332
0.021202
0.002666
0.007079
0.003675
0.061782
0.002126
0.073822
0.047861
0.023040
0.053996
0.007030
0.009043
0.012527
0.012491
0.014596
0.039099
0.009539
0.013617
0.013578
0.011338
0.001832
0.012700
0.002124
0.004930
0.010324
0.011588
0.005841
0.019011
0.003326
0.005574
0.001572
0.003691
0.008031
0.012366
0.027298
0.005712
0.021801
0.005204
0.002346
0.013767
0.016117
0.029003
0.011219
0.003723
0.004406
0.019160
0.057492
0.023978
0.034197
0.011261
0.002684
0.015633
0.027459
0.107666
0.065815
0.013454
0.007820
0.011177
0.018666
0.025873
0.032748
0.004843
0.054690
0.036433
0.039553
0.000726
0.019211
0.012807
0.004398
0.031590
0.000079
0.023497
0.005060
0.000037
0.042470
0.008141
0.000978
0.003045
0.010922
0.004648
0.004439
0.005235
0.002071
0.011046
0.024230
0.008140
0.017025
0.010032
0.002519
0.000738
0.002101
0.006389
0.028140
0.001257
0.010027
0.042229
0.040064
0.036983
0.006895
0.002077
0.038562
0.006319
0.039006
0.021463
0.004568
0.003647
0.002394
0.002697
0.024490
0.003347
0.010709
0.002749
0.046648
0.046512
0.009667
0.054156
0.047407
0.023904
0.011564
0.008517
0.001082
0.001269
0.041410
0.025878
0.012345
0.003392
0.020666
0.013563
0.001697
0.043833
0.019165
0.023286
0.013560
0.022430
0.015448
0.001891
0.014697
0.009276
0.011632
0.005825
0.011356
0.007355
0.038064
0.006640
0.071232
0.004030
0.000173
0.010633
0.007908
0.003674
0.073899
0.006417
0.045218
0.036976
0.022442
0.042674
0.044264
0.010314
0.008367
0.014683
0.026034
0.018427
0.000097
0.010280
0.012128
0.001258
0.002399
0.002756
0.025477
0.004733
0.020567
0.080428
0.012091
0.040997
0.003625
0.001561
0.044091
0.023071
0.002055
0.005910
0.021787
0.022020
0.065315
0.040161
0.061699
0.005493
0.036753
0.038710
0.013537
0.004901
0.027286
0.019369
0.006441
0.074117
0.022651
0.035917
0.017055
0.045728
0.002267
0.012221
0.034756
0.026793
0.016880
0.000622
0.009921
0.003329
0.006463
0.006317
0.001922
0.000389
0.005447
0.007303
0.020862
0.002532
0.024872
0.005782
0.091496
0.016254
0.014456
0.006451
0.005894
0.012411
0.012243
0.010782
0.037220
0.010599
0.033489
0.002303
0.004567
0.005570
0.017245
0.006561
0.008733
0.016353
0.002920
0.019457
0.015926
0.018732
0.019611
0.004515
0.011621
0.035027
0.048627
0.056577
0.009164
0.026700
0.001573
0.020698
0.006115
0.020679
0.013206
0.000537
0.019169
0.016160
0.023391
0.001678
0.002322
0.049866
0.014278
0.032905
0.023021
0.018096
0.002749
0.005746
0.008278
0.027566
0.010004
0.015370
0.019248
0.032574
0.003682
0.020638
0.011959
0.009104
0.025717
0.000377
0.010337
0.008207
0.007277
0.025826
0.016975
0.035748
0.026769
0.043690
0.027226
0.009744
0.003015
0.005577
0.004358
0.051435
0.026229
0.001884
0.031495
0.000272
0.028679
0.015450
0.007355
0.005668
0.014112
0.000228
0.007613
0.040662
0.007180
0.053738
0.028913
0.007966
0.033669
0.042202
0.038513
0.003791
0.005708
0.049667
0.006940
0.007600
0.049922
0.002460
0.016223
0.008436
0.067698
0.016789
0.028964
0.007409
0.012134
0.005506
0.064928
0.064803
0.041599
0.010444
0.006752
0.001445
0.025051
0.025867
0.037443
0.031054
0.113359
0.070065
0.101518
0.090874
0.098087
0.010726
0.007263
0.000276
0.004489
0.002833
0.050486
0.007609
0.017816
0.021448
0.014231
0.007881
0.038229
0.002760
0.000059
0.029798
0.025076
0.002310
0.076687
0.071250
0.002731
0.007789
0.031992
0.036454
0.028773
0.116142
0.102274
0.022375
0.020026
0.021111
0.003155
0.037599
0.030016
0.000082
0.037069
0.002407
0.074376
0.064145
0.084372
0.029844
0.022818
0.001173
0.000912
0.025458
0.000356
0.011180
0.013623
0.001200
0.025532
0.042533
0.022467
0.002426
0.011615
0.021056
0.042929
0.002653
0.046540
0.013287
0.030080
0.004980
0.004676
0.004913
0.009631
0.007709
0.010102
0.011930
0.001591
0.005868
0.001030
0.013916
0.004795
0.021527
0.001229
0.005528
0.059094
0.011365
0.002147
0.016059
0.001241
0.020583
0.004977
0.014493
0.011190
0.006633
0.002589
0.000719
0.001376
0.001684
0.039891
0.013356
0.002638
0.004615
0.002577
0.031634
0.024644
0.001125
0.029016
0.003971
0.001420
0.024469
0.023182
0.022992
0.037126
0.026627
0.051161
0.026041
0.027565
0.038743
0.007231
0.001264
0.013989
0.015420
0.019175
0.030673
0.001507
0.004972
0.022651
0.002177
0.008513
0.004168
0.047868
0.025531
0.003321
0.006570
0.001093
0.004819
0.014835
0.005133
0.003731
0.006301
0.010427
0.005867
0.028772
0.006432
0.022214
0.015136
0.001631
0.014328
0.011173
0.042125
0.007687
0.068175
0.033044
0.004244
0.027762
0.031294
0.048628
0.032058
0.003278
0.001225
0.006812
0.005484
0.029099
0.028184
0.035083
0.034612
0.004355
0.027502
0.026008
0.016517
0.027533
0.008300
0.004857
0.003262
0.045431
0.000597
0.108517
0.022766
0.005014
0.004655
0.004921
0.010168
0.030886
0.035621
0.000600
0.015080
0.000386
0.003482
0.033320
0.011523
0.006234
0.016142
0.047034
0.039353
0.024084
0.008437
0.021184
0.001154
0.025686
0.005159
0.025578
0.006737
0.002447
0.000523
0.001358
0.003530
0.009600
0.036686
0.015164
0.017367
0.019230
0.010266
0.027395
0.032199
0.000345
0.025583
0.006474
0.001210
0.026827
0.094543
0.017882
0.035662
0.045482
0.032450
0.024941
0.000227
0.012037
0.024145
0.001710
0.000439
0.008368
0.053801
0.010585
0.001907
0.023507
0.009917
0.000808
0.016033
0.001115
0.004023
0.019055
0.001703
0.030009
0.018490
0.034073
0.000233
0.000222
0.004324
0.005585
0.022330
0.036684
0.042935
0.020998
0.019678
0.057987
0.012215
0.028441
0.009074
0.006307
0.005906
0.001076
0.046222
0.038939
0.109044
0.004492
0.003696
0.003307
0.008525
0.025003
0.002709
0.004077
0.061804
0.000467
0.012585
0.022756
0.032669
0.018868
0.009202
0.018597
0.006383
0.001593
0.043907
0.021850
0.095321
0.029316
0.029345
0.021771
0.023866
0.014754
0.006048
0.044329
0.005166
0.006616
0.018211
0.001021
0.025735
0.091013
0.005494
0.016734
0.005549
0.005084
0.002498
0.018167
0.003796
0.102979
0.019018
0.010590
0.008906
0.018259
0.007675
0.010427
0.014639
0.010181
0.019541
0.002343
0.042640
0.007354
0.039377
0.008146
0.004691
0.003412
0.000215
0.016327
0.008789
0.000430
0.028892
0.013070
0.054729
0.003563
0.014139
0.018025
0.055040
0.002795
0.007077
0.019154
0.000208
0.007472
0.037531
0.024593
0.019716
0.027272
0.026264
0.018729
0.000258
0.010173
0.008977
0.013875
0.023794
0.014658
0.005025
0.001716
0.003281
0.001206
0.051627
0.050050
0.035175
0.056729
0.015158
0.026789
0.016358
0.020053
0.023294
0.008527
0.030380
0.014185
0.065906
0.001192
0.019335
0.006610
0.000061
0.008403
0.002572
0.014239
0.000618
0.010438
0.005667
0.024881
0.001172
0.027617
0.001368
0.013149
0.009080
0.028139
0.004493
0.006646
0.039150
0.016127
0.016264
0.006587
0.015878
0.004978
0.011261
0.034773
0.000091
0.011418
0.021544
0.122527
0.093663
0.004153
0.009939
0.021425
0.009240
0.004554
0.002066
0.016822
0.001391
0.012878
0.007502
0.013716
0.002997
0.004975
0.001343
0.007456
0.007839
0.002032
0.015182
0.009565
0.009991
0.041273
0.018590
0.027710
0.072515
0.035443
0.029036
0.059312
0.002447
0.000145
0.056934
0.054917
0.002106
0.036464
0.025550
0.026455
0.035436
0.006658
0.003289
0.006295
0.005747
0.000425
0.027755
0.010324
0.017084
0.028671
0.007454
0.049494
0.018626
0.010193
0.036833
0.009376
0.018622
0.005164
0.029528
0.016852
0.010460
0.005124
0.017129
0.010917
0.005850
0.019573
0.012134
0.000681
0.054270
0.007920
0.015661
0.006688
0.023687
0.017488
0.003975
0.022829
0.013125
0.022179
0.019114
0.017253
0.037578
0.029265
0.058970
0.019526
0.005775
0.028519
0.006823
0.000393
0.002092
0.008885
0.006966
0.012055
0.001057
0.001526
0.070087
0.053068
0.017408
0.012668
0.017954
0.006254
0.003470
0.011940
0.006774
0.016806
0.032669
0.018818
0.007035
0.017309
0.003780
0.021823
0.012287
0.022872
0.044930
0.023435
0.015976
0.007226
0.027600
0.025913
0.019070
0.020821
0.049171
0.048439
0.047266
0.018716
0.013454
0.009542
0.029690
0.015891
0.065504
0.003265
0.005002
0.064552
0.046252
0.034526
0.012231
0.009791
0.013190
0.008845
0.023935
0.054552
0.010010
0.021988
0.011748
0.040550
0.027277
0.024331
0.006329
0.006399
0.003315
0.008959
0.032142
0.013297
0.021088
0.001531
0.036838
0.028268
0.051929
0.009902
0.008086
0.010591
0.010953
0.028260
0.022387
0.003766
0.033801
0.008749
0.024483
0.016017
0.016686
0.007544
0.022352
0.004182
0.054859
0.040509
0.029490
0.029849
0.019929
0.027201
0.022016
0.009417
0.061369
0.004974
0.025314
0.008006
0.010518
0.011349
0.037949
0.001253
0.072073
0.023211
0.011075
0.010129
0.014075
0.034373
0.075845
0.051403
0.007092
0.005791
0.027394
0.007098
0.009866
0.012825
0.006584
0.007505
0.007220
0.058082
0.037403
0.016725
0.027479
0.007019
0.061516
0.007628
0.051743
0.008616
0.013173
0.023727
0.027839
0.003910
0.003767
0.009684
0.028565
0.001300
0.009013
0.021470
0.000440
0.034404
0.001986
0.001024
0.010201
0.000582
0.010395
0.005886
0.029951
0.008461
0.000157
0.030134
0.023376
0.001659
0.002247
0.046751
0.012553
0.020957
0.019866
0.038544
0.008490
0.007872
0.029046
0.019421
0.017681
0.052247
0.014681
0.031219
0.081130
0.019229
0.059250
0.084203
0.007284
0.000485
0.005934
0.009350
0.046691
0.072020
0.030041
0.057571
0.001657
0.050181
0.032740
0.015996
0.000324
0.059549
0.016884
0.050549
0.005839
0.004559
0.042048
0.010349
0.013164
0.004542
0.027191
0.020047
0.001094
0.011228
0.003830
0.001286
0.025562
0.036953
0.012179
0.002481
0.011586
0.019498
0.025109
0.018082
0.001518
0.046667
0.030201
0.014989
0.004487
0.022423
0.006110
0.002313
0.018892
0.026711
0.035822
0.006359
0.001264
0.031697
0.020798
0.011952
0.002580
0.014802
0.002237
0.028396
0.020435
0.064282
0.035570
0.009249
0.022171
0.020336
0.025212
0.016408
0.006244
0.007169
0.008444
0.007272
0.021018
0.003112
0.038022
0.003013
0.006059
0.019986
0.004500
0.009437
0.011333
0.003454
0.052985
0.002685
0.007805
0.034425
0.077194
0.008167
0.005642
0.009290
0.000127
0.014684
0.003843
0.005141
0.027935
0.012649
0.072508
0.012154
0.000814
0.073221
0.012931
0.003339
0.013396
0.016852
0.065286
0.012916
0.005604
0.001586
0.003537
0.006732
0.005732
0.038650
0.038271
0.008751
0.009972
0.002484
0.000872
0.003312
0.015472
0.045087
0.010079
0.006949
0.000903
0.066295
0.023155
0.013440
0.022396
0.016536
0.005394
0.005134
0.004012
0.000104
0.006969
0.030699
0.015169
0.000358
0.025226
0.005559
0.042496
0.019901
0.009034
0.018852
0.008613
0.013565
0.028382
0.001014
0.007098
0.009971
0.019329
0.003102
0.002863
0.012341
0.017933
0.008420
0.019219
0.016987
0.031468
0.014084
0.036252
0.009266
0.019590
0.009118
0.012555
0.011864
0.010507
0.008455
0.007391
0.022348
0.010902
0.005157
0.004354
0.001659
0.019827
0.002945
0.000266
0.028861
0.016108
0.009466
0.004198
0.019618
0.001641
0.021595
0.001668
0.044692
0.019675
0.009935
0.004876
0.010880
0.016351
0.014405
0.081876
0.002332
0.031835
0.034994
0.000292
0.027365
0.004838
0.000638
0.003473
0.004579
0.005910
0.026626
0.002336
0.042249
0.011297
0.033920
0.004041
0.019695
0.003112
0.001599
0.002394
0.077550
0.001814
0.002458
0.005965
0.014132
0.024249
0.017107
0.001291
0.000603
0.016998
0.006187
0.007648
0.012457
0.043505
0.001020
0.004519
0.030759
0.026317
0.004446
0.001762
0.019569
0.001385
0.018000
0.001003
0.028359
0.004191
0.004147
0.009362
0.015971
0.044609
0.006628
0.018423
0.001456
0.034042
0.007961
0.014928
0.003794
0.003581
0.009562
0.033413
0.009660
0.051832
0.000170
0.018797
0.022960
0.014919
0.054472
0.041234
0.079111
0.035256
0.037385
0.030217
0.017354
0.010366
0.002491
0.052409
0.013605
0.005078
0.004922
0.017164
0.013762
0.024740
0.024214
0.027148
0.001384
0.015459
0.023950
0.006208
0.004479
0.025756
0.020868
0.022381
0.001435
0.003927
0.011913
0.002363
0.012812
0.043071
0.041347
0.018739
0.004452
0.017047
0.021337
0.023345
0.021905
0.017018
0.001808
0.004218
0.009004
0.012113
0.010515
0.006721
0.057644
0.000384
0.014855
0.001745
0.018529
0.059702
0.002359
0.001683
0.011432
0.059946
0.049114
0.007735
0.001501
0.010669
0.044073
0.014344
0.001273
0.017260
0.000175
0.020408
0.040383
0.008005
0.002694
0.021898
0.048264
0.008271
0.033053
0.027336
0.003111
0.000492
0.029122
0.013211
0.034718
0.020886
0.011141
0.019845
0.041764
0.012625
0.045628
0.001470
0.005461
0.033810
0.025307
0.050359
0.020763
0.008916
0.001176
0.002267
0.002752
0.029921
0.006170
0.002890
0.044170
0.002940
0.001722
0.001828
0.064669
0.018536
0.002795
0.001128
0.002172
0.002633
0.030656
0.001096
0.019677
0.001428
0.017741
0.000013
0.013802
0.003648
0.066345
0.012350
0.011002
0.041539
0.017073
0.012583
0.021750
0.024287
0.003875
0.017211
0.047463
0.002627
0.013353
0.039031
0.021306
0.004151
0.001875
0.029444
0.041406
0.004731
0.007654
0.000089
0.000516
0.002398
0.012100
0.027421
0.007749
0.002522
0.023962
0.003955
0.020475
0.005964
0.020731
0.015535
0.001471
0.002974
0.016467
0.003757
0.034991
0.010808
0.000480
0.004835
0.002638
0.026022
0.007141
0.003212
0.002624
0.004505
0.007910
0.002910
0.028191
0.008630
0.004748
0.000595
0.003838
0.032886
0.006554
0.007721
0.008833
0.004701
0.060071
0.027461
0.068208
0.031423
0.075564
0.028926
0.037539
0.006989
0.063118
0.021951
0.011033
0.011917
0.032870
0.025034
0.078531
0.006581
0.044805
0.029585
0.016669
0.009515
0.001915
0.000275
0.004647
0.003736
0.002268
0.001223
0.008343
0.016335
0.005199
0.004071
0.024252
0.005522
0.000214
0.028939
0.017475
0.015709
0.058549
0.019537
0.006036
0.034382
0.015745
0.035848
0.000178
0.009720
0.007584
0.008493
0.004114
0.046128
0.032797
0.001561
0.000542
0.011468
0.012260
0.027554
0.006704
0.049903
0.031779
0.014073
0.032800
0.004548
0.038101
0.006093
0.035857
0.018218
0.001187
0.029681
0.004377
0.002172
0.029378
0.026673
0.022335
0.031676
0.054470
0.007979
0.015958
0.007307
0.029411
0.035507
0.073555
0.028211
0.021332
0.032447
0.033537
0.017178
0.002147
0.005845
0.018779
0.009162
0.018995
0.007693
0.008478
0.001203
0.002266
0.002477
0.024006
0.004485
0.029547
0.034869
0.051494
0.000501
0.025769
0.005001
0.022330
0.001310
0.003253
0.008030
0.020037
0.019014
0.055353
0.010562
0.000983
0.011163
0.009863
0.007188
0.042854
0.014233
0.002130
0.038991
0.006183
0.031961
0.009091
0.002154
0.005376
0.058123
0.012823
0.008792
0.000908
0.027135
0.009184
0.012507
0.010919
0.006056
0.022276
0.021887
0.040471
0.002388
0.027477
0.014307
0.006384
0.052682
0.000941
0.035012
0.018447
0.003070
0.006371
0.008656
0.018674
0.011576
0.001915
0.011351
0.035009
0.019580
0.008606
0.005663
0.005668
0.004763
0.000065
0.000239
0.000862
0.003176
0.014139
0.027722
0.038982
0.007022
0.000087
0.004957
0.007972
0.083968
0.033254
0.001478
0.107598
0.091202
0.003644
0.007582
0.010077
0.013246
0.006797
0.006069
0.049587
0.001807
0.004162
0.008591
0.010044
0.003860
0.009480
0.023018
0.021145
0.014490
0.002845
0.014310
0.050148
0.029896
0.009657
0.005404
0.041458
0.039189
0.015110
0.012327
0.047353
0.004092
0.043716
0.020018
0.031370
0.071452
0.015959
0.018697
0.019041
0.003153
0.004305
0.034450
0.004153
0.019018
0.000617
0.012255
0.016223
0.003319
0.028313
0.023904
0.005904
0.023986
0.043244
0.047156
0.010173
0.005177
0.022022
0.068056
0.019195
0.018372
0.022924
0.014889
0.054738
0.026796
0.000862
0.011037
0.005567
0.014945
0.009867
0.069979
0.000071
0.005255
0.010431
0.005389
0.007839
0.030055
0.024032
0.023184
0.010454
0.004013
0.007305
0.004250
0.007306
0.002219
0.028261
0.020333
0.066258
0.040719
0.016161
0.012783
0.028088
0.004613
0.007624
0.000820
0.005769
0.004162
0.032002
0.002372
0.008403
0.001847
0.007409
0.002185
0.024947
0.010165
0.043099
0.019283
0.026723
0.025756
0.040513
0.005416
0.015005
0.000877
0.007714
0.017515
0.017687
0.004383
0.027602
0.025793
0.015271
0.001962
0.025714
0.036774
0.027637
0.013531
0.006990
0.001640
0.004538
0.014380
0.006091
0.036492
0.019778
0.004157
0.007879
0.005902
0.014627
0.032226
0.001127
0.072887
0.008190
0.006782
0.019393
0.002758
0.000693
0.091757
0.018723
0.035208
0.009890
0.034634
0.008753
0.020507
0.015732
0.033505
0.008972
0.018259
0.007122
0.006890
0.000109
0.006231
0.019063
0.006304
0.074940
0.007572
0.003132
0.053935
0.006178
0.004013
0.019092
0.001869
0.034317
0.003693
0.014109
0.015473
0.014061
0.021140
0.012256
0.030529
0.013488
0.035665
0.026824
0.021165
0.016399
0.005038
0.003692
0.011634
0.003336
0.033469
0.013979
0.020747
0.006519
0.026141
0.038441
0.013526
0.007853
0.024089
0.008054
0.045434
0.040716
0.002339
0.025378
0.009256
0.020983
0.014537
0.003814
0.005767
0.050934
0.004843
0.062437
0.025655
0.029313
0.000803
0.003143
0.014887
0.042185
0.011185
0.019567
0.035547
0.006160
0.000753
0.024559
0.000289
0.014643
0.002033
0.026523
0.017743
0.037624
0.022555
0.009948
0.003787
0.009735
0.028723
0.001233
0.007941
0.012766
0.036844
0.024281
0.018267
0.004363
0.020182
0.001636
0.016660
0.027829
0.008103
0.003156
0.028722
0.006850
0.029508
0.000076
0.045009
0.010003
0.006658
0.001585
0.031085
0.002408
0.001530
0.018826
0.024246
0.013810
0.016357
0.017179
0.007845
0.016421
0.010460
0.007352
0.002119
0.024908
0.010982
0.000996
0.007760
0.004023
0.007517
0.049226
0.017327
0.005872
0.004144
0.028251
0.011280
0.000686
0.047501
0.023891
0.000664
0.025743
0.003192
0.005019
0.000018
0.044078
0.040179
0.007809
0.007574
0.051129
0.018504
0.008087
0.011874
0.020630
0.010225
0.024891
0.007288
0.007514
0.001726
0.015837
0.010022
0.018092
0.027704
0.001641
0.015315
0.016629
0.010781
0.030135
0.003768
0.045114
0.032508
0.026353
0.002463
0.061246
0.060780
0.071667
0.016345
0.005715
0.001882
0.004629
0.011310
0.025955
0.010471
0.033390
0.002944
0.009650
0.002027
0.000441
0.002639
0.023488
0.001933
0.003653
0.003739
0.012870
0.008097
0.019466
0.024099
0.014440
0.023889
0.012896
0.013393
0.016975
0.079660
0.016026
0.015748
0.005300
0.008890
0.000971
0.047520
0.001269
0.002313
0.002136
0.017461
0.020282
0.013824
0.003933
0.011436
0.000645
0.002219
0.008519
0.003771
0.032051
0.005987
0.006139
0.004672
0.031978
0.048643
0.004143
0.037961
0.010381
0.025596
0.019619
0.004131
0.008464
0.009614
0.002893
0.005677
0.006187
0.007814
0.013786
0.001138
0.021824
0.016642
0.008127
0.031178
0.024437
0.001597
0.057137
0.073065
0.051222
0.004628
0.013605
0.018101
0.001517
0.045815
0.028193
0.011184
0.022911
0.004060
0.033863
0.024565
0.012962
0.000200
0.014199
0.001535
0.023297
0.015127
0.049359
0.026408
0.005394
0.002108
0.009526
0.010504
0.095700
0.002417
0.028381
0.016583
0.013394
0.029178
0.003006
0.030416
0.028165
0.020493
0.021152
0.001617
0.010479
0.032131
0.001407
0.001377
0.028201
0.000396
0.002921
0.021139
0.026316
0.011215
0.047564
0.012513
0.018873
0.010614
0.041896
0.039859
0.008280
0.024454
0.034171
0.033835
0.008448
0.033566
0.025332
0.057371
0.001243
0.031604
0.006796
0.013099
0.009733
0.003777
0.015450
0.024117
0.006658
0.006484
0.001346
0.029979
0.012677
0.027635
0.004587
0.008880
0.006999
0.012371
0.007991
0.005395
0.018607
0.014003
0.013101
0.006417
0.004796
0.026298
0.012744
0.003736
0.020252
0.007619
0.001370
0.010615
0.056929
0.034090
0.011095
0.003319
0.064036
0.008038
0.009129
0.003732
0.018478
0.004106
0.003494
0.033510
0.020038
0.017875
0.019321
0.002733
0.000798
0.000667
0.034076
0.009083
0.022066
0.032434
0.001139
0.049795
0.048440
0.005004
0.013553
0.072041
0.005592
0.025173
0.002227
0.000311
0.004903
0.000512
0.002008
0.008562
0.006200
0.009549
0.037439
0.011003
0.034700
0.019311
0.006058
0.040308
0.032323
0.074715
0.013396
0.005748
0.026549
0.014461
0.010139
0.021275
0.013124
0.014831
0.000231
0.029606
0.019332
0.024044
0.015188
0.033864
0.000517
0.020224
0.022875
0.006633
0.011477
0.001303
0.006701
0.004048
0.011909
0.001380
0.004464
0.018733
0.004266
0.018211
0.029273
0.003213
0.035391
0.021004
0.009897
0.009814
0.026908
0.045132
0.017935
0.013225
0.013153
0.012230
0.007962
0.027929
0.014493
0.005809
0.027312
0.004812
0.007865
0.004413
0.003824
0.004773
0.022112
0.002620
0.015743
0.004887
0.006106
0.017536
0.002910
0.009973
0.003678
0.008645
0.017846
0.008469
0.020644
0.025137
0.010611
0.058880
0.037620
0.016374
0.023121
0.000322
0.025723
0.007084
0.003753
0.005811
0.064470
0.010198
0.030426
0.000884
0.001352
0.000051
0.009449
0.007823
0.012742
0.041879
0.049919
0.015156
0.057088
0.025384
0.039095
0.016749
0.020563
0.009514
0.003016
0.022985
0.042711
0.000732
0.003383
0.019392
0.008897
0.012189
0.012039
0.014953
0.000740
0.006872
0.012531
0.003385
0.018148
0.007009
0.011891
0.031940
0.016498
0.003140
0.021141
0.020554
0.046875
0.022828
0.046704
0.025930
0.005156
0.023475
0.002390
0.006934
0.028082
0.039665
0.006692
0.041876
0.020379
0.053286
0.050863
0.024992
0.002087
0.000411
0.003902
0.049404
0.040158
0.008597
0.024283
0.037707
0.021011
0.005418
0.011384
0.012041
0.026400
0.006033
0.037515
0.023721
0.014073
0.023627
0.015220
0.042475
0.009187
0.005689
0.001832
0.004507
0.011015
0.009067
0.011862
0.002627
0.016344
0.006922
0.018633
0.000020
0.008383
0.002910
0.018714
0.012642
0.005880
0.004490
0.037238
0.005688
0.031552
0.014272
0.012741
0.011980
0.056986
0.052878
0.006767
0.013648
0.008922
0.018597
0.008710
0.016252
0.002773
0.018418
0.013440
0.011204
0.002015
0.016262
0.015248
0.002566
0.028079
0.013107
0.000703
0.023527
0.055266
0.033217
0.001489
0.001227
0.022397
0.017411
0.008467
0.025872
