0.029181
0.043613
0.035958
0.091333
0.003022
0.010722
0.306496
0.068545
0.002116
0.012160
0.127755
0.074134
0.014031
0.008115
0.059661
0.005864
0.082645
0.093197
0.084630
0.080295
0.069797
0.146903
0.140040
0.018123
0.043766
0.072033
0.020022
0.008820
0.059349
0.009450
0.075612
0.006824
0.069147
0.016283
0.020674
0.002607
0.026687
0.017079
0.000696
0.032572
0.068892
0.009858
0.020982
0.014022
0.044680
0.037961
0.103764
0.082831
0.107911
0.073697
0.004587
0.154101
0.153441
0.289936
0.068467
0.012507
0.047899
0.001896
0.047024
0.025380
0.034457
0.129763
0.003645
0.004908
0.131698
0.065596
0.000631
0.037294
0.002102
0.036269
0.028584
0.000439
0.033873
0.081850
0.181003
0.006865
0.027177
0.022409
0.024998
0.005815
0.006260
0.063298
0.014322
0.001633
0.150934
0.027031
0.145447
0.131258
0.067826
0.195140
0.005515
0.017128
0.079288
0.008764
0.082449
0.025506
0.006831
0.009314
0.102192
0.059077
0.021825
0.001898
0.020854
0.052184
0.024086
0.003961
0.005097
0.113158
0.035019
0.158320
0.012078
0.054980
0.003659
0.027273
0.109231
0.076197
0.015007
0.057891
0.020611
0.036258
0.003209
0.065680
0.087863
0.024270
0.098285
0.083438
0.000665
0.027985
0.034266
0.006325
0.014274
0.027286
0.017008
0.144906
0.000294
0.141405
0.054876
0.133334
0.098598
0.059633
0.048004
0.051387
0.017754
0.000683
0.024841
0.012881
0.091260
0.224826
0.024209
0.025799
0.166756
0.008631
0.015859
0.011396
0.074968
0.087443
0.043687
0.022278
0.031419
0.041441
0.010031
0.000994
0.032901
0.062877
0.002225
0.016985
0.007239
0.012208
0.004533
0.042237
0.051346
0.063362
0.058161
0.066316
0.045193
0.001643
0.065294
0.004356
0.139854
0.107363
0.024938
0.011365
0.011499
0.185414
0.020787
0.013964
0.027893
0.023285
0.024364
0.165553
0.118899
0.120273
0.048344
0.019121
0.119151
0.059563
0.021368
0.083210
0.041864
0.005711
0.002136
0.016393
0.017888
0.017036
0.001300
0.040511
0.005298
0.003514
0.065757
0.136423
0.001215
0.065829
0.009654
0.031364
0.012135
0.005232
0.053459
0.002357
0.022781
0.075978
0.025012
0.020099
0.029299
0.057229
0.005206
0.030671
0.098702
0.002047
0.033734
0.043748
0.014923
0.014224
0.067747
0.012674
0.054701
0.185690
0.179156
0.052249
0.057427
0.116513
0.136573
0.025311
0.132786
0.002193
0.110248
0.152028
0.136561
0.105677
0.049559
0.082061
0.027822
0.083168
0.015244
0.016584
0.019914
0.028163
0.049331
0.027288
0.098117
0.134409
0.026125
0.019501
0.024849
0.015627
0.004482
0.005199
0.086004
0.046777
0.089300
0.028971
0.077316
0.001723
0.015108
0.029084
0.022567
0.019572
0.036078
0.009239
0.024410
0.080271
0.073035
0.012416
0.029807
0.012298
0.015508
0.050760
0.027753
0.084829
0.060996
0.002509
0.059360
0.065294
0.021360
0.008643
0.102779
0.018884
0.034515
0.128751
0.079985
0.167269
0.142166
0.193769
0.125663
0.010024
0.011996
0.121046
0.111160
0.078317
0.042407
0.057892
0.043237
0.051191
0.025075
0.199180
0.072553
0.053552
0.004646
0.040044
0.037141
0.012588
0.041666
0.014476
0.014201
0.195011
0.052979
0.005409
0.066325
0.022871
0.017646
0.027337
0.095076
0.004746
0.012730
0.037496
0.024256
0.030523
0.022322
0.003606
0.133528
0.091728
0.168458
0.130447
0.008970
0.002431
0.029470
0.077307
0.035370
0.011100
0.073987
0.092274
0.005356
0.001579
0.015887
0.011948
0.055597
0.093224
0.001545
0.043065
0.004181
0.145911
0.163745
0.015011
0.113375
0.002277
0.011108
0.079150
0.184419
0.167195
0.001173
0.011212
0.032587
0.003374
0.004263
0.116715
0.057481
0.177640
0.056809
0.020140
0.105475
0.016998
0.085996
0.063499
0.046023
0.049051
0.020429
0.024457
0.018004
0.020223
0.016051
0.053011
0.029924
0.085621
0.099840
0.082838
0.004028
0.009993
0.024745
0.001007
0.070940
0.007595
0.001194
0.103296
0.038000
0.037440
0.028040
0.068112
0.013516
0.064726
0.012683
0.083186
0.029401
0.077280
0.073544
0.035325
0.025426
0.024496
0.116875
0.054482
0.032415
0.029936
0.026324
0.025670
0.064619
0.067047
0.116121
0.072663
0.062617
0.198642
0.042398
0.045773
0.030125
0.019164
0.090761
0.008589
0.026571
0.002715
0.046701
0.009109
0.038397
0.063153
0.032604
0.027174
0.011431
0.030140
0.104763
0.010369
0.013135
0.060310
0.006660
0.029192
0.037867
0.011553
0.030629
0.111038
0.012836
0.020418
0.182127
0.121413
0.060452
0.060603
0.036352
0.075315
0.000991
0.006013
0.034986
0.428111
0.387530
0.269081
0.194086
0.176873
0.086783
0.014502
0.092372
0.058509
0.039511
0.002236
0.028216
0.010779
0.016578
0.147740
0.007990
0.021920
0.080569
0.046818
0.029368
0.016711
0.008981
0.013919
0.191342
0.086476
0.007557
0.046149
0.330977
0.019617
0.001712
0.026260
0.055473
0.035188
0.001771
0.005719
0.020415
0.001969
0.012087
0.141388
0.130241
0.145937
0.028123
0.011510
0.001746
0.021298
0.073979
0.021337
0.056809
0.006279
0.048497
0.054415
0.024818
0.023789
0.069372
0.069000
0.083999
0.001648
0.102756
0.140457
0.046360
0.017070
0.047725
0.004547
0.215646
0.007385
0.144470
0.048718
0.004386
0.049534
0.000815
0.028891
0.033449
0.188048
0.150390
0.063568
0.020578
0.031407
0.008847
0.074659
0.031739
0.009729
0.019915
0.023895
0.019475
0.036326
0.002481
0.036931
0.023777
0.008341
0.000904
0.177826
0.055065
0.015204
0.041641
0.001586
0.005309
0.019538
0.001734
0.017367
0.030238
0.004269
0.026118
0.061002
0.041820
0.002954
0.013963
0.145539
0.032744
0.023332
0.122014
0.060489
0.035788
0.187845
0.111990
0.104118
0.068071
0.056580
0.055855
0.008681
0.042333
0.244781
0.084294
0.043777
0.173648
0.082322
0.038466
0.034356
0.054103
0.023843
0.028090
0.033924
0.172202
0.172733
0.005148
0.102544
0.029833
0.014004
0.020443
0.084410
0.014528
0.055869
0.033205
0.134501
0.012765
0.164589
0.069122
0.088271
0.013199
0.134504
0.056305
0.050893
0.017136
0.250221
0.041437
0.008130
0.072600
0.014033
0.042809
0.024337
0.018999
0.053519
0.005134
0.055649
0.026827
0.097841
0.080460
0.067432
0.068951
0.065977
0.008419
0.003878
0.025791
0.087978
0.020800
0.019458
0.033018
0.043450
0.015544
0.042993
0.040762
0.021589
0.078374
0.040937
0.028450
0.015619
0.060961
0.013108
0.038254
0.112633
0.040704
0.016970
0.062633
0.059415
0.052746
0.011293
0.037093
0.019505
0.012692
0.028805
0.047067
0.025870
0.085628
0.030315
0.021651
0.000858
0.139824
0.012745
0.028430
0.016108
0.069186
0.000875
0.022308
0.019985
0.004125
0.053166
0.115554
0.035958
0.174380
0.128885
0.082732
0.004064
0.007411
0.006617
0.035052
0.119311
0.121971
0.070955
0.047347
0.134186
0.112583
0.040676
0.027360
0.067913
0.080814
0.025009
0.226914
0.125348
0.067769
0.206847
0.012731
0.033911
0.134265
0.008625
0.041553
0.161659
0.057554
0.030544
0.044506
0.027430
0.012996
0.042562
0.023803
0.006085
0.016324
0.051094
0.020291
0.013769
0.029181
0.033305
0.139522
0.090167
0.073700
0.011219
0.030958
0.004233
0.047079
0.000670
0.044579
0.027247
0.011837
0.033055
0.000255
0.056527
0.000858
0.000393
0.112140
0.083562
0.062075
0.050108
0.025375
0.058852
0.042064
0.010335
0.000045
0.019633
0.140901
0.003448
0.095406
0.050897
0.009148
0.014737
0.001358
0.099510
0.048540
0.151348
0.065402
0.040510
0.004438
0.001620
0.027838
0.016060
0.081955
0.030367
0.128215
0.016058
0.020847
0.042589
0.023232
0.003616
0.003832
0.084333
0.037232
0.000850
0.003911
0.017812
0.006450
0.001464
0.004380
0.013958
0.061304
0.044917
0.028568
0.006351
0.025547
0.019795
0.000921
0.012622
0.004738
0.038250
0.025067
0.040336
0.074272
0.053710
0.222136
0.000177
0.006793
0.065554
0.013689
0.099316
0.084708
0.022499
0.203271
0.175262
0.153166
0.111023
0.082668
0.040796
0.035931
0.039620
0.027065
0.005077
0.039567
0.026512
0.005745
0.044111
0.043600
0.012175
0.003079
0.026663
0.015737
0.035522
0.035420
0.020514
0.116855
0.024844
0.005128
0.077862
0.072526
0.033645
0.002494
0.107711
0.081696
0.112762
0.052372
0.065191
0.037595
0.047681
0.133774
0.085057
0.064318
0.094255
0.054007
0.008765
0.003578
0.056519
0.104472
0.008935
0.005028
0.005336
0.068577
0.043120
0.057572
0.000120
0.098293
0.059350
0.004703
0.017439
0.159453
0.073938
0.217199
0.308559
0.210079
0.051750
0.132740
0.016290
0.016682
0.064699
0.080909
0.077927
0.090289
0.011955
0.011388
0.018414
0.000771
0.019215
0.074985
0.062643
0.068061
0.005123
0.031261
0.040209
0.007050
0.084682
0.062474
0.024139
0.016518
0.063048
0.046591
0.010375
0.055256
0.019767
0.140557
0.109019
0.162781
0.042332
0.013418
0.001831
0.005121
0.015093
0.004290
0.075282
0.033085
0.115666
0.017673
0.010607
0.059497
0.030277
0.031135
0.059047
0.215223
0.171696
0.093237
0.051864
0.130414
0.067860
0.045872
0.130470
0.059298
0.088447
0.062958
0.017047
0.083026
0.092797
0.074038
0.002144
0.017762
0.026914
0.082155
0.056681
0.017911
0.168366
0.004350
0.083107
0.058649
0.021877
0.022864
0.009301
0.054352
0.029806
0.065328
0.019317
0.029053
0.050839
0.099468
0.048519
0.009699
0.007209
0.013082
0.009487
0.167644
0.013371
0.064142
0.025725
0.033191
0.058191
0.050183
0.031603
0.005818
0.029222
0.017505
0.000905
0.005593
0.032077
0.109718
0.003616
0.027362
0.115555
0.047333
0.026967
0.104906
0.010313
0.012582
0.053561
0.142537
0.138171
0.023145
0.000350
0.044406
0.031612
0.036123
0.101722
0.044037
0.058547
0.101941
0.100401
0.013019
0.017057
0.055598
0.027680
0.035768
0.013704
0.091492
0.105914
0.064104
0.027010
0.000069
0.014513
0.034578
0.065071
0.103668
0.059329
0.017853
0.039816
0.034624
0.046898
0.019796
0.033130
0.166848
0.142160
0.077960
0.122259
0.147474
0.132254
0.007658
0.153007
0.029049
0.003406
0.028042
0.203378
0.001722
0.022093
0.091108
0.084507
0.021395
0.069157
0.022481
0.028096
0.001899
0.002674
0.028185
0.006204
0.086298
0.035903
0.016037
0.027215
0.033189
0.021102
0.028182
0.024715
0.031018
0.015289
0.027278
0.008234
0.006771
0.004733
0.012449
0.076174
0.061669
0.012023
0.117244
0.034782
0.102080
0.061877
0.030871
0.009783
0.012168
0.059635
0.022201
0.000199
0.068013
0.006697
0.018011
0.013213
0.012983
0.029490
0.047758
0.029469
0.056480
0.086492
0.004710
0.162033
0.148858
0.092170
0.131149
0.053868
0.032345
0.047299
0.026098
0.136306
0.089247
0.201708
0.006097
0.012870
0.019914
0.132027
0.047775
0.020336
0.031427
0.078568
0.040340
0.010670
0.009287
0.016954
0.011149
0.047222
0.101143
0.050794
0.112023
0.012222
0.028892
0.057234
0.007540
0.061018
0.174287
0.132340
0.005803
0.026095
0.030207
0.001095
0.016891
0.009218
0.028118
0.011387
0.036923
0.039130
0.040744
0.030698
0.066774
0.060584
0.006588
0.005628
0.037496
0.011631
0.034350
0.006026
0.011724
0.013218
0.035930
0.209047
0.105548
0.119751
0.058250
0.111904
0.142605
0.129267
0.011149
0.208917
0.034993
0.011492
0.007017
0.138601
0.029568
0.013812
0.028143
0.026395
0.044237
0.089068
0.010057
0.019878
0.053282
0.003152
0.011780
0.061814
0.022952
0.014281
0.048916
0.047365
0.026881
0.016531
0.019839
0.090254
0.009583
0.051107
0.015828
0.100695
0.074172
0.071693
0.052223
0.010912
0.021030
0.017507
0.057342
0.028592
0.031918
0.121164
0.015289
0.011131
0.073655
0.040182
0.066996
0.057288
0.061475
0.008475
0.069197
0.022524
0.016858
0.055566
0.018539
0.010715
0.118403
0.035845
0.122319
0.068154
0.001403
0.017385
0.035992
0.028612
0.275355
0.167783
0.165718
0.056477
0.040333
0.082932
0.012837
0.069470
0.148653
0.024896
0.004022
0.001950
0.038170
0.098071
0.029815
0.023126
0.003374
0.003028
0.072499
0.003286
0.033944
0.007385
0.102529
0.067156
0.072703
0.057856
0.017505
0.006793
0.084620
0.046069
0.112415
0.070852
0.001192
0.174458
0.105323
0.294267
0.101807
0.065832
0.000044
0.004090
0.031126
0.003820
0.015786
0.163989
0.012869
0.022621
0.007872
0.045677
0.016585
0.018097
0.016521
0.155283
0.033039
0.045362
0.077640
0.022537
0.004274
0.012809
0.048204
0.056663
0.009382
0.114401
0.067951
0.128189
0.065463
0.079419
0.008021
0.065024
0.001609
0.051311
0.041600
0.047613
0.045994
0.004245
0.003923
0.063699
0.051436
0.023315
0.030189
0.022738
0.005999
0.024690
0.019335
0.019210
0.045257
0.088546
0.209486
0.124898
0.011197
0.079040
0.002879
0.094179
0.025658
0.047787
0.019448
0.025062
0.031285
0.013904
0.015771
0.014365
0.010840
0.012752
0.045376
0.040244
0.148665
0.063194
0.072385
0.054499
0.002895
0.015632
0.027402
0.006115
0.111961
0.019627
0.118673
0.062533
0.152968
0.002381
0.060411
0.077824
0.030114
0.057494
0.084608
0.157516
0.005277
0.077051
0.006086
0.047730
0.053767
0.027032
0.042943
0.060119
0.000500
0.072189
0.034089
0.004718
0.004806
0.067268
0.047397
0.026374
0.045879
0.028469
0.011162
0.010897
0.160256
0.006186
0.003266
0.020176
0.027506
0.039964
0.034068
0.000567
0.048507
0.040056
0.036613
0.013381
0.038574
0.016824
0.123658
0.100328
0.133738
0.036660
0.082609
0.051096
0.020712
0.024798
0.053455
0.027321
0.007095
0.050427
0.145022
0.124520
0.118435
0.014545
0.137597
0.021191
0.002504
0.021957
0.076310
0.148117
0.188486
0.004376
0.023554
0.034641
0.048105
0.038690
0.058970
0.016054
0.026805
0.000914
0.023415
0.006453
0.006268
0.201232
0.089302
0.008426
0.028915
0.013661
0.032899
0.067546
0.064639
0.035443
0.104284
0.074919
0.076263
0.005612
0.075410
0.055503
0.017260
0.017927
0.009955
0.023214
0.012588
0.057584
0.014020
0.149916
0.034662
0.021510
0.039611
0.006593
0.247402
0.093427
0.007412
0.012157
0.002828
0.024502
0.007944
0.071941
0.032236
0.029076
0.023022
0.014078
0.008213
0.060246
0.091131
0.044837
0.086146
0.023756
0.104378
0.095661
0.056560
0.061919
0.010431
0.067061
0.066622
0.073650
0.348210
0.002959
0.021794
0.046148
0.006377
0.010718
0.013224
0.053628
0.096785
0.082516
0.043201
0.040122
0.005478
0.053472
0.000340
0.006932
0.062899
0.006934
0.020401
0.093121
0.082900
0.062786
0.084255
0.070873
0.023627
0.011025
0.079970
0.057697
0.098330
0.087032
0.093097
0.085046
0.038577
0.036404
0.015302
0.131143
0.082146
0.081275
0.008534
0.020592
0.009682
0.004452
0.037156
0.006324
0.009852
0.012792
0.068294
0.068154
0.050488
0.077337
0.013961
0.004861
0.078692
0.016315
0.038357
0.024795
0.028006
0.011061
0.020095
0.017056
0.016062
0.036587
0.007544
0.009309
0.071129
0.001242
0.019062
0.057155
0.013341
0.016050
0.038804
0.072962
0.058566
0.041196
0.065181
0.010476
0.043145
0.035712
0.025569
0.034421
0.024127
0.085202
0.031106
0.026952
0.020126
0.013590
0.029498
0.037967
0.010000
0.017793
0.010381
0.017543
0.017080
0.008054
0.005653
0.021044
0.041175
0.018718
0.045723
0.006492
0.020565
0.131157
0.108268
0.088809
0.062917
0.089015
0.052642
0.056590
0.087114
0.095308
0.057629
0.044423
0.034647
0.000661
0.043336
0.022305
0.142519
0.090624
0.000275
0.018211
0.076221
0.025414
0.050592
0.018094
0.004923
0.088570
0.007278
0.021053
0.092491
0.032900
0.073242
0.035362
0.030687
0.004280
0.001250
0.026363
0.013486
0.065551
0.014724
0.156651
0.029235
0.002494
0.018359
0.026051
0.055533
0.025061
0.026826
0.069638
0.029964
0.076216
0.106441
0.026453
0.023921
0.005617
0.004216
0.013108
0.053345
0.098348
0.096869
0.100072
0.115478
0.078748
0.127008
0.004974
0.085322
0.037636
0.213595
0.205351
0.029989
0.012306
0.014351
0.038118
0.155109
0.135798
0.210645
0.163026
0.017372
0.004248
0.093905
0.021517
0.032139
0.026450
0.125308
0.062496
0.006601
0.053632
0.089874
0.012435
0.361204
0.349885
0.308826
0.321403
0.028816
0.009037
0.056837
0.007695
0.068052
0.000292
0.023467
0.052055
0.035707
0.013715
0.093515
0.124103
0.119080
0.003296
0.026827
0.011262
0.000974
0.021180
0.009314
0.121507
0.105081
0.222865
0.010746
0.008141
0.008777
0.047545
0.013242
0.103393
0.047920
0.001090
0.081526
0.049851
0.039768
0.047377
0.066698
0.119668
0.080263
0.071281
0.008199
0.003664
0.003244
0.067533
0.106123
0.047493
0.070703
0.001125
0.019422
0.010664
0.067696
0.022007
0.066111
0.065043
0.042928
0.058776
0.163469
0.133144
0.051172
0.113305
0.047331
0.040920
0.031363
0.017365
0.052631
0.015407
0.065897
0.000363
0.030131
0.007168
0.088592
0.006646
0.016214
0.038997
0.070690
0.054918
0.038522
0.007054
0.004892
0.023505
0.026515
0.004928
0.097930
0.018481
0.006594
0.161292
0.079426
0.099370
0.057770
0.083773
0.062074
0.151042
0.018413
0.016930
0.150603
0.006378
0.008795
0.110310
0.109311
0.019065
0.122237
0.049206
0.046671
0.014221
0.062357
0.142768
0.013770
0.163732
0.137520
0.066275
0.040606
0.058971
0.025147
0.007461
0.016046
0.025497
0.006605
0.039478
0.006751
0.005067
0.086760
0.062909
0.036765
0.012666
0.053494
0.131306
0.052962
0.006910
0.039489
0.007421
0.002459
0.013524
0.011432
0.004901
0.063791
0.058977
0.049523
0.059813
0.008902
0.042549
0.175707
0.054583
0.014652
0.039372
0.002363
0.091193
0.359782
0.086512
0.043316
0.058266
0.102194
0.048244
0.091196
0.075926
0.012287
0.008672
0.260568
0.244501
0.278297
0.226386
0.064270
0.051382
0.007824
0.064301
0.077069
0.028630
0.001504
0.006402
0.022147
0.003387
0.009455
0.029385
0.006145
0.004482
0.006696
0.034930
0.109594
0.061574
0.128514
0.169222
0.005986
0.061780
0.015800
0.003058
0.010593
0.047283
0.004740
0.011339
0.053470
0.006088
0.074984
0.049575
0.021317
0.001799
0.009183
0.058345
0.048632
0.038121
0.046262
0.085797
0.073619
0.100805
0.124329
0.084530
0.105471
0.043047
0.024803
0.007312
0.085612
0.059004
0.027200
0.030653
0.055237
0.031608
0.081970
0.005218
0.020890
0.008545
0.002228
0.000450
0.194636
0.087790
0.014033
0.001190
0.002905
0.150110
0.010783
0.047210
0.126402
0.001114
0.095028
0.117597
0.057854
0.037661
0.002304
0.069336
0.005007
0.085953
0.003469
0.000771
0.033522
0.014882
0.022622
0.002181
0.197795
0.136985
0.009790
0.040893
0.069579
0.013392
0.006378
0.025219
0.017759
0.012981
0.057178
0.001525
0.002480
0.001005
0.057599
0.129359
0.024938
0.009099
0.054796
0.017415
0.009560
0.079307
0.011498
0.003901
0.045986
0.134975
0.010183
0.062025
0.046591
0.013729
0.007087
0.063226
0.078750
0.088744
0.049681
0.014933
0.106548
0.166069
0.092619
0.174901
0.155731
0.028553
0.005830
0.053939
0.174447
0.104740
0.072583
0.078353
0.006701
0.087228
0.086511
0.035569
0.052408
0.018932
0.002377
0.029152
0.028600
0.027326
0.028137
0.078695
0.107457
0.015637
0.017436
0.072943
0.018969
0.025475
0.028561
0.001799
0.010680
0.234442
0.165116
0.103815
0.113942
0.085073
0.040411
0.020521
0.001555
0.008370
0.052372
0.035443
0.011426
0.053295
0.020253
0.055322
0.008799
0.144839
0.100761
0.014434
0.087363
0.078851
0.019928
0.089074
0.001586
0.060663
0.137215
0.058390
0.018875
0.016626
0.101039
0.088024
0.116874
0.096311
0.044304
0.049764
0.012215
0.114885
0.001919
0.006978
0.029241
0.033121
0.127048
0.063412
0.062799
0.076183
0.014765
0.034193
0.029642
0.041838
0.022628
0.004277
0.012163
0.008309
0.021049
0.025344
0.071459
0.039926
0.129703
0.019019
0.035781
0.031431
0.017319
0.000017
0.011248
0.011514
0.027324
0.056181
0.051136
0.064294
0.043779
0.005895
0.026972
0.034709
0.033624
0.019929
0.068154
0.031052
0.004088
0.018376
0.007465
0.003322
0.007392
0.014121
0.013679
0.012531
0.009682
0.003153
0.076207
0.039298
0.010683
0.014539
0.025024
0.061616
0.011072
0.099476
0.078408
0.048064
0.041399
0.011441
0.056073
0.058291
0.012103
0.021524
0.000266
0.090181
0.008597
0.024742
0.033175
0.155014
0.051251
0.027775
0.037322
0.019268
0.010242
0.013274
0.004371
0.017352
0.003779
0.024910
0.082318
0.017806
0.005013
0.025724
0.052264
0.072585
0.053946
0.014555
0.031387
0.010377
0.132041
0.108340
0.154465
0.064803
0.156085
0.124049
0.059313
0.162706
0.076981
0.121870
0.145597
0.036382
0.081493
0.071358
0.078877
0.012183
0.008468
0.004179
0.177619
0.146509
0.122531
0.117240
0.267666
0.278077
0.267550
0.281141
0.205599
0.157497
0.045760
0.028475
0.045412
0.055871
0.050180
0.091812
0.205942
0.211202
0.224827
0.249274
0.346495
0.331697
0.529500
0.507320
0.253963
0.326309
0.014627
0.099818
0.021695
0.083933
0.076406
0.083080
0.031594
0.058579
0.129582
0.045899
0.062098
0.011877
0.101221
0.081576
0.065353
0.045256
0.062337
0.041153
0.019249
0.324726
0.193493
0.041063
0.002092
0.011452
0.098114
0.018878
0.008224
0.004156
0.006026
0.165395
0.043230
0.106480
0.030719
0.086888
0.083919
0.031103
0.030724
0.044092
0.024238
0.007836
0.065347
0.039705
0.000600
0.011624
0.007379
0.007324
0.095007
0.125456
0.131468
0.170383
0.117691
0.039600
0.095321
0.059830
0.029547
0.011717
0.003572
0.016893
0.005246
0.003985
0.011627
0.004660
0.054927
0.011089
0.010762
0.023238
0.033417
0.043289
0.004642
0.019170
0.006381
0.083275
0.056221
0.118558
0.008705
0.068278
0.001545
0.032670
0.003369
0.018496
0.026823
0.061584
0.008028
0.060434
0.045277
0.015150
0.011616
0.110920
0.032842
0.101294
0.104020
0.017681
0.069236
0.040950
0.046861
0.048063
0.013130
0.087825
0.056865
0.101083
0.081936
0.045883
0.004129
0.032389
0.034076
0.001340
0.100383
0.156433
0.140657
0.279918
0.191370
0.274790
0.291134
0.302174
0.291699
0.290027
0.320282
0.295090
0.174337
0.179789
0.143410
0.006908
0.058422
0.181428
0.050854
0.003581
0.055358
0.025124
0.021107
0.035803
0.173368
0.011840
0.039468
0.018255
0.021749
0.063304
0.043761
0.010429
0.091812
0.183710
0.091705
0.128541
0.043742
0.224755
0.004461
0.026063
0.055300
0.008312
0.006962
0.040125
0.007034
0.105903
0.000481
0.007529
0.069842
0.012149
0.073955
0.045857
0.137614
0.121562
0.018359
0.003299
0.044490
0.083484
0.042171
0.076457
0.022123
0.098687
0.021094
0.018954
0.079332
0.072862
0.059583
0.052774
0.031047
0.054648
0.087329
0.034142
0.197473
0.222166
0.206934
0.053383
0.211382
0.179789
0.177035
0.051041
0.196000
0.207738
0.179581
0.092815
0.320700
0.286787
0.111864
0.017634
0.020245
0.045025
0.041890
0.011013
0.104197
0.070463
0.059085
0.008151
0.029085
0.165564
0.083495
0.066166
0.067737
0.078649
0.086582
0.028943
0.088988
0.001667
0.062730
0.047498
0.287789
0.128917
0.046310
0.013434
0.031903
0.046103
0.022997
0.078352
0.007494
0.030577
0.104220
0.007331
0.138783
0.009926
0.153295
0.112044
0.011656
0.003359
0.036534
0.037297
0.033521
0.011135
0.080808
0.048161
0.096594
0.085891
0.008179
0.050060
0.029158
0.158730
0.073980
0.000499
0.005779
0.041676
0.002312
0.023424
0.039830
0.131846
0.126178
0.104999
0.088240
0.014238
0.001412
0.138078
0.023120
0.078067
0.064532
0.043133
0.023012
0.007629
0.037674
0.116151
0.031096
0.074353
0.036431
0.101069
0.044607
0.192262
0.127021
0.063714
0.066077
0.079997
0.087783
0.008121
0.003111
0.000643
0.038146
0.004561
0.063611
0.038193
0.064855
0.028432
0.075005
0.059775
0.071320
0.041866
0.017298
0.016703
0.015826
0.074072
0.040541
0.011882
0.036754
0.012395
0.002855
0.028217
0.048091
0.164754
0.091565
0.176357
0.173047
0.013790
0.001346
0.115008
0.008686
0.097964
0.063465
0.027400
0.001212
0.115984
0.010820
0.002190
0.041313
0.116918
0.009260
0.001501
0.137156
0.021360
0.054728
0.099344
0.057200
0.023172
0.016891
0.026487
0.000788
0.002493
0.008186
0.031596
0.014907
0.033935
0.111965
0.130354
0.036314
0.071679
0.065418
0.108802
0.156549
0.002124
0.044570
0.015268
0.117574
0.038995
0.088270
0.003520
0.001711
0.008792
0.054627
0.038462
0.033351
0.011959
0.029867
0.018543
0.083474
0.015730
0.010065
0.022564
0.038613
0.160384
0.138377
0.031823
0.049583
0.037363
0.116753
0.039835
0.009098
0.002854
0.090278
0.036121
0.041731
0.072624
0.034895
0.006401
0.011132
0.003474
0.002100
0.022082
0.001994
0.001078
0.074837
0.031265
0.081510
0.075003
0.046650
0.103705
0.029020
0.018029
0.072384
0.030853
0.047227
0.036973
0.050464
0.005795
0.138178
0.050630
0.032661
0.045470
0.004812
0.009643
0.012850
0.075978
0.052140
0.013280
0.038386
0.015644
0.134304
0.127896
0.040279
0.002472
0.032418
0.009867
0.075855
0.009011
0.026145
0.078906
0.038440
0.028911
0.071755
0.048308
0.098164
0.043670
0.071025
0.062333
0.001185
0.022857
0.233491
0.170244
0.204514
0.115214
0.062544
0.142035
0.057933
0.100005
0.009876
0.017360
0.007942
0.013796
0.006676
0.043351
0.021840
0.117794
0.014124
0.020010
0.072218
0.047893
0.085958
0.076993
0.072379
0.074024
0.098611
0.090823
0.003015
0.013526
0.034986
0.108807
0.077960
0.050545
0.032612
0.040938
0.006754
0.463797
0.380532
0.419766
0.376410
0.007990
0.018518
0.011613
0.024052
0.038811
0.081085
0.062750
0.126525
0.004070
0.014020
0.009247
0.083682
0.042990
0.085266
0.062655
0.127368
0.054981
0.031083
0.149739
0.086240
0.134334
0.023036
0.088001
0.051818
