0.000000
0.000000
0.000000
0.000000
0.027129
0.162347
0.000000
0.020547
0.000000
0.000000
0.000000
0.044692
0.000000
0.000000
0.000000
0.089254
0.064094
0.000000
0.041885
0.000000
0.058576
0.000000
0.031859
0.000000
0.000000
0.000000
0.000000
0.005870
0.000000
0.000000
0.000000
0.000000
0.000000
0.021298
0.000000
0.120532
0.000000
0.000000
0.000000
0.000000
0.000000
0.000000
0.000000
0.029519
0.000000
0.000000
0.000000
0.030729
0.000000
0.009597
0.000000
0.000000
0.137355
0.001426
0.000000
0.000000
0.000000
0.061238
0.058566
0.076793
0.000000
0.000000
0.000000
0.000000
0.000000
0.065049
0.000000
0.000000
0.000000
0.000000
0.064471
0.060992
0.061410
0.115427
0.001986
0.000000
0.000000
0.000000
0.000000
0.000000
0.000000
0.000000
0.000000
0.000000
0.000000
0.000000
0.000000
0.122833
0.187499
0.049763
0.254983
0.000000
0.000000
0.000000
0.000000
0.000000
0.000000
0.000000
0.000000
0.000000
0.019648
0.062054
0.000000
0.000000
0.085130
0.000000
0.000000
0.000000
0.000000
0.000000
0.000000
0.000000
0.000000
0.000000
0.000000
0.038946
0.000000
0.000000
0.076020
0.000000
0.000000
0.000000
0.000000
0.000000
0.000000
0.059986
0.030152
0.000000
0.000000
0.000000
0.000000
0.000000
0.000000
0.000000
0.003851
0.000000
0.191158
0.025623
0.046139
0.000338
0.000000
0.000000
0.000000
0.000000
0.000000
0.000000
0.000000
0.000000
0.000000
0.000000
0.000000
0.000000
0.000000
0.000000
0.000000
0.000000
0.168527
0.000000
0.000000
0.000000
0.000000
0.000000
0.000000
0.000000
0.154844
0.000000
0.000000
0.000000
0.000000
0.000000
0.000000
0.000000
0.038108
0.000000
0.046724
0.000000
0.000000
0.000000
0.000000
0.000000
0.094219
0.007523
0.000000
0.000000
0.000192
0.000000
0.000000
0.000000
0.000000
0.000000
0.018536
0.010341
0.020265
0.000000
0.000000
0.044121
0.000000
0.000000
0.066209
0.000000
0.000000
0.000000
0.000000
0.000000
0.000000
0.000000
0.000000
0.046580
0.000000
0.000000
0.000000
0.000000
0.000000
0.000000
0.000000
0.000000
0.000000
0.000000
0.000000
0.000000
0.000000
0.000000
0.000000
0.000000
0.000000
0.000000
0.000000
0.000000
0.000000
0.000000
0.004311
0.000000
0.000000
0.000000
0.000000
0.000000
0.101066
0.027633
0.067318
0.048069
0.002432
0.064764
0.000000
0.000000
0.000000
0.000000
0.061116
0.054382
0.000000
0.000000
0.009789
0.000000
0.000000
0.000000
0.000000
0.000000
0.000000
0.109070
0.056690
0.004448
0.000000
0.056306
0.000000
0.000000
0.000000
0.000000
0.000000
0.001876
0.000000
0.054366
0.033272
0.149593
0.019670
0.025811
0.033880
0.000000
0.000000
0.000000
0.000000
0.000000
0.019189
0.063576
0.000000
0.000000
0.000000
0.000000
0.000000
0.000000
0.003442
0.000000
0.000000
0.000000
0.006395
0.000000
0.000000
0.081279
0.177665
0.045741
0.096257
0.065496
0.059150
0.044634
0.017827
0.033219
0.000000
0.000000
0.039615
0.004320
0.000000
0.000000
0.173500
0.000000
0.006661
0.000000
0.000000
0.071697
0.056769
0.012263
0.010949
0.000000
0.000000
0.024657
0.000000
0.000000
0.000000
0.000000
0.000000
0.033159
0.000000
0.000000
0.000000
0.018804
0.000000
0.000000
0.007693
0.005673
0.000000
0.010863
0.000000
0.087802
0.044161
0.003837
0.000000
0.019325
0.000000
0.000000
0.062514
0.000000
0.000000
0.000000
0.000000
0.000000
0.000000
0.021809
0.000000
0.000000
0.000000
0.000000
0.010561
0.000000
0.000000
0.000000
0.000000
0.000000
0.000000
0.000000
0.000000
0.059892
0.026726
0.000000
0.000000
0.000000
0.000000
0.000000
0.000000
0.000000
0.000000
0.000000
0.000000
0.000000
0.000000
0.020148
0.000000
0.000000
0.000000
0.000000
0.000000
0.000000
0.000000
0.000000
0.000000
0.000000
0.000000
0.000000
0.000000
0.000000
0.000000
0.062221
0.000000
0.000000
0.000000
0.000000
0.001387
0.018156
0.043463
0.000000
0.000000
0.000000
0.000000
0.000000
0.093862
0.000000
0.005157
0.000000
0.008589
0.000000
0.000000
0.136405
0.000000
0.000000
0.000000
0.000000
0.000000
0.000000
0.000000
0.000000
0.032647
0.000000
0.000000
0.000000
0.000000
0.000000
0.000000
0.000000
0.000000
0.000000
0.000000
0.000000
0.000000
0.000000
0.000000
0.000000
0.000000
0.000000
0.000000
0.000000
0.000000
0.000000
0.000000
0.000000
0.000000
0.000000
0.000000
0.000000
0.000000
0.000000
0.000000
0.087290
0.010453
0.000000
0.000000
0.000000
0.000000
0.000000
0.000000
0.000000
0.031687
0.085216
0.057608
0.067614
0.017243
0.004055
0.000000
0.021771
0.038479
0.000000
0.000000
0.000000
0.000000
0.000000
0.000000
0.000000
0.000000
0.000000
0.000000
0.010766
0.000000
0.000000
0.000000
0.057359
0.017182
0.000000
0.000000
0.041969
0.027247
0.000000
0.000000
0.021120
0.000000
0.000000
0.000000
0.000000
0.000000
0.000000
0.062319
0.082267
0.000000
0.019112
0.000000
0.000000
0.000000
0.035858
0.006437
0.000000
0.000000
0.000000
0.000000
0.000000
0.000000
0.004956
0.000000
0.000000
0.000000
0.000000
0.078307
0.000000
0.000000
0.000000
0.000000
0.000000
0.000000
0.028157
0.000000
0.000000
0.000000
0.000000
0.000000
0.000000
0.031791
0.001644
0.160432
0.000000
0.000000
0.000000
0.010690
0.000000
0.000000
0.000000
0.000000
0.000000
0.010845
0.000000
0.000000
0.042276
0.000000
0.000000
0.000000
0.000000
0.000000
0.000000
0.000000
0.000000
0.000000
0.000000
0.000000
0.000000
0.000000
0.000000
0.000000
0.000000
0.000000
0.000000
0.000000
0.000000
0.000000
0.006457
0.000000
0.000000
0.015006
0.072594
0.015171
0.000000
0.061800
0.000000
0.000000
0.000000
0.000000
0.155766
0.025652
0.000000
0.013173
0.006634
0.000000
0.094290
0.007532
0.011436
0.000000
0.000000
0.000000
0.000000
0.021369
0.000000
0.000000
0.000000
0.102199
0.108846
0.000000
0.000000
0.000000
0.000000
0.000000
0.000000
0.000000
0.000000
0.035122
0.000000
0.000000
0.000000
0.021407
0.000000
0.000000
0.000000
0.000000
0.014307
0.000000
0.000000
0.000000
0.000000
0.008140
0.000000
0.000000
0.003709
0.013026
0.000000
0.020193
0.025450
0.000000
0.000000
0.000000
0.044707
0.000000
0.000000
0.007179
0.000000
0.014849
0.000000
0.000000
0.044922
0.000000
0.000000
0.000000
0.083724
0.000000
0.000000
0.000000
0.000000
0.000000
0.000000
0.067984
0.000000
0.000000
0.000000
0.000000
0.000000
0.000000
0.063311
0.000000
0.000000
0.000000
0.000000
0.000000
0.032768
0.000000
0.000000
0.000000
0.000000
0.000000
0.000168
0.075891
0.000000
0.000000
0.000000
0.000000
0.011220
0.032810
0.000000
0.000000
0.000000
0.000000
0.000000
0.000000
0.018158
0.000000
0.000000
0.004248
0.005462
0.109386
0.025181
0.024187
0.067386
0.000000
0.016032
0.000000
0.000000
0.000000
0.000000
0.000000
0.000000
0.000000
0.000000
0.000000
0.000000
0.000000
0.000000
0.000000
0.000000
0.000000
0.000000
0.000000
0.000000
0.000000
0.000000
0.000000
0.000000
0.000000
0.014720
0.004316
0.000000
0.000000
0.161871
0.000000
0.000000
0.000000
0.000000
0.000000
0.000000
0.000000
0.000000
0.000000
0.000000
0.000000
0.017308
0.000000
0.000000
0.000000
0.000000
0.000000
0.000000
0.000000
0.000000
0.000000
0.063474
0.000000
0.000000
0.000000
0.000000
0.000000
0.000000
0.139741
0.099481
0.000000
0.046905
0.000000
0.000000
0.000000
0.000000
0.000000
0.022518
0.000000
0.000000
0.000000
0.000000
0.000000
0.000000
0.000000
0.000000
0.012751
0.000000
0.000000
0.000000
0.000000
0.000000
0.000000
0.000000
0.000000
0.002415
0.128822
0.000000
0.000000
0.000000
0.022385
0.000000
0.000000
0.000000
0.000000
0.000000
0.000000
0.000000
0.000000
0.000000
0.000000
0.000000
0.000000
0.000000
0.001074
0.000000
0.000000
0.050501
0.173905
0.004864
0.089796
0.009304
0.000000
0.000000
0.055477
0.000000
0.000000
0.000000
0.039739
0.000000
0.000000
0.000000
0.000000
0.000000
0.142645
0.136017
0.006618
0.000000
0.000000
0.000000
0.012353
0.000000
0.000000
0.000000
0.000000
0.000000
0.100544
0.013769
0.000000
0.000000
0.000000
0.000000
0.000000
0.002821
0.148777
0.011170
0.000000
0.000000
0.001046
0.000000
0.000000
0.000000
0.000000
0.000000
0.000000
0.041819
0.000000
0.000000
0.000000
0.007439
0.000000
0.000000
0.000000
0.005418
0.000000
0.000000
0.005509
0.000000
0.000000
0.074615
0.000000
0.000000
0.000000
0.016288
0.030118
0.000000
0.000000
0.000000
0.000000
0.000000
0.000000
0.077829
0.000000
0.022285
0.000000
0.000000
0.000000
0.000000
0.000000
0.136449
0.010423
0.000000
0.000000
0.000000
0.000000
0.000000
0.000000
0.060233
0.067829
0.008298
0.000000
0.000000
0.000000
0.000000
0.058108
0.000000
0.000000
0.000000
0.002571
0.000000
0.000000
0.000000
0.000000
0.000000
0.000000
0.057267
0.011970
0.007565
0.000000
0.017435
0.028047
0.000000
0.000000
0.000000
0.064733
0.110671
0.000000
0.000000
0.000000
0.000000
0.000000
0.000000
0.000000
0.004905
0.000000
0.000000
0.000000
0.000000
0.005923
0.023729
0.015173
0.000000
0.000000
0.000000
0.000000
0.020323
0.000000
0.000000
0.000000
0.028556
0.092168
0.000000
0.000000
0.000000
0.000000
0.000000
0.000000
0.012722
0.092613
0.001881
0.000000
0.000000
0.000000
0.000000
0.054961
0.000000
0.000000
0.000000
0.000000
0.000000
0.000000
0.000000
0.000000
0.041525
0.000000
0.000000
0.000000
0.000000
0.000000
0.066686
0.140056
0.000000
0.000000
0.000000
0.000000
0.000000
0.000000
0.000000
0.000000
0.000482
0.000000
0.000000
0.000000
0.000000
0.000000
0.000000
0.000000
0.000000
0.000000
0.000000
0.000000
0.000000
0.000000
0.000000
0.000000
0.000000
0.000000
0.000000
0.044777
0.000000
0.000000
0.000000
0.000000
0.027785
0.105125
0.028122
0.057040
0.011849
0.000000
0.000000
0.000000
0.000000
0.000000
0.000000
0.000000
0.000000
0.000000
0.000000
0.000000
0.000000
0.000000
0.000000
0.019296
0.000000
0.000000
0.000000
0.000000
0.106753
0.111562
0.000000
0.000000
0.007124
0.000000
0.000000
0.000000
0.000000
0.000000
0.000000
0.000000
0.024992
0.000000
0.000000
0.000000
0.000000
0.000000
0.000000
0.000000
0.000000
0.027914
0.000000
0.000000
0.000000
0.013429
0.007767
0.000000
0.009048
0.000000
0.019665
0.000000
0.000000
0.000000
0.057196
0.040079
0.009642
0.000000
0.000000
0.156262
0.004643
0.000000
0.072701
0.014485
0.000000
0.000000
0.000000
0.147232
0.015978
0.000000
0.000000
0.000000
0.000000
0.000000
0.000000
0.000000
0.000000
0.000000
0.000000
0.000000
0.000000
0.000000
0.000000
0.000000
0.061284
0.028030
0.000000
0.000000
0.000000
0.000000
0.000000
0.000000
0.031963
0.000000
0.000000
0.000000
0.003163
0.000000
0.000000
0.000000
0.003391
0.000000
0.000000
0.000000
0.000000
0.000000
0.017315
0.000000
0.000000
0.000000
0.000000
0.000000
0.000000
0.000000
0.000000
0.000000
0.000000
0.017493
0.000000
0.079499
0.045435
0.026984
0.006955
0.001295
0.000000
0.056645
0.000000
0.000000
0.000000
0.000000
0.000000
0.000000
0.000000
0.000000
0.000000
0.061036
0.068434
0.006878
0.000000
0.000000
0.000000
0.000000
0.086537
0.000000
0.020680
0.000000
0.029581
0.137948
0.045902
0.000000
0.000000
0.000000
0.000000
0.070750
0.068056
0.000000
0.000000
0.000000
0.000000
0.000000
0.000000
0.000000
0.000000
0.012529
0.006826
0.000000
0.032330
0.126271
0.013348
0.006732
0.052090
0.000000
0.055709
0.000000
0.000000
0.029837
0.053717
0.000000
0.000000
0.000000
0.103853
0.000000
0.000000
0.000000
0.000000
0.000000
0.002775
0.022350
0.000000
0.084865
0.000000
0.035281
0.000000
0.000000
0.137570
0.000000
0.000000
0.000000
0.000000
0.021595
0.000000
0.000000
0.000000
0.000000
0.000000
0.000000
0.024261
0.000000
0.073067
0.000000
0.000000
0.012184
0.000000
0.000000
0.069759
0.009314
0.014376
0.174690
0.042054
0.057919
0.000000
0.082849
0.106324
0.000000
0.000000
0.000000
0.000000
0.000000
0.000000
0.020589
0.000000
0.000000
0.000000
0.000000
0.000000
0.000000
0.000000
0.011086
0.000000
0.000000
0.000000
0.000000
0.000000
0.000000
0.000000
0.034669
0.000000
0.110444
0.014669
0.036080
0.000000
0.000000
0.000000
0.000000
0.000000
0.000000
0.000000
0.000000
0.000000
0.000000
0.000000
0.000000
0.000000
0.000000
0.000000
0.000000
0.000000
0.000000
0.026973
0.047766
0.140208
0.005204
0.007430
0.139772
0.024773
0.112244
0.000000
0.002102
0.000000
0.000000
0.000000
0.000000
0.000000
0.000000
0.028836
0.000000
0.000000
0.000000
0.000000
0.000000
0.000000
0.000000
0.007096
0.120336
0.000000
0.000000
0.000000
0.000000
0.000000
0.000000
0.036606
0.000000
0.000000
0.000000
0.000000
0.027520
0.028774
0.000000
0.000000
0.025545
0.000000
0.000000
0.000000
0.000000
0.000000
0.000000
0.000000
0.000000
0.000000
0.000000
0.000000
0.000000
0.000000
0.000000
0.000948
0.000000
0.000000
0.000000
0.017362
0.000000
0.000000
0.000000
0.000000
0.000000
0.000000
0.000000
0.000000
0.000000
0.048959
0.008573
0.019723
0.000000
0.017297
0.000000
0.099038
0.000000
0.088054
0.044478
0.004261
0.010395
0.000000
0.000000
0.000000
0.047820
0.117968
0.111101
0.011156
0.009641
0.000000
0.000000
0.000000
0.052058
0.074064
0.083917
0.130206
0.013482
0.000000
0.000000
0.000000
0.000000
0.011720
0.000000
0.000000
0.000000
0.000000
0.000000
0.004198
0.000000
0.000000
0.000000
0.000000
0.000000
0.000000
0.000000
0.000000
0.005660
0.180891
0.000000
0.034281
0.005011
0.000000
0.000000
0.063061
0.000000
0.000000
0.000000
0.000000
0.046282
0.016402
0.000000
0.000000
0.000000
0.029811
0.010799
0.000000
0.000000
0.000000
0.000000
0.000000
0.000000
0.000000
0.088433
0.033669
0.000000
0.000000
0.000000
0.000000
0.000000
0.000000
0.000000
0.065068
0.000000
0.000000
0.000000
0.000000
0.013087
0.000000
0.000000
0.000000
0.000000
0.000000
0.000000
0.000000
0.000000
0.000000
0.028647
0.000000
0.000000
0.000000
0.000000
0.011994
0.000000
0.000000
0.000000
0.000000
0.000000
0.000000
0.000000
0.000000
0.000000
0.000000
0.002718
0.000000
0.000000
0.030010
0.000000
0.000000
0.000000
0.000351
0.000000
0.005132
0.000000
0.010530
0.000000
0.000000
0.000000
0.000000
0.010637
0.000000
0.004957
0.000000
0.000000
0.000915
0.000000
0.203832
0.000000
0.000000
0.000000
0.028761
0.126849
0.044411
0.000000
0.008970
0.000000
0.000000
0.000000
0.061602
0.000000
0.000000
0.000000
0.011135
0.012377
0.000000
0.000000
0.000000
0.000000
0.000000
0.000000
0.000000
0.000000
0.000000
0.000000
0.000000
0.068785
0.042871
0.000000
0.000000
0.000000
0.072869
0.000000
0.000000
0.000000
0.000000
0.000000
0.000000
0.000000
0.000000
0.000000
0.000000
0.000000
0.000000
0.009024
0.000000
0.000000
0.003787
0.089590
0.000000
0.000000
0.016070
0.000000
0.000000
0.000000
0.000000
0.037708
0.000000
0.012293
0.000000
0.001354
0.000000
0.000000
0.000000
0.000000
0.029252
0.000000
0.000000
0.000000
0.000000
0.000000
0.026737
0.000000
0.000000
0.000000
0.146048
0.000000
0.000000
0.000000
0.000000
0.000000
0.000000
0.000000
0.165530
0.010934
0.000000
0.016022
0.000000
0.000000
0.000000
0.000000
0.000000
0.000000
0.000000
0.000000
0.000000
0.000000
0.000000
0.000000
0.023035
0.009862
0.000000
0.114451
0.049349
0.056365
0.000000
0.000000
0.043834
0.000000
0.000000
0.000000
0.000000
0.014877
0.081246
0.034881
0.077030
0.010809
0.000000
0.000000
0.003027
0.000000
0.024517
0.000000
0.000000
0.000000
0.000000
0.000000
0.132504
0.197360
0.036694
0.000000
0.000000
0.000000
0.000000
0.000000
0.059810
0.000000
0.013171
0.000000
0.000000
0.000000
0.004422
0.000000
0.013322
0.026377
0.021893
0.000000
0.028716
0.000000
0.000000
0.000000
0.009791
0.000000
0.000000
0.000000
0.000000
0.000000
0.000000
0.108261
0.000000
0.000000
0.124644
0.072809
0.000000
0.000000
0.000000
0.142559
0.029491
0.000000
0.000000
0.000000
0.000000
0.000000
0.000000
0.007964
0.000000
0.000000
0.000000
0.000000
0.000000
0.000000
0.000000
0.086568
0.000000
0.000000
0.000000
0.000000
0.000000
0.000000
0.000000
0.000000
0.000000
0.000000
0.065656
0.033590
0.000000
0.000000
0.010922
0.000000
0.000000
0.000000
0.039895
0.000000
0.000000
0.000000
0.046461
0.006578
0.000000
0.000000
0.000000
0.000000
0.000000
0.000000
0.052577
0.000000
0.000000
0.000000
0.000000
0.000000
0.000000
0.010442
0.000000
0.000000
0.000000
0.000000
0.000000
0.000000
0.000000
0.000000
0.000000
0.052439
0.014738
0.000000
0.000000
0.000000
0.000000
0.000000
0.000000
0.000000
0.000000
0.000000
0.000000
0.000000
0.000000
0.000000
0.000000
0.038622
0.044900
0.000000
0.000000
0.000000
0.000000
0.046631
0.193995
0.027045
0.000000
0.000000
0.000000
0.000000
0.000000
0.130317
0.163427
0.028623
0.158187
0.000000
0.019447
0.000000
0.000000
0.000000
0.000000
0.000000
0.042307
0.000000
0.000000
0.122129
0.000000
0.000000
0.000000
0.000000
0.033123
0.027178
0.008490
0.000000
0.000000
0.000000
0.000000
0.000000
0.000000
0.206266
0.314786
0.007214
0.000000
0.064970
0.159733
0.011682
0.000000
0.000000
0.030892
0.000000
0.000000
0.000000
0.038197
0.014660
0.063157
0.000817
0.000000
0.061372
0.031035
0.026548
0.018542
0.008212
0.000000
0.000000
0.000000
0.000000
0.000000
0.000000
0.059269
0.000000
0.000000
0.000000
0.081804
0.090675
0.074401
0.000000
0.000000
0.013759
0.000000
0.000000
0.000000
0.150978
0.000000
0.000000
0.000000
0.000000
0.000000
0.076323
0.000000
0.000000
0.000000
0.000000
0.000000
0.000000
0.000000
0.033587
0.040287
0.000000
0.036871
0.000000
0.000000
0.040506
0.000000
0.000000
0.000000
0.075849
0.029806
0.000000
0.176511
0.000000
0.000000
0.000000
0.000000
0.101624
0.080494
0.000000
0.056485
0.000000
0.023619
0.000000
0.000000
0.000000
0.000000
0.000000
0.000000
0.000000
0.000000
0.074420
0.034881
0.000000
0.000000
0.000000
0.000000
0.000000
0.000000
0.000000
0.078855
0.000000
0.000000
0.000000
0.034750
0.000000
0.000000
0.000000
0.032722
0.000000
0.000000
0.000000
0.000000
0.000000
0.000000
0.000000
0.000000
0.000000
0.000000
0.000000
0.001697
0.000000
0.059261
0.000000
0.000000
0.000000
0.000000
0.000000
0.000000
0.000000
0.000000
0.000000
0.000000
0.210797
0.069395
0.050426
0.002978
0.000000
0.000000
0.000000
0.000000
0.095492
0.028662
0.150551
0.075212
0.000000
0.000000
0.000000
0.000000
0.038419
0.019671
0.000000
0.000000
0.000000
0.000000
0.000000
0.000000
0.000000
0.000000
0.013255
0.000000
0.000000
0.000000
0.000000
0.009054
0.002199
0.000000
0.012281
0.000000
0.000000
0.000915
0.000000
0.000000
0.012031
0.022782
0.015801
0.020185
0.000000
0.000000
0.000000
0.000000
0.000000
0.000000
0.000000
0.000000
0.004986
0.000000
0.000000
0.000000
0.012198
0.079402
0.000000
0.000000
0.000000
0.000000
0.000000
0.000000
0.000000
0.017075
0.000000
0.000000
0.000000
0.053755
0.007857
0.143937
0.021855
0.000000
0.045254
0.000000
0.000000
0.000000
0.000000
0.000000
0.000000
0.009177
0.000000
0.000000
0.000000
0.000000
0.055557
0.000000
0.000000
0.000000
0.000000
0.040787
0.025776
0.000000
0.000000
0.207901
0.003186
0.035781
0.000000
0.000000
0.011161
0.000000
0.000000
0.000000
0.000000
0.000000
0.015075
0.033440
0.000000
0.000000
0.000000
0.000000
0.014438
0.000012
0.000000
0.000000
0.000000
0.000000
0.000000
0.000000
0.000000
0.000000
0.000000
0.000000
0.000000
0.000000
0.000000
0.007728
0.085607
0.049476
0.000000
0.000000
0.061285
0.000000
0.086132
0.008675
0.000000
0.144858
0.045978
0.005516
0.000000
0.000000
0.008952
0.000000
0.038438
0.060329
0.023660
0.000000
0.020535
0.000000
0.000000
0.000000
0.000000
0.000000
0.065826
0.000000
0.009430
0.000000
0.000000
0.018708
0.046765
0.090399
0.039740
0.000000
0.000000
0.003508
0.000000
0.000000
0.000000
0.000000
0.000000
0.070876
0.000000
0.000000
0.112579
0.006480
0.056418
0.167069
0.060156
0.000000
0.000000
0.009416
0.000000
0.000000
0.000000
0.223886
0.037713
0.016432
0.000000
0.163169
0.039549
0.048899
0.086916
0.020004
0.041133
0.025277
0.020343
0.000000
0.000000
0.000000
0.054881
0.142470
0.053313
0.030363
0.088479
0.106483
0.085842
0.242076
0.042121
0.033379
0.080051
0.026078
0.000000
0.000000
0.116307
0.050589
0.059801
0.030607
0.000000
0.000000
0.000000
0.020739
0.000000
0.000000
0.000000
0.018172
0.000854
0.022250
0.000129
0.076364
0.056052
0.000000
0.129128
0.000000
0.000000
0.000000
0.000000
0.000000
0.000000
0.000000
0.000000
0.000000
0.071071
0.000000
0.000000
0.000000
0.000000
0.000000
0.000000
0.000000
0.000000
0.001581
0.000000
0.005047
0.000000
0.000000
0.000000
0.156495
0.034945
0.026441
0.139356
0.135983
0.008658
0.000000
0.000000
0.010215
0.000000
0.000711
0.000000
0.000000
0.000000
0.000874
0.000000
0.000000
0.000000
0.000000
0.000000
0.000000
0.000000
0.000000
0.000000
0.000000
0.005986
0.000000
0.094839
0.080862
0.000000
0.000000
0.000000
0.000000
0.046374
0.000000
0.000000
0.000000
0.035926
0.000000
0.000000
0.000000
0.000000
0.000000
0.000000
0.000000
0.000000
0.028778
0.000000
0.000000
0.000000
0.000000
0.000000
0.000000
0.108413
0.000000
0.013379
0.000000
0.033704
0.038532
0.083123
0.000000
0.000000
0.000000
0.145998
0.003648
0.119103
0.083704
0.061270
0.129826
0.010882
0.093005
0.018245
0.013414
0.053979
0.092837
0.006424
0.000000
0.000000
0.000000
0.000000
0.000000
0.000000
0.000000
0.000000
0.000000
0.000000
0.000000
0.000000
0.023707
0.000000
0.000000
0.007189
0.020850
0.000000
0.000000
0.016601
0.000000
0.320729
0.056728
0.000000
0.000000
0.000000
0.022211
0.000000
0.000000
0.007598
0.000000
0.000000
0.000000
0.000000
0.014895
0.000000
0.018864
0.000000
0.077766
0.000000
0.068119
0.059852
0.033857
0.055490
0.045176
0.038372
0.000000
0.000000
0.000000
0.000000
0.135000
0.028837
0.013362
0.000000
0.000000
0.000000
0.176657
0.025048
0.049338
0.012222
0.000000
0.000000
0.000340
0.009434
0.176445
0.016182
0.128183
0.002536
0.229794
0.034098
0.002940
0.000000
0.093387
0.001724
0.000000
0.014835
0.000000
0.000000
0.032132
0.166957
0.036731
0.000000
0.000000
0.000000
0.011072
0.108651
0.037682
0.011195
0.000000
0.000000
0.000000
0.000000
0.254144
0.037697
0.013248
0.049866
0.058879
0.000000
0.000000
0.000000
0.000000
0.028099
0.000000
0.000000
0.000000
0.000000
0.025439
0.000000
0.007044
0.000000
0.000000
0.000000
0.000000
0.000000
0.000000
0.000000
0.000563
0.000000
0.001522
0.033055
0.000000
0.000000
0.000000
0.000000
0.000000
0.000000
0.000000
0.026430
0.000000
0.000000
0.000000
0.049480
0.026711
0.000000
0.000000
0.000000
0.000000
0.000000
0.000000
0.026277
0.020874
0.000000
0.000000
0.000000
0.000000
0.052305
0.000000
0.081875
0.000000
0.155466
0.129152
0.148229
0.023134
0.058020
0.077146
0.038575
0.000000
0.000000
0.000000
0.000000
0.000000
0.000000
0.000000
0.000000
0.040241
0.000000
0.057902
0.006584
0.000000
0.000000
0.052574
0.000000
0.000000
0.010801
0.000000
0.000000
0.000000
0.050059
0.085542
0.012600
0.000000
0.074104
0.000000
0.101298
0.032055
0.000000
0.000000
0.000000
0.000000
0.000000
0.043667
0.000000
0.000000
0.000000
0.002684
0.000000
0.000000
0.022330
0.000000
0.000000
0.000000
0.000000
0.000000
0.010503
0.000000
0.036712
0.076347
0.000000
0.000000
0.000000
0.000000
0.030022
0.000000
0.000000
0.000000
0.000000
0.000000
0.127923
0.057214
0.077110
0.043690
0.027323
0.016585
0.000000
0.109419
0.010195
0.006144
0.000000
0.000000
0.000000
0.000000
0.013595
0.045655
0.000000
0.000000
0.000000
0.004235
0.000000
0.000000
0.000000
0.000000
0.123270
0.096278
0.110370
0.052809
0.000000
0.000000
0.000000
0.000000
0.000000
0.000000
0.000000
0.000000
0.000000
0.000000
0.000000
0.006171
0.115299
0.000000
0.000000
0.000000
0.000000
0.000000
0.000000
0.051167
0.000000
0.000000
0.077165
0.094511
0.000850
0.000000
0.000000
0.000000
0.000000
0.000000
0.000000
0.000000
0.024548
0.000000
0.000000
0.000000
0.000000
0.000000
0.000000
0.096370
0.017763
0.005481
0.000000
0.053449
0.000000
0.026320
0.000000
0.000000
0.000000
0.003746
0.000000
0.000000
0.005100
0.000000
0.000000
0.000000
0.000000
0.000000
0.000000
0.018422
0.000000
0.000000
0.000000
0.051299
0.135679
0.088072
0.041725
0.000000
0.040657
0.000000
0.000000
0.000000
0.000000
0.000000
0.000000
0.000000
0.000000
0.000000
0.000000
0.000000
0.000000
0.000000
0.000000
0.023751
0.106721
0.109020
0.024457
0.020626
0.039542
0.000000
0.000000
0.000000
0.000000
0.071244
0.029849
0.099033
0.000000
0.000000
0.099122
0.009585
0.016864
0.000000
0.000000
0.037530
0.000000
0.000000
0.000000
0.156061
0.036020
0.032464
0.000000
0.000000
0.000000
0.021928
0.000000
0.000000
0.000000
0.005314
0.018522
0.000000
0.122425
0.000000
0.000000
0.000000
0.000000
