0.028496
0.004110
0.007411
0.015842
0.008966
0.012674
0.100487
0.009963
0.004924
0.006116
0.004126
0.028903
0.127052
0.042915
0.009062
0.082907
0.022722
0.118027
0.007948
0.065686
0.003324
0.081790
0.014547
0.015583
0.020377
0.045607
0.043095
0.026713
0.016843
0.224687
0.175946
0.087065
0.017500
0.032993
0.013764
0.005054
0.026480
0.046014
0.119946
0.103992
0.003193
0.000222
0.031720
0.075388
0.029336
0.053319
0.019183
0.066800
0.059024
0.187563
0.013393
0.001048
0.006066
0.020906
0.001119
0.002953
0.007826
0.021776
0.084232
0.015809
0.033647
0.089049
0.085353
0.104137
0.005682
0.097982
0.040609
0.075719
0.060250
0.018139
0.059671
0.049131
0.014327
0.051148
0.045878
0.091272
0.015077
0.012519
0.055769
0.002030
0.010467
0.074604
0.150473
0.053003
0.054459
0.019692
0.050223
0.103052
0.060830
0.090940
0.060804
0.045393
0.019150
0.005762
0.077876
0.056231
0.111144
0.041988
0.107574
0.086963
0.086506
0.116581
0.016265
0.005669
0.007774
0.114742
0.031173
0.035017
0.006769
0.012904
0.012763
0.018156
0.080323
0.007727
0.007584
0.020878
0.076055
0.027404
0.055183
0.030523
0.064790
0.008491
0.139078
0.026889
0.002732
0.042846
0.183571
0.055063
0.013344
0.025333
0.016208
0.004372
0.000533
0.018558
0.072426
0.080436
0.076900
0.016541
0.031691
0.016534
0.004196
0.014569
0.020500
0.067961
0.028256
0.116158
0.037414
0.002176
0.036089
0.000671
0.034234
0.046608
0.089062
0.024372
0.088787
0.004299
0.020733
0.051845
0.099877
0.081154
0.019784
0.023447
0.018194
0.030921
0.001110
0.197843
0.091541
0.146781
0.045735
0.044281
0.106705
0.018307
0.002223
0.034807
0.048075
0.010698
0.045384
0.093460
0.005411
0.048637
0.023995
0.058453
0.061145
0.001507
0.087869
0.059835
0.067226
0.049637
0.037581
0.016443
0.008662
0.028279
0.008738
0.003857
0.000119
0.021251
0.008864
0.012397
0.003547
0.036141
0.132034
0.057610
0.072069
0.003495
0.017825
0.081165
0.010889
0.042832
0.009745
0.002264
0.008057
0.034113
0.049412
0.018982
0.014081
0.049657
0.042036
0.068390
0.021891
0.027181
0.019661
0.015647
0.007133
0.011730
0.002996
0.031454
0.016294
0.031401
0.028939
0.042674
0.003190
0.032412
0.015322
0.040592
0.161275
0.070933
0.117894
0.044524
0.036223
0.045409
0.142150
0.016412
0.011351
0.000658
0.023426
0.141941
0.049626
0.062301
0.012498
0.063088
0.033040
0.041400
0.176092
0.123733
0.037642
0.042637
0.012326
0.007957
0.124060
0.009564
0.079809
0.012241
0.006789
0.082347
0.014667
0.050418
0.021073
0.043004
0.022786
0.000213
0.065730
0.021557
0.036554
0.160444
0.057427
0.117372
0.047748
0.040096
0.037187
0.055769
0.004130
0.027741
0.092048
0.082625
0.063958
0.024696
0.092586
0.039960
0.006158
0.020365
0.042941
0.029619
0.034154
0.146597
0.131455
0.089869
0.181823
0.077442
0.013610
0.027929
0.027518
0.058190
0.019057
0.010698
0.068986
0.006157
0.118541
0.025272
0.020484
0.001980
0.039614
0.030418
0.135044
0.094237
0.064334
0.000797
0.104466
0.006107
0.081441
0.077604
0.034122
0.103560
0.078562
0.035107
0.010886
0.010264
0.021734
0.029440
0.034387
0.192359
0.025237
0.042208
0.096028
0.230691
0.227175
0.222244
0.162224
0.026031
0.007966
0.004852
0.138434
0.063062
0.018703
0.069588
0.060125
0.019447
0.018874
0.176646
0.265058
0.220966
0.129875
0.041257
0.039200
0.013398
0.180916
0.142251
0.091973
0.114502
0.268573
0.244306
0.238055
0.276183
0.192185
0.125733
0.198558
0.173248
0.108660
0.066273
0.048393
0.005925
0.004691
0.037920
0.024183
0.036346
0.029690
0.013766
0.009699
0.042749
0.025346
0.016203
0.054974
0.035729
0.003147
0.073617
0.003881
0.035932
0.025825
0.082270
0.011905
0.000385
0.007489
0.072552
0.056278
0.008806
0.110427
0.109209
0.018795
0.111776
0.038661
0.010739
0.018799
0.007589
0.001236
0.105644
0.013273
0.027047
0.000608
0.018724
0.072485
0.075913
0.079781
0.070354
0.021996
0.020715
0.089178
0.139819
0.068258
0.027778
0.013857
0.047857
0.036450
0.041229
0.062072
0.044937
0.102878
0.019737
0.005645
0.061081
0.036943
0.016208
0.012746
0.097734
0.006684
0.001280
0.001287
0.129582
0.019419
0.046464
0.066277
0.160426
0.101066
0.101047
0.010550
0.095569
0.040299
0.066490
0.081974
0.012187
0.002281
0.019342
0.037046
0.004103
0.082232
0.041762
0.039145
0.005014
0.034809
0.021728
0.021444
0.005224
0.030485
0.093540
0.171472
0.077755
0.029087
0.127764
0.089961
0.094523
0.022646
0.084114
0.052280
0.080600
0.001674
0.031851
0.018785
0.003773
0.025719
0.020852
0.119124
0.055349
0.004894
0.009072
0.008504
0.029440
0.015219
0.042134
0.002825
0.011443
0.066021
0.040688
0.068142
0.025276
0.027210
0.002806
0.006877
0.016407
0.036904
0.047626
0.219570
0.013578
0.030863
0.025944
0.153524
0.004077
0.109198
0.048340
0.065760
0.083601
0.061736
0.027444
0.138265
0.120930
0.193743
0.088917
0.129819
0.100995
0.142129
0.117388
0.077571
0.142247
0.063896
0.420113
0.418646
0.372476
0.155016
0.392106
0.560614
0.685420
0.751480
0.538103
0.476142
0.320596
0.337147
0.237488
0.204578
0.054106
0.054106
0.036032
0.108485
0.059002
0.010186
0.102504
0.042061
0.042362
0.018488
0.062226
0.033635
0.037831
0.075132
0.109468
0.020094
0.019811
0.254994
0.323018
0.371336
0.178785
0.015959
0.020134
0.037697
0.010763
0.025256
0.020958
0.014357
0.073372
0.005450
0.017717
0.030309
0.002153
0.008822
0.044722
0.004785
0.012882
0.038978
0.011422
0.021755
0.016344
0.034437
0.032430
0.024162
0.017853
0.043047
0.027587
0.021480
0.016346
0.000145
0.017063
0.014663
0.033408
0.050603
0.028369
0.101703
0.022544
0.004537
0.053388
0.008514
0.001698
0.078323
0.044987
0.041072
0.020740
0.267839
0.076449
0.067961
0.081043
0.003827
0.041372
0.002661
0.012252
0.001141
0.019432
0.000770
0.010756
0.001198
0.025548
0.010380
0.006804
0.006665
0.035360
0.002147
0.000954
0.066416
0.013745
0.087565
0.043109
0.059739
0.094769
0.004429
0.098655
0.025784
0.055226
0.024362
0.017579
0.018365
0.009712
0.017316
0.009161
0.023108
0.062540
0.151450
0.056409
0.040840
0.022161
0.055442
0.150612
0.119455
0.001976
0.099828
0.048810
0.025598
0.091175
0.068888
0.081567
0.005006
0.020224
0.007457
0.090783
0.027861
0.006632
0.070507
0.043192
0.049918
0.044272
0.024474
0.016495
0.011318
0.004348
0.054777
0.044690
0.112419
0.002485
0.013794
0.000508
0.110750
0.071601
0.035332
0.070064
0.163498
0.108595
0.317066
0.067645
0.044745
0.016425
0.069229
0.001878
0.006306
0.122695
0.047910
0.016461
0.128044
0.093936
0.072751
0.034461
0.002830
0.114348
0.029564
0.133372
0.053982
0.024197
0.022265
0.060755
0.212045
0.210400
0.027915
0.001337
0.039008
0.026022
0.040981
0.008332
0.010790
0.086175
0.079541
0.017113
0.040994
0.002879
0.017841
0.017620
0.011969
0.083983
0.073207
0.014258
0.008662
0.055437
0.044408
0.034791
0.062012
0.054725
0.006205
0.133613
0.038292
0.089243
0.069537
0.003851
0.013427
0.162289
0.118844
0.106343
0.057952
0.072585
0.066845
0.037918
0.040300
0.038396
0.013453
0.044728
0.018693
0.024021
0.037473
0.007939
0.007219
0.033212
0.060537
0.092919
0.068568
0.106340
0.105470
0.138760
0.121758
0.182115
0.157016
0.000005
0.040637
0.012443
0.018892
0.117773
0.090505
0.046967
0.053631
0.063819
0.113253
0.150379
0.239677
0.071265
0.005121
0.018172
0.151984
0.031243
0.147837
0.133034
0.157617
0.156391
0.061158
0.000425
0.018306
0.072028
0.085753
0.002639
0.131617
0.005590
0.016552
0.067163
0.113943
0.088336
0.142940
0.140580
0.137768
0.000610
0.009543
0.135417
0.082836
0.085077
0.043247
0.006117
0.032758
0.094002
0.071087
0.129852
0.064489
0.000931
0.044425
0.022804
0.114590
0.041206
0.034049
0.004554
0.004034
0.057201
0.024815
0.012050
0.072189
0.037011
0.003229
0.031541
0.027211
0.014718
0.020140
0.059264
0.010047
0.092644
0.006857
0.137854
0.088882
0.010114
0.099662
0.009247
0.003072
0.124181
0.021159
0.086084
0.086301
0.054513
0.028761
0.046580
0.056047
0.004752
0.032474
0.026523
0.000106
0.041135
0.021195
0.001329
0.002451
0.002614
0.104034
0.026289
0.090347
0.169159
0.153791
0.181586
0.075145
0.079629
0.243596
0.201410
0.005329
0.012610
0.027903
0.041033
0.035672
0.001090
0.038715
0.002028
0.024529
0.172981
0.056057
0.012042
0.024519
0.025488
0.119145
0.042804
0.049432
0.160714
0.317985
0.275181
0.302305
0.293326
0.235434
0.042560
0.023929
0.006628
0.019416
0.083974
0.209766
0.094045
0.123963
0.057747
0.019988
0.062682
0.173617
0.170605
0.042820
0.000755
0.114201
0.067870
0.029024
0.022078
0.005352
0.097645
0.077085
0.071929
0.036855
0.050281
0.050611
0.009625
0.003084
0.021714
0.012504
0.008549
0.151419
0.137401
0.011587
0.043870
0.051527
0.046050
0.086481
0.036588
0.061859
0.044380
0.007653
0.040637
0.001169
0.022138
0.045689
0.023447
0.096587
0.071685
0.013906
0.024456
0.030760
0.016104
0.000863
0.048796
0.004546
0.122115
0.120478
0.071719
0.033612
0.018242
0.028034
0.021855
0.089974
0.032436
0.058357
0.035697
0.099408
0.068470
0.046278
0.017325
0.038265
0.019658
0.007381
0.114035
0.008216
0.088321
0.047160
0.011294
0.063210
0.033236
0.011546
0.022613
0.004269
0.012209
0.041443
0.028178
0.036057
0.011499
0.046879
0.080867
0.020292
0.077404
0.056117
0.107123
0.044154
0.091423
0.001630
0.036779
0.020388
0.019911
0.029689
0.065506
0.021649
0.038468
0.000993
0.036000
0.041540
0.072751
0.069543
0.037402
0.055135
0.034458
0.088727
0.012332
0.090869
0.002989
0.083092
0.020704
0.067815
0.025785
0.066591
0.077975
0.006083
0.043311
0.029513
0.014336
0.068534
0.020681
0.019130
0.097859
0.065999
0.000943
0.033767
0.075243
0.014288
0.033647
0.060486
0.081010
0.034398
0.025606
0.006056
0.080090
0.072240
0.058488
0.036320
0.035342
0.025012
0.080579
0.015061
0.022051
0.080230
0.043921
0.034392
0.050457
0.172228
0.004676
0.086552
0.007191
0.025344
0.009932
0.034888
0.024910
0.089646
0.076109
0.019062
0.056015
0.010540
0.003952
0.068418
0.077769
0.059982
0.046086
0.002525
0.113647
0.139588
0.040957
0.118746
0.096120
0.017266
0.003620
0.078270
0.006241
0.043985
0.007611
0.030899
0.056291
0.117650
0.089659
0.020812
0.149294
0.079709
0.072360
0.044823
0.047703
0.034947
0.006407
0.013793
0.022635
0.000745
0.083538
0.050748
0.006557
0.004957
0.029788
0.098538
0.090353
0.349700
0.318406
0.260476
0.239179
0.157576
0.091920
0.086224
0.106010
0.104758
0.050496
0.024303
0.102827
0.083248
0.072479
0.079973
0.070385
0.058410
0.019870
0.072611
0.051677
0.178754
0.062199
0.030234
0.027242
0.028689
0.091345
0.005915
0.004093
0.037327
0.019878
0.157843
0.035442
0.049445
0.025592
0.069626
0.117062
0.053764
0.085364
0.202824
0.045265
0.028405
0.017322
0.015695
0.083528
0.029572
0.023269
0.012063
0.138421
0.079845
0.005292
0.007097
0.012670
0.008252
0.114274
0.001031
0.001938
0.002271
0.128973
0.014443
0.040528
0.001152
0.007433
0.048882
0.000843
0.024152
0.081121
0.062411
0.202126
0.197751
0.208175
0.074433
0.042343
0.030671
0.047060
0.038025
0.061344
0.047464
0.073976
0.010187
0.100942
0.018365
0.030471
0.177828
0.035619
0.044242
0.001407
0.106645
0.098489
0.017979
0.030697
0.001753
0.004044
0.008486
0.013544
0.000955
0.190544
0.046810
0.023971
0.000634
0.052188
0.045338
0.083623
0.119696
0.053384
0.018390
0.074329
0.041021
0.025029
0.019664
0.026094
0.035989
0.027194
0.114534
0.025515
0.047652
0.007026
0.005568
0.022355
0.006101
0.102038
0.039743
0.030761
0.086216
0.079218
0.023434
0.004757
0.009738
0.014051
0.104855
0.003003
0.030354
0.002387
0.007472
0.199134
0.118331
0.093362
0.014693
0.036870
0.010866
0.020387
0.031242
0.002260
0.031172
0.084310
0.022868
0.147992
0.015549
0.003635
0.000764
0.030813
0.016020
0.046032
0.294752
0.189742
0.088465
0.068250
0.035388
0.055170
0.025824
0.001442
0.005627
0.024123
0.020666
0.044177
0.032036
0.040866
0.004856
0.037731
0.021228
0.018359
0.065546
0.063110
0.089089
0.011803
0.006363
0.087014
0.102666
0.055958
0.127510
0.092039
0.025449
0.036160
0.030027
0.133351
0.124863
0.146956
0.054734
0.038480
0.013239
0.041566
0.017377
0.057088
0.015479
0.037438
0.010023
0.021263
0.029317
0.039292
0.036342
0.067088
0.061877
0.163258
0.151187
0.149261
0.029679
0.006491
0.060466
0.038688
0.022976
0.010305
0.080931
0.007234
0.044797
0.020646
0.060823
0.055533
0.066065
0.080274
0.010930
0.210921
0.180492
0.361690
0.219079
0.009891
0.085022
0.017059
0.023730
0.054761
0.039465
0.042953
0.002966
0.015114
0.002403
0.135672
0.133698
0.056367
0.028782
0.038931
0.018328
0.179912
0.131536
0.119548
0.124137
0.048593
0.034054
0.023019
0.073134
0.004590
0.086583
0.020049
0.042770
0.032345
0.057608
0.084982
0.068732
0.020547
0.002007
0.004807
0.010894
0.021521
0.020516
0.102579
0.074393
0.045992
0.020347
0.082411
0.081921
0.110977
0.202674
0.169153
0.001085
0.070236
0.066021
0.040304
0.064288
0.022379
0.052916
0.055477
0.031672
0.024677
0.053032
0.097103
0.012793
0.016731
0.016655
0.033488
0.097410
0.069583
0.078219
0.202747
0.178962
0.195294
0.133066
0.020757
0.019822
0.118168
0.033649
0.011333
0.077725
0.049480
0.092686
0.047871
0.003649
0.057618
0.169159
0.050994
0.007636
0.005019
0.017719
0.133518
0.114711
0.056076
0.000786
0.134056
0.029778
0.018470
0.084209
0.075873
0.070189
0.117452
0.092286
0.095394
0.108650
0.115430
0.077933
0.047120
0.044033
0.043953
0.002029
0.029656
0.019763
0.134652
0.038399
0.039070
0.021821
0.009948
0.015610
0.028317
0.009978
0.010771
0.038252
0.021921
0.002039
0.052760
0.038243
0.008704
0.027123
0.003851
0.056452
0.024939
0.009214
0.003324
0.219198
0.021258
0.010553
0.001247
0.028580
0.024763
0.027676
0.001792
0.024352
0.282509
0.181750
0.004441
0.132904
0.084268
0.036541
0.075546
0.000473
0.002190
0.009464
0.052332
0.020878
0.011665
0.009703
0.010267
0.037355
0.032289
0.010251
0.065402
0.061828
0.021905
0.071035
0.020263
0.009502
0.002025
0.057053
0.064706
0.013099
0.008419
0.001328
0.035318
0.081365
0.050789
0.020856
0.058072
0.002684
0.007013
0.018909
0.062152
0.023981
0.020375
0.019452
0.004111
0.042532
0.028183
0.011494
0.058646
0.025309
0.040444
0.055982
0.002555
0.013494
0.176665
0.059532
0.028877
0.022988
0.015251
0.015072
0.008654
0.088831
0.071744
0.103732
0.012366
0.029447
0.059952
0.010247
0.087199
0.016655
0.015956
0.004692
0.004087
0.054651
0.019292
0.062158
0.064928
0.159381
0.011703
0.048842
0.099358
0.041729
0.049639
0.016761
0.028463
0.030407
0.087816
0.099470
0.066107
0.049931
0.010459
0.029710
0.226462
0.053596
0.036397
0.179831
0.170599
0.020517
0.024280
0.016351
0.011883
0.071102
0.067436
0.003317
0.039406
0.032706
0.014872
0.003414
0.030950
0.030270
0.031465
0.102483
0.001216
0.018064
0.046189
0.015645
0.118631
0.098757
0.080869
0.010941
0.003157
0.112611
0.101631
0.050712
0.016960
0.230698
0.184510
0.150451
0.036871
0.023849
0.001252
0.066260
0.052645
0.054249
0.017129
0.020430
0.025708
0.024974
0.067536
0.118930
0.067407
0.137985
0.140997
0.082658
0.097723
0.032006
0.036823
0.191950
0.146923
0.007447
0.074365
0.041895
0.027720
0.168852
0.117699
0.230976
0.179588
0.250418
0.043741
0.098937
0.000846
0.021523
0.003161
0.133122
0.060423
0.046497
0.096216
0.036207
0.085769
0.035348
0.173344
0.019740
0.077295
0.031028
0.058920
0.242188
0.232062
0.204855
0.230833
0.330658
0.449736
0.329012
0.301015
0.213685
0.224704
0.123705
0.113446
0.118602
0.263703
0.197504
0.016243
0.127163
0.100697
0.052188
0.121839
0.112762
0.074784
0.007209
0.048773
0.037697
0.042215
0.053270
0.017030
0.119438
0.013666
0.015093
0.026469
0.006458
0.001408
0.003960
0.011591
0.040617
0.032209
0.092836
0.053297
0.085193
0.065454
0.050154
0.014450
0.016101
0.024968
0.106245
0.001752
0.054812
0.026060
0.026291
0.004402
0.036529
0.021671
0.001329
0.035075
0.001045
0.044176
0.020317
0.005311
0.020411
0.034692
0.211877
0.083924
0.055781
0.097165
0.084925
0.010618
0.079143
0.002337
0.006535
0.019582
0.092158
0.068680
0.012863
0.008599
0.118497
0.000863
0.144198
0.035714
0.003918
0.080857
0.062902
0.018326
0.002223
0.038018
0.027599
0.001512
0.145216
0.108897
0.108221
0.208851
0.218986
0.261785
0.269579
0.198819
0.160144
0.053350
0.172922
0.037781
0.133614
0.011281
0.053626
0.047631
0.096578
0.170283
0.126689
0.132815
0.049991
0.027601
0.097173
0.019489
0.012783
0.029755
0.003168
0.130854
0.047960
0.018378
0.045368
0.022087
0.074531
0.028535
0.018390
0.009276
0.072938
0.002418
0.000450
0.049567
0.059015
0.040153
0.045449
0.289926
0.161600
0.128268
0.074159
0.009570
0.004576
0.157241
0.154421
0.006065
0.005019
0.039377
0.012478
0.040893
0.053321
0.118730
0.038810
0.003982
0.045894
0.041264
0.036052
0.015618
0.011370
0.033643
0.049093
0.014918
0.125862
0.010796
0.110984
0.045853
0.043332
0.003902
0.013307
0.064801
0.014733
0.255030
0.051297
0.054508
0.009190
0.010488
0.089237
0.037925
0.087340
0.090126
0.044060
0.012355
0.000969
0.010271
0.023902
0.008900
0.013217
0.123455
0.004730
0.009353
0.026437
0.131881
0.074911
0.111869
0.033214
0.103096
0.100845
0.162597
0.157342
0.062340
0.025548
0.218408
0.199661
0.109373
0.026481
0.216803
0.165813
0.174008
0.055586
0.001906
0.010250
0.074696
0.013998
0.132750
0.087398
0.049998
0.037062
0.012912
0.048917
0.006063
0.041079
0.032192
0.005635
0.021196
0.014718
0.007024
0.012830
0.042917
0.027234
0.020367
0.012924
0.021958
0.004307
0.017578
0.001813
0.039482
0.014916
0.132946
0.018940
0.009888
0.016327
0.287999
0.032109
0.102584
0.166495
0.067088
0.148920
0.076671
0.027528
0.015209
0.072043
0.064932
0.029524
0.024811
0.011269
0.109374
0.035741
0.003851
0.094276
0.056435
0.075892
0.090655
0.078139
0.042773
0.263932
0.079291
0.084969
0.071265
0.086504
0.001010
0.000778
0.121946
0.087727
0.083126
0.087000
0.072091
0.058168
0.052727
0.015395
0.026092
0.002793
0.054960
0.035894
0.003711
0.085525
0.015846
0.014829
0.005010
0.015207
0.062832
0.134568
0.008406
0.038679
0.091327
0.010316
0.041888
0.030550
0.060113
0.171811
0.024770
0.047211
0.022413
0.046500
0.044745
0.025993
0.008169
0.014772
0.009815
0.072890
0.378337
0.240498
0.040413
0.034820
0.001034
0.046849
0.031268
0.012133
0.062017
0.027374
0.007146
0.000233
0.088408
0.004647
0.069843
0.028978
0.024857
0.013897
0.008359
0.067322
0.002747
0.054271
0.033893
0.253050
0.209327
0.014020
0.057906
0.035927
0.108011
0.020494
0.006695
0.080462
0.055711
0.088983
0.075740
0.212030
0.102476
0.054460
0.013484
0.006826
0.040156
0.027346
0.078354
0.049321
0.037366
0.010255
0.023530
0.043770
0.006475
0.032604
0.075953
0.023511
0.012493
0.150072
0.044324
0.063449
0.118293
0.050760
0.046960
0.009530
0.012976
0.004468
0.080672
0.036468
0.010564
0.081436
0.131224
0.037820
0.042743
0.030853
0.094111
0.009352
0.152794
0.108980
0.033170
0.085090
0.025497
0.111194
0.100943
0.086719
0.054866
0.044098
0.006815
0.093483
0.025115
0.003403
0.060789
0.202511
0.100933
0.022640
0.011029
0.022629
0.028702
0.021106
0.007269
0.062363
0.003014
0.137942
0.132667
0.006975
0.141839
0.132360
0.085032
0.001431
0.059451
0.125580
0.093665
0.014615
0.013454
0.007219
0.057490
0.035984
0.141732
0.139651
0.110756
0.013772
0.092061
0.057451
0.038016
0.022710
0.067945
0.009493
0.021543
0.039256
0.002072
0.076607
0.057681
0.002656
0.008113
0.028382
0.014437
0.046638
0.024068
0.089665
0.041390
0.035146
0.010350
0.013789
0.072046
0.026435
0.045092
0.009851
0.101453
0.024472
0.035190
0.039760
0.068011
0.037096
0.020151
0.355935
0.291211
0.249015
0.000987
0.005271
0.027617
0.051910
0.002874
0.036903
0.033199
0.027872
0.080304
0.005515
0.028339
0.053359
0.021569
0.006618
0.024317
0.037728
0.030776
0.026100
0.018064
0.008676
0.012866
0.131304
0.115716
0.079083
0.002645
0.008710
0.034203
0.038160
0.024201
0.053906
0.015205
0.050454
0.030137
0.292940
0.117248
0.123190
0.137444
0.164493
0.236469
0.309522
0.275087
0.213993
0.269565
0.009636
0.012467
0.000550
0.081988
0.066858
0.009359
0.024510
0.077715
0.014023
0.023054
0.000772
0.072921
0.019743
0.111220
0.008335
0.112419
0.209025
0.017730
0.016983
0.000117
0.027428
0.035894
0.015968
0.010295
0.063910
0.002880
0.092450
0.082213
0.025607
0.072061
0.097645
0.082922
0.021628
0.164321
0.039078
0.027304
0.025394
0.046112
0.001532
0.071291
0.016882
0.106881
0.060305
0.020953
0.050071
0.062726
0.047004
0.007347
0.031303
0.014304
0.010145
0.002292
0.047858
0.017326
0.011972
0.051355
0.136890
0.084746
0.105922
0.000837
0.083998
0.050486
0.003704
0.090847
0.024080
0.070525
0.005045
0.073923
0.073122
0.016657
0.002903
0.024009
0.003231
0.014400
0.032520
0.047966
0.014662
0.089719
0.027631
0.002219
0.028945
0.014128
0.036862
0.122689
0.002694
0.036110
0.184435
0.114521
0.007055
0.019276
0.154752
0.125091
0.034959
0.023477
0.063861
0.154826
0.013409
0.090173
0.101630
0.059632
0.022194
0.106638
0.061464
0.029315
0.028343
0.043886
0.051141
0.043863
0.067481
0.010369
0.030602
0.011122
0.014126
0.131387
0.018068
0.071238
0.024937
0.036839
0.045038
0.102122
0.003372
0.028640
0.062475
0.021972
0.062490
0.042190
0.003116
0.051145
0.017758
0.001502
0.033386
0.053416
0.040411
0.027097
0.036821
0.022439
0.032598
0.000687
0.026070
0.017978
0.036328
0.020686
0.024306
0.015101
0.005216
0.014272
0.045613
0.027184
0.068732
0.016680
0.191611
0.019068
0.005121
0.065554
0.025863
0.031395
0.013519
0.012737
0.012232
0.016302
0.062971
0.061543
0.119413
0.067049
0.047953
0.002818
0.075274
0.009637
0.002512
0.062995
0.097202
0.054736
0.024104
0.032392
0.012892
0.010097
0.004561
0.032164
0.003194
0.005346
0.002641
0.025208
0.020855
0.008288
0.114628
0.023580
0.096038
0.012064
0.067421
0.082939
0.010779
0.104746
0.085191
0.011453
0.043714
0.027509
0.000593
0.011031
0.002842
0.039901
0.080807
0.000922
0.148002
0.148567
0.004773
0.008229
0.003003
0.047922
0.009581
0.034429
0.026967
0.005463
0.023826
0.004064
0.002926
0.050878
0.019249
0.009346
0.007958
0.021414
0.072614
0.030852
0.101655
0.083645
0.045848
0.173275
0.037277
0.067657
0.071157
0.106065
0.029834
0.074596
0.046582
0.054091
0.035799
0.006309
0.005809
0.044730
0.041074
0.002054
0.011125
0.090013
0.077800
0.072631
0.056686
0.009594
0.144219
0.064008
0.003239
0.038480
0.053388
0.005607
0.065563
0.040292
0.268853
0.219766
0.068294
0.031929
0.076060
0.162934
0.116375
0.071040
0.134473
0.084885
0.058287
0.021896
0.014533
0.019420
0.054096
0.010122
0.012443
0.009998
0.104524
0.049327
0.104155
0.046891
0.035373
0.013703
0.019141
0.192917
0.009871
0.036989
0.037149
0.021927
0.130241
0.021083
0.011206
0.115825
0.094586
0.023607
0.041011
0.013095
0.047509
0.006123
0.021547
0.003264
0.012960
0.080769
0.030285
0.089245
0.103219
0.038642
0.093785
0.023110
0.078974
0.008091
0.060816
0.014749
0.022222
0.006107
0.030861
0.065204
0.012836
0.080792
0.073472
0.026229
0.036662
0.029365
0.222002
0.134137
0.059520
0.078224
0.020008
0.074126
0.065970
0.097494
0.027677
0.088935
0.008781
0.033283
0.031453
0.027826
0.022212
0.018619
0.050698
0.001274
0.026891
0.015695
0.103018
0.039195
0.000595
0.074200
0.038083
0.013668
0.050685
0.044224
0.068785
0.058384
0.040284
0.034781
0.066511
0.052964
0.028116
0.035177
0.008714
0.026649
0.002009
0.036495
0.070067
0.098321
0.023634
0.036659
0.065048
0.058519
0.044450
0.019716
0.053173
0.272262
0.056023
0.037485
0.028282
0.093073
0.009881
0.032212
0.013444
0.007549
0.063455
0.002682
0.092611
0.036388
0.143910
0.022703
0.059511
0.001101
0.007751
0.031497
0.004262
0.016698
0.172304
0.014617
0.082438
0.006334
0.006408
0.050696
0.013556
0.061704
0.044311
0.007929
0.044547
0.012335
0.007087
0.002953
0.018315
0.019589
0.010198
0.010518
0.032479
0.008658
0.053123
0.009518
0.004318
0.001937
0.033014
0.003655
0.289097
0.043694
0.150293
0.007050
0.046992
0.031950
0.021487
0.003143
0.135681
0.213058
0.200857
0.131414
0.110408
0.064990
0.004428
0.163138
0.000382
0.024736
0.015940
0.006709
0.017586
0.014061
0.012785
0.035903
0.017542
0.052248
0.020173
0.009466
0.037133
0.044910
0.091254
0.059946
0.022183
0.041515
0.046941
0.042985
0.195695
0.058533
0.019187
0.060803
0.037948
0.013966
0.034913
0.010588
0.012541
0.047526
0.023692
0.031390
0.002376
0.089160
0.095462
0.022852
0.003965
0.092795
0.023575
0.054303
0.019488
0.044042
0.000545
0.106571
0.041151
0.028404
0.040177
0.026644
0.035486
0.020137
0.026817
0.010349
0.001319
0.015997
0.109017
0.025651
0.072906
0.078555
0.005011
0.012590
0.032433
