0.000000
0.011233
0.017648
0.181443
0.000000
0.000000
0.000000
0.000000
0.017137
0.000000
0.000000
0.000000
0.000000
0.000000
0.000000
0.000000
0.000000
0.000000
0.000000
0.000000
0.000000
0.000000
0.000000
0.000000
0.000000
0.000000
0.000000
0.004212
0.000000
0.000000
0.022232
0.014672
0.000000
0.000000
0.000000
0.000000
0.000000
0.000000
0.000000
0.002080
0.000000
0.000000
0.000000
0.000000
0.000000
0.000000
0.140506
0.000000
0.166756
0.008268
0.000000
0.001947
0.000000
0.000000
0.000000
0.000000
0.000000
0.000000
0.000000
0.061773
0.129795
0.009245
0.057613
0.043992
0.021867
0.000000
0.169575
0.003426
0.000000
0.046543
0.020166
0.038759
0.000000
0.000000
0.000000
0.000000
0.049514
0.000000
0.000000
0.000000
0.000000
0.000000
0.000000
0.065141
0.083906
0.000000
0.000000
0.000000
0.037991
0.020731
0.014128
0.027431
0.000000
0.000000
0.000000
0.070617
0.028500
0.080220
0.000000
0.005897
0.062632
0.016726
0.000000
0.000000
0.000000
0.000000
0.005236
0.000000
0.000000
0.000000
0.000000
0.000000
0.000000
0.002876
0.000000
0.000000
0.000000
0.047988
0.000000
0.000000
0.000000
0.014106
0.000000
0.000000
0.000000
0.000000
0.000000
0.000000
0.000000
0.000000
0.000000
0.000000
0.000000
0.000000
0.000000
0.000000
0.122322
0.000000
0.000000
0.000000
0.031225
0.000000
0.000000
0.000000
0.000000
0.000000
0.000000
0.000000
0.000000
0.060449
0.043607
0.009812
0.000000
0.000000
0.000000
0.035839
0.045102
0.161538
0.026767
0.092551
0.000000
0.000000
0.000000
0.000000
0.000000
0.000000
0.058183
0.017694
0.000000
0.122550
0.004631
0.000000
0.000000
0.000000
0.000000
0.000000
0.000000
0.000000
0.061144
0.000000
0.000000
0.000000
0.000000
0.000000
0.000000
0.000000
0.000000
0.008463
0.016445
0.000000
0.000000
0.000000
0.000000
0.000000
0.000000
0.000000
0.002879
0.000000
0.084089
0.118982
0.006328
0.039545
0.011750
0.020584
0.007541
0.000000
0.040664
0.006099
0.056916
0.000000
0.000000
0.000000
0.000000
0.000000
0.000000
0.000000
0.000000
0.000000
0.000000
0.000000
0.000000
0.009710
0.000000
0.000000
0.000000
0.000000
0.000000
0.000000
0.017493
0.000000
0.077450
0.040894
0.000000
0.000000
0.000000
0.000000
0.000000
0.047162
0.000000
0.000000
0.000000
0.000000
0.000000
0.060252
0.000000
0.000000
0.016594
0.012490
0.076709
0.000000
0.013837
0.340560
0.085091
0.000000
0.007309
0.000000
0.000000
0.000000
0.000000
0.000000
0.000000
0.000000
0.000000
0.000000
0.060455
0.143196
0.000000
0.000000
0.000000
0.000000
0.000000
0.000000
0.000000
0.000000
0.004723
0.000000
0.000000
0.000000
0.074066
0.000000
0.000000
0.000000
0.000000
0.012143
0.000000
0.000000
0.000000
0.000000
0.062686
0.000000
0.000000
0.000000
0.000000
0.000000
0.012794
0.000000
0.000000
0.020288
0.000000
0.000000
0.000000
0.000000
0.000000
0.062276
0.027319
0.000000
0.000000
0.000000
0.012500
0.070595
0.000000
0.032338
0.000000
0.018607
0.031626
0.000000
0.000000
0.000000
0.000000
0.000000
0.000000
0.000000
0.000000
0.109283
0.000000
0.000000
0.000000
0.000000
0.000000
0.000000
0.000000
0.000000
0.000000
0.000000
0.015003
0.051726
0.038237
0.000000
0.048932
0.000000
0.000000
0.078326
0.000000
0.000000
0.000000
0.028553
0.000000
0.000000
0.000000
0.013267
0.029280
0.000000
0.024056
0.000000
0.000000
0.064267
0.043625
0.199794
0.052604
0.003642
0.041556
0.070186
0.029527
0.109006
0.018412
0.100312
0.027292
0.000000
0.000000
0.000000
0.000000
0.000000
0.000000
0.000000
0.052256
0.000000
0.046939
0.033404
0.029327
0.000000
0.000000
0.000000
0.000000
0.000000
0.000000
0.000000
0.000000
0.000000
0.000000
0.000000
0.000000
0.000000
0.020934
0.000000
0.000000
0.000000
0.000000
0.000000
0.000000
0.000000
0.000000
0.000000
0.000000
0.000000
0.002827
0.000000
0.000000
0.000000
0.000000
0.000000
0.000000
0.000000
0.000000
0.000000
0.000000
0.000000
0.007901
0.000000
0.000000
0.000000
0.000000
0.000000
0.000000
0.011908
0.000000
0.000000
0.000000
0.000000
0.015782
0.000000
0.000000
0.000000
0.000000
0.000000
0.000000
0.000000
0.000000
0.000000
0.000000
0.000000
0.008034
0.014675
0.000000
0.000000
0.025605
0.000000
0.000000
0.000000
0.000000
0.000000
0.000000
0.014572
0.000000
0.000000
0.007258
0.062704
0.003729
0.360286
0.000000
0.000000
0.000000
0.000000
0.000000
0.010633
0.000000
0.000000
0.041536
0.004420
0.028039
0.000000
0.001069
0.000000
0.047417
0.000000
0.000000
0.050947
0.000774
0.000000
0.000000
0.023665
0.000000
0.000000
0.000000
0.000000
0.000000
0.000000
0.000000
0.000000
0.000000
0.000000
0.000000
0.030176
0.001118
0.000000
0.000000
0.000000
0.000000
0.000000
0.000000
0.025344
0.034383
0.000000
0.000000
0.000000
0.000000
0.000000
0.000000
0.000000
0.017026
0.000000
0.000000
0.085912
0.033699
0.040642
0.000000
0.039388
0.000000
0.068147
0.225574
0.013544
0.036966
0.000000
0.017522
0.074750
0.255070
0.200056
0.145042
0.090028
0.035014
0.035484
0.036404
0.037671
0.036804
0.022534
0.033444
0.000000
0.043053
0.000000
0.000000
0.000000
0.000000
0.000000
0.000000
0.000000
0.000000
0.000000
0.000000
0.000000
0.000000
0.000000
0.000000
0.251796
0.202579
0.154100
0.106578
0.060349
0.000000
0.000000
0.000000
0.000000
0.000000
0.050592
0.000000
0.000000
0.023151
0.000000
0.000000
0.000000
0.000000
0.000000
0.000000
0.000000
0.000000
0.000000
0.000000
0.000000
0.000000
0.000000
0.000000
0.000219
0.000000
0.000000
0.000000
0.000000
0.037762
0.055563
0.000000
0.000000
0.000000
0.000000
0.000000
0.019155
0.000000
0.000000
0.000000
0.000000
0.000000
0.029607
0.000000
0.000000
0.000000
0.123845
0.038656
0.215585
0.000000
0.000000
0.062554
0.000000
0.105867
0.000000
0.000000
0.000000
0.000000
0.000000
0.000000
0.037122
0.030538
0.001313
0.000000
0.000000
0.000000
0.000000
0.000000
0.079356
0.020387
0.000000
0.000000
0.000000
0.000000
0.000000
0.000000
0.000000
0.000000
0.000000
0.000000
0.000000
0.000000
0.000000
0.000000
0.016863
0.008298
0.020856
0.000000
0.000000
0.056102
0.033564
0.000000
0.076788
0.133283
0.036731
0.000000
0.000000
0.000000
0.000000
0.000000
0.000000
0.074941
0.000000
0.000000
0.027005
0.060331
0.029804
0.000000
0.000000
0.000000
0.057961
0.017446
0.000000
0.000000
0.000000
0.000000
0.000000
0.000000
0.014655
0.000000
0.000000
0.000000
0.223202
0.015940
0.000000
0.243122
0.000000
0.000000
0.189568
0.000000
0.000000
0.027048
0.000000
0.000000
0.000599
0.000000
0.033904
0.000000
0.000000
0.112871
0.016875
0.000000
0.000000
0.000000
0.000000
0.000000
0.043822
0.049981
0.038637
0.000000
0.000000
0.000000
0.061003
0.000000
0.000000
0.010067
0.060220
0.000000
0.000000
0.000000
0.000000
0.004229
0.000000
0.008216
0.044233
0.000000
0.000000
0.000000
0.000000
0.000000
0.069746
0.000000
0.000000
0.000000
0.000000
0.009776
0.042898
0.097411
0.000000
0.002518
0.051796
0.027986
0.000000
0.000000
0.000000
0.000000
0.000000
0.000000
0.000000
0.027598
0.012691
0.000000
0.000000
0.000000
0.000000
0.000000
0.000000
0.000000
0.000000
0.042027
0.033093
0.077539
0.023146
0.007084
0.030582
0.000000
0.000000
0.000000
0.000000
0.045677
0.029626
0.017285
0.065482
0.069308
0.132298
0.087061
0.044167
0.000000
0.000000
0.000000
0.176056
0.014601
0.076996
0.028489
0.038358
0.018186
0.000000
0.000000
0.000000
0.000000
0.000000
0.000000
0.000000
0.000000
0.000000
0.000000
0.066310
0.019927
0.022435
0.011850
0.000000
0.000000
0.000000
0.001849
0.000000
0.000000
0.000000
0.000000
0.000000
0.000000
0.000000
0.000000
0.000000
0.000000
0.000000
0.000000
0.005121
0.000000
0.000000
0.000000
0.000000
0.000000
0.000000
0.000000
0.053410
0.000000
0.000000
0.014004
0.000000
0.000000
0.000000
0.000000
0.000000
0.027315
0.000000
0.000000
0.040717
0.000000
0.000000
0.013680
0.000000
0.000000
0.000000
0.000000
0.038929
0.094059
0.012235
0.000000
0.000000
0.000000
0.002576
0.000000
0.000000
0.000000
0.000000
0.000000
0.000000
0.000000
0.078614
0.105255
0.007376
0.125929
0.016576
0.027082
0.174802
0.002787
0.045588
0.000000
0.000000
0.000000
0.000000
0.000000
0.000000
0.000000
0.000000
0.000000
0.000000
0.019419
0.000000
0.000000
0.000000
0.000000
0.095536
0.142978
0.221137
0.029317
0.073453
0.049225
0.088459
0.020761
0.000000
0.000000
0.000000
0.000000
0.000000
0.000000
0.044316
0.054319
0.000000
0.007919
0.000000
0.000000
0.024137
0.043003
0.000000
0.000000
0.014646
0.000000
0.000000
0.009829
0.000000
0.039108
0.037993
0.018577
0.003715
0.000000
0.000000
0.019384
0.000000
0.000000
0.000000
0.000000
0.017493
0.000000
0.000000
0.000000
0.000000
0.000000
0.000000
0.000000
0.000000
0.000000
0.000000
0.003138
0.000000
0.000000
0.000000
0.000000
0.000000
0.103376
0.000000
0.000000
0.000000
0.036376
0.000000
0.000000
0.000000
0.059546
0.159702
0.000000
0.000000
0.000000
0.086829
0.004206
0.003582
0.000000
0.000000
0.000000
0.044059
0.068675
0.011742
0.000000
0.000000
0.000000
0.000000
0.000000
0.000000
0.000000
0.000000
0.000000
0.000000
0.030410
0.000000
0.000000
0.000000
0.000000
0.000000
0.000000
0.000000
0.000000
0.000000
0.000000
0.000000
0.063971
0.014034
0.178988
0.049738
0.000000
0.000000
0.090365
0.000000
0.000000
0.000000
0.000000
0.000000
0.002947
0.000000
0.000000
0.000000
0.036794
0.012812
0.000000
0.182069
0.000000
0.000000
0.000000
0.000000
0.000000
0.000000
0.000000
0.000000
0.000000
0.000000
0.000000
0.000000
0.000000
0.030785
0.000000
0.000000
0.000000
0.000000
0.017211
0.000000
0.000000
0.000000
0.000000
0.000000
0.000000
0.000000
0.000000
0.072431
0.000000
0.000000
0.000000
0.025461
0.000000
0.000000
0.000000
0.000000
0.000000
0.000000
0.000000
0.000000
0.018996
0.000000
0.000000
0.000000
0.000000
0.000000
0.000000
0.000000
0.000000
0.000000
0.000000
0.031724
0.000000
0.000000
0.000000
0.000000
0.000000
0.000000
0.001217
0.002265
0.000000
0.000000
0.000000
0.000000
0.000000
0.026308
0.000000
0.000000
0.000000
0.000000
0.000000
0.030300
0.000000
0.000000
0.000000
0.021462
0.149520
0.040757
0.000000
0.000000
0.026918
0.000000
0.142608
0.000000
0.000000
0.000000
0.000000
0.000000
0.067033
0.000000
0.004853
0.000000
0.000000
0.006628
0.000000
0.104819
0.015794
0.065697
0.149529
0.006236
0.008474
0.000000
0.000000
0.020909
0.008598
0.000000
0.000000
0.000800
0.000000
0.051806
0.000000
0.000000
0.000000
0.000000
0.000000
0.001709
0.000000
0.000000
0.000000
0.000000
0.005550
0.000000
0.000000
0.029762
0.000000
0.061464
0.000000
0.000000
0.000000
0.000000
0.000000
0.000000
0.000000
0.037577
0.019723
0.011189
0.000000
0.000000
0.000000
0.000000
0.000000
0.000000
0.059240
0.065469
0.000000
0.000000
0.000000
0.000000
0.000000
0.000000
0.000000
0.000000
0.007863
0.000000
0.000000
0.000000
0.000000
0.034613
0.000000
0.000000
0.022913
0.000000
0.044114
0.056192
0.000000
0.000000
0.000000
0.000000
0.000000
0.000000
0.029681
0.019647
0.126609
0.045649
0.000000
0.000000
0.000000
0.063959
0.000000
0.000000
0.000000
0.002003
0.000000
0.000000
0.000000
0.000000
0.000000
0.000000
0.000000
0.000000
0.059693
0.000000
0.000000
0.000000
0.074326
0.000000
0.000000
0.007682
0.056340
0.000000
0.000000
0.000000
0.000000
0.000000
0.000000
0.000000
0.000000
0.048022
0.000000
0.000000
0.014835
0.000000
0.095680
0.000000
0.000000
0.000000
0.000000
0.000000
0.000000
0.000000
0.000000
0.000000
0.000000
0.000000
0.000000
0.011516
0.000000
0.000000
0.050920
0.000034
0.000000
0.000000
0.091091
0.000000
0.000000
0.074426
0.000000
0.000000
0.062506
0.000000
0.000000
0.000000
0.000000
0.000000
0.048866
0.000000
0.000000
0.041953
0.028288
0.032839
0.000013
0.000000
0.000358
0.000000
0.000000
0.000000
0.000000
0.000000
0.000000
0.000000
0.000000
0.000000
0.000000
0.000000
0.000000
0.047959
0.006786
0.000000
0.000000
0.000000
0.000000
0.082874
0.000556
0.076146
0.044827
0.000000
0.071487
0.000000
0.066890
0.002596
0.000000
0.000000
0.000000
0.000000
0.000000
0.000000
0.029196
0.000000
0.000000
0.000000
0.000000
0.000000
0.015929
0.000000
0.187001
0.011783
0.032078
0.151390
0.000000
0.000000
0.000000
0.006041
0.000000
0.000000
0.000000
0.000000
0.000000
0.000000
0.000000
0.009788
0.000000
0.000000
0.000000
0.000000
0.007801
0.000000
0.059454
0.000000
0.000000
0.000000
0.000000
0.000000
0.044881
0.041616
0.000000
0.000000
0.000000
0.000000
0.009916
0.000000
0.000000
0.000000
0.000000
0.000000
0.003833
0.058420
0.031805
0.000000
0.000000
0.000000
0.000000
0.017107
0.000000
0.000000
0.000000
0.000000
0.000000
0.000000
0.000000
0.006800
0.000000
0.000000
0.000000
0.000000
0.000000
0.000000
0.011142
0.021954
0.000000
0.000000
0.090638
0.069777
0.000000
0.006684
0.118778
0.018994
0.000000
0.000000
0.000000
0.000000
0.000000
0.000000
0.007836
0.090923
0.063800
0.076988
0.000000
0.000000
0.056137
0.000000
0.000000
0.000000
0.000000
0.000000
0.075469
0.088524
0.171972
0.000000
0.000000
0.000000
0.000000
0.077045
0.018305
0.072850
0.000000
0.008508
0.021442
0.000000
0.000000
0.000000
0.000000
0.000000
0.000000
0.000000
0.000000
0.000908
0.000000
0.000000
0.000000
0.000000
0.000000
0.005644
0.018617
0.000000
0.049618
0.050384
0.007887
0.008786
0.052997
0.031820
0.143304
0.027344
0.000000
0.000000
0.000000
0.000000
0.053287
0.000000
0.000000
0.013843
0.000000
0.000000
0.000000
0.000000
0.000000
0.031169
0.177241
0.000000
0.009383
0.000000
0.000000
0.000000
0.000000
0.000000
0.015495
0.000000
0.000000
0.000000
0.000000
0.000000
0.000000
0.000000
0.000000
0.000000
0.000000
0.000000
0.035554
0.000000
0.000000
0.000000
0.000000
0.000000
0.000000
0.000000
0.000000
0.000000
0.000000
0.000000
0.000000
0.000000
0.000000
0.033369
0.000000
0.000000
0.000000
0.058694
0.000000
0.000000
0.000000
0.000000
0.000000
0.000000
0.000000
0.094881
0.000000
0.000000
0.000000
0.015201
0.000000
0.000000
0.000000
0.000000
0.000000
0.000000
0.028539
0.011540
0.000000
0.000000
0.000000
0.064887
0.000000
0.000000
0.017472
0.000000
0.000000
0.000000
0.000000
0.000000
0.000000
0.000000
0.000000
0.000000
0.000000
0.010877
0.000000
0.012761
0.000000
0.000000
0.000000
0.000000
0.000000
0.000000
0.000000
0.000000
0.000000
0.000000
0.000000
0.016596
0.000000
0.000000
0.000000
0.000000
0.000000
0.000000
0.000000
0.000000
0.057472
0.000000
0.000000
0.000000
0.000000
0.000000
0.000000
0.000000
0.000000
0.000000
0.116824
0.000000
0.000000
0.010022
0.000000
0.000000
0.000000
0.000000
0.000000
0.052329
0.000000
0.000000
0.059236
0.000000
0.017562
0.000000
0.005460
0.000000
0.000000
0.000000
0.000000
0.000000
0.109882
0.000000
0.029006
0.032711
0.125900
0.010838
0.000000
0.047744
0.000000
0.000000
0.000000
0.021661
0.011075
0.001416
0.000000
0.000000
0.000000
0.010103
0.033612
0.000000
0.000000
0.000000
0.000000
0.000000
0.000000
0.074670
0.033324
0.000000
0.015323
0.006403
0.021201
0.240392
0.091831
0.006242
0.000000
0.000000
0.025427
0.000000
0.000000
0.167489
0.005089
0.113415
0.035469
0.194810
0.018239
0.000000
0.000000
0.147614
0.038670
0.000000
0.022394
0.000000
0.103959
0.041459
0.000000
0.000000
0.014450
0.000000
0.000000
0.000000
0.000000
0.064128
0.026124
0.138717
0.165013
0.020797
0.023382
0.009840
0.061917
0.052934
0.037462
0.016837
0.175211
0.014147
0.069156
0.000000
0.000000
0.001624
0.114764
0.005710
0.040390
0.021819
0.000000
0.000000
0.000000
0.000000
0.000000
0.080762
0.000000
0.000000
0.000000
0.000000
0.000000
0.000000
0.000000
0.000000
0.000000
0.000000
0.000000
0.077733
0.007431
0.000000
0.007351
0.000000
0.000000
0.000000
0.000000
0.068450
0.039797
0.043648
0.040388
0.000000
0.000000
0.000000
0.029432
0.000000
0.000000
0.000000
0.000000
0.064260
0.000000
0.000000
0.000000
0.026403
0.044764
0.000000
0.000000
0.000000
0.000000
0.000000
0.000000
0.000000
0.000000
0.007174
0.000000
0.000000
0.000000
0.000000
0.000000
0.000000
0.041728
0.000000
0.000000
0.004220
0.000000
0.000000
0.081411
0.000000
0.000000
0.025812
0.121810
0.093505
0.099308
0.041465
0.047968
0.049496
0.012332
0.000000
0.000000
0.119020
0.065139
0.000000
0.000000
0.006923
0.000000
0.000000
0.005557
0.000000
0.000000
0.000000
0.000000
0.000000
0.000000
0.000000
0.054024
0.000000
0.000000
0.022153
0.000000
0.000000
0.000000
0.000000
0.050570
0.117150
0.059725
0.000000
0.000000
0.000000
0.000000
0.034322
0.068215
0.000000
0.016552
0.063338
0.000000
0.000000
0.000000
0.000000
0.000000
0.000000
0.000000
0.000000
0.026438
0.000000
0.000000
0.000000
0.000000
0.000000
0.000000
0.123200
0.004373
0.000000
0.096904
0.063934
0.000000
0.000000
0.000000
0.000000
0.000000
0.000000
0.000000
0.000000
0.000000
0.000000
0.000000
0.000000
0.054897
0.002749
0.019505
0.030489
0.000000
0.107770
0.084484
0.136860
0.015921
0.000000
0.098075
0.000000
0.000000
0.046915
0.000000
0.000000
0.025662
0.000000
0.000000
0.000000
0.103937
0.000000
0.000000
0.000000
0.101447
0.022006
0.019245
0.000000
0.000000
0.000000
0.019520
0.002741
0.000000
0.000000
0.012481
0.029276
0.000000
0.000000
0.000000
0.000000
0.209581
0.000000
0.062642
0.125372
0.004299
0.000000
0.000000
0.059560
0.000000
0.005062
0.038324
0.000000
0.000000
0.027253
0.000000
0.000000
0.000000
0.000000
0.000000
0.000000
0.000000
0.000000
0.000000
0.000000
0.155636
0.085509
0.000000
0.036637
0.000000
0.000000
0.000000
0.000000
0.000000
0.142277
0.181621
0.022645
0.000000
0.000000
0.000000
0.012374
0.000000
0.060625
0.000000
0.000000
0.000000
0.000000
0.000000
0.027444
0.115217
0.045742
0.034155
0.000000
0.000000
0.000000
0.000000
0.068572
0.006547
0.000000
0.000000
0.000000
0.020587
0.000000
0.000000
0.053042
0.034925
0.007049
0.000000
0.000000
0.000000
0.000000
0.000000
0.000000
0.000000
0.000000
0.000000
0.000000
0.000000
0.000000
0.000000
0.000000
0.000000
0.000000
0.000000
0.000000
0.064740
0.014409
0.000000
0.040322
0.000000
0.057617
0.000000
0.032288
0.000000
0.000000
0.000000
0.000000
0.000000
0.000000
0.004805
0.000000
0.000000
0.000000
0.000000
0.000000
0.018979
0.000000
0.000000
0.000000
0.000000
0.000000
0.136099
0.007620
0.000000
0.022855
0.000000
0.000000
0.000000
0.000000
0.000000
0.000000
0.000000
0.037884
0.000000
0.000000
0.123176
0.018979
0.054137
0.000000
0.000000
0.000000
0.000000
0.141848
0.009114
0.037453
0.000000
0.000000
0.029581
0.000000
0.017360
0.000000
0.005719
0.000000
0.000000
0.000000
0.000000
0.000000
0.000000
0.000000
0.000000
0.000000
0.000000
0.062224
0.000000
0.000000
0.170319
0.051901
0.000000
0.000000
0.082949
0.000000
0.000000
0.114883
0.066780
0.019760
0.019704
0.000813
0.009045
0.000000
0.045455
0.000000
0.021044
0.000000
0.000000
0.039019
0.000000
0.032215
0.000000
0.000000
0.000000
0.036699
0.000000
0.000000
0.070684
0.216332
0.005823
0.075365
0.057219
0.004335
0.000000
0.000000
0.000000
0.000000
0.000000
0.000000
0.000000
0.004898
0.000000
0.000000
0.032352
0.024387
0.000000
0.000000
0.000000
0.014643
0.000000
0.000000
0.000000
0.000000
0.110319
0.010517
0.006908
0.003468
0.000000
0.000000
0.106623
0.063002
0.000000
0.000000
0.000000
0.000000
0.000000
0.006008
0.000000
0.000000
0.000000
0.000000
0.000000
0.000000
0.000000
0.000000
0.000000
0.000000
0.104233
0.000000
0.000000
0.000000
0.000000
0.000000
0.101765
0.000000
0.000000
0.000000
0.000000
0.000000
0.000000
0.030095
0.000000
0.129534
0.040762
0.000000
0.000000
0.000000
0.000000
0.000000
0.000000
0.049588
0.003997
0.000000
0.000000
0.000000
0.000000
0.002159
0.021488
0.062883
0.008134
0.000000
0.000000
0.000000
0.000000
0.000000
0.000000
0.037101
0.000000
0.000000
0.000000
0.000000
0.000000
0.068137
0.000000
0.000000
0.000000
0.000000
0.000000
0.119648
0.032461
0.058155
0.087723
0.074510
0.011472
0.014928
0.060778
0.113990
0.002831
0.014456
0.000000
0.000000
0.000000
0.000000
0.000000
0.000000
0.000000
0.000000
0.000000
0.000000
0.031406
0.000000
0.000000
0.000000
0.000000
0.097735
0.000000
0.000000
0.000000
0.000000
0.000000
0.001539
0.000000
0.000000
0.000000
0.040143
0.065151
0.025719
0.000000
0.037720
0.030348
0.000000
0.057084
0.000000
0.000000
0.000000
0.000000
0.000000
0.000000
0.000000
0.062499
0.000000
0.000000
0.000000
0.045189
0.000000
0.000000
0.041265
0.000000
0.000000
0.000000
0.000000
0.000000
0.000000
0.000000
0.089835
0.044255
0.000000
0.000000
0.065900
0.000000
0.000000
0.000000
0.000000
0.000000
0.000000
0.000000
0.054220
0.000000
0.000000
0.075789
0.000000
0.000000
0.000000
0.025339
0.000000
0.000000
0.000000
0.000000
0.000000
0.000000
0.000000
0.078057
0.000000
0.000000
0.012494
0.040107
0.000000
0.000000
0.094609
0.000000
0.000000
0.000000
0.000000
0.013595
0.000000
0.000000
0.000000
0.000000
0.000000
0.003245
0.000000
0.005054
0.000000
0.000000
0.000000
0.000000
0.000000
0.000000
0.003146
0.000000
0.000000
0.021658
0.000000
0.000000
0.000000
0.000000
0.000000
0.105232
0.000000
0.000000
0.000000
0.000000
0.004181
0.000000
0.000000
0.000000
0.000000
0.000000
0.000000
0.000000
0.000000
0.000000
0.000000
0.000000
0.048315
0.000000
0.099096
0.000000
0.000000
0.000000
0.000000
0.000000
0.000000
0.000000
0.021958
0.000000
0.000000
0.000000
0.000000
0.000000
0.000000
0.035338
0.000000
0.000000
0.000000
0.000000
0.000000
0.000000
0.078762
0.018744
0.000000
0.000000
0.000000
0.000000
0.000000
0.000000
0.000000
0.000000
0.059269
0.030290
0.000000
0.073854
0.020681
0.000000
0.000000
0.000000
0.000000
0.000000
0.000000
0.122082
0.122649
0.015527
0.000000
0.000000
0.066779
0.067436
0.000000
0.000000
0.000000
0.036301
0.000000
0.000000
0.053137
0.057191
0.000000
0.000000
0.000000
0.000000
0.098319
0.000000
0.000000
0.008655
0.026791
0.000000
0.000000
0.000000
0.000000
0.000000
0.001103
0.000000
0.000000
0.000000
0.000000
0.000000
0.000000
0.000000
0.000000
0.000000
0.000000
0.000000
0.003646
0.000000
0.000000
0.026385
0.000000
0.000000
0.000000
0.000000
0.000000
0.000000
0.000000
0.000000
0.000000
0.000000
0.000000
0.000000
0.000000
0.000000
0.000000
0.011984
0.000000
0.000000
0.000000
0.000000
0.004897
0.000000
0.000000
0.000000
0.000000
0.000000
0.027961
0.000000
0.006233
0.000000
0.026738
0.000000
0.000000
0.066481
0.000000
0.000000
0.072662
0.011684
0.000000
0.000000
0.000000
0.000000
0.003605
0.031545
0.000000
0.000000
0.000000
0.000000
0.000000
0.073921
0.008440
0.206622
0.035240
0.000000
0.000000
0.000000
0.029063
0.000000
0.044489
0.000000
0.000000
0.045973
0.034178
0.000000
0.115823
0.023203
0.000000
0.000000
0.000000
0.000000
0.000000
0.069735
0.017969
0.002175
0.000000
0.000000
0.013445
0.000000
0.051290
0.000000
0.029770
0.000000
0.000000
0.000000
0.000000
0.000000
0.000000
0.000000
0.000000
0.000000
0.000000
0.000000
0.000000
0.000000
0.000000
0.032860
0.000000
0.018002
0.000000
0.000000
0.000000
0.000000
0.000000
0.000000
0.000000
0.000000
0.000000
0.000000
0.000000
0.000000
0.000000
0.000000
0.083264
0.000000
0.000000
0.000000
0.000000
0.000000
0.055454
0.016892
0.000000
0.000000
0.006340
0.000000
0.020907
0.000000
0.000000
0.000000
0.000000
0.000000
0.000000
0.000000
0.000000
0.000000
0.000000
0.000000
0.000000
0.000000
0.000000
0.000000
0.000000
0.004247
0.000000
0.000000
0.000000
0.000000
0.000000
0.000000
0.000000
0.000000
0.000000
0.000000
0.044413
0.000000
0.000000
0.000000
0.110582
0.004184
0.000000
0.000000
0.000000
0.000000
0.000000
0.000000
0.041614
0.000000
0.000000
0.067474
0.000000
0.000000
0.000000
0.000000
0.000000
0.000208
0.000000
0.000000
0.000000
0.000000
0.000000
0.000000
0.000000
0.000000
0.034198
0.000000
0.000000
0.000000
0.040795
0.000000
0.163074
0.079914
0.000000
0.000000
0.000000
0.000000
0.093624
0.000000
0.000000
0.035875
0.011105
0.044172
0.000000
0.000000
0.000000
0.000000
0.000000
0.000000
0.000000
0.000000
0.052356
0.000000
0.000000
0.002207
0.000000
0.034776
0.000000
0.000000
0.000000
0.000000
0.000000
0.051324
0.000000
0.000000
0.000000
0.000000
0.000000
0.000000
0.000000
0.021801
0.077540
0.039595
0.000000
0.000000
0.000000
0.057646
0.043922
0.021450
0.000000
0.000000
0.048875
0.000000
0.000000
0.000000
0.000000
0.044736
0.000000
0.010653
0.000000
0.000000
0.000000
0.000000
0.000000
0.000000
0.000000
0.000000
0.035367
0.018279
0.000000
0.000000
0.097504
0.008923
0.015127
0.000000
0.000000
0.000000
