0.000000
0.000000
0.000000
0.000000
0.000000
0.000000
0.000000
0.051968
0.002592
0.000000
0.000000
0.000000
0.013860
0.000000
0.000000
0.000000
0.000000
0.012056
0.000000
0.000000
0.000000
0.000000
0.034858
0.000000
0.000000
0.000000
0.000000
0.000000
0.000000
0.000000
0.000000
0.056142
0.049402
0.000000
0.000000
0.000000
0.000000
0.000000
0.000000
0.000000
0.000000
0.000000
0.000000
0.000000
0.000000
0.017197
0.000000
0.000000
0.000000
0.000000
0.000000
0.049651
0.048550
0.003194
0.075626
0.000000
0.061669
0.008952
0.046482
0.008509
0.000000
0.000000
0.000000
0.001150
0.000000
0.000000
0.000000
0.000000
0.019861
0.054803
0.000000
0.000000
0.000000
0.000000
0.000000
0.004224
0.000000
0.000000
0.050178
0.000000
0.000000
0.000000
0.000000
0.000000
0.000000
0.000000
0.000000
0.000000
0.000000
0.000000
0.000000
0.000000
0.119301
0.070931
0.023553
0.000000
0.000000
0.000000
0.000000
0.000000
0.008656
0.000000
0.000000
0.000000
0.000000
0.000000
0.000000
0.000000
0.000000
0.225768
0.001118
0.000000
0.000000
0.000000
0.000000
0.006124
0.000000
0.000000
0.000000
0.000000
0.000000
0.000000
0.000000
0.000000
0.000000
0.000000
0.000000
0.000000
0.000000
0.000000
0.094422
0.035043
0.000000
0.000000
0.010083
0.000000
0.006209
0.000000
0.000000
0.000000
0.005742
0.000000
0.000000
0.000000
0.000000
0.006536
0.000000
0.000000
0.000000
0.020990
0.020868
0.163352
0.060255
0.039385
0.171488
0.114951
0.058464
0.000000
0.000000
0.000000
0.000000
0.000000
0.133442
0.000000
0.028554
0.000000
0.029664
0.000000
0.083832
0.006248
0.000000
0.000000
0.000000
0.000000
0.000000
0.000000
0.000000
0.000000
0.000000
0.000000
0.005210
0.000000
0.000000
0.000000
0.000000
0.047096
0.042069
0.000000
0.026670
0.009944
0.000000
0.000000
0.001248
0.000000
0.000000
0.000000
0.067245
0.000000
0.000000
0.000695
0.004741
0.027115
0.000000
0.000000
0.012834
0.000000
0.043946
0.000000
0.000000
0.000000
0.000000
0.000000
0.000000
0.000000
0.000000
0.000000
0.000000
0.000044
0.000000
0.000000
0.134765
0.000000
0.093514
0.000000
0.000000
0.000000
0.000000
0.000000
0.000000
0.000000
0.000000
0.000000
0.000000
0.000000
0.000000
0.000000
0.044022
0.000000
0.049508
0.129669
0.112731
0.000000
0.000000
0.000000
0.010083
0.000000
0.000000
0.000000
0.000000
0.049907
0.000000
0.000000
0.130428
0.053467
0.046235
0.061757
0.000000
0.041959
0.000000
0.075019
0.000000
0.201816
0.000000
0.000000
0.046804
0.000000
0.192728
0.060016
0.024230
0.000000
0.000000
0.000000
0.011883
0.000000
0.000000
0.000000
0.000000
0.000000
0.000000
0.000000
0.000000
0.026881
0.000000
0.000000
0.003883
0.000000
0.000000
0.000000
0.000000
0.000000
0.042650
0.074167
0.000000
0.000000
0.000000
0.000000
0.000000
0.000000
0.028545
0.000000
0.000000
0.000000
0.000000
0.000000
0.000000
0.000000
0.000000
0.000000
0.000000
0.000000
0.025865
0.000000
0.000000
0.015614
0.009208
0.000000
0.000000
0.000000
0.000000
0.000000
0.000000
0.000000
0.000000
0.000000
0.000000
0.000000
0.027029
0.000000
0.000000
0.000000
0.000000
0.000000
0.000000
0.000000
0.000000
0.005391
0.112581
0.000000
0.000000
0.000000
0.000000
0.000000
0.000000
0.000000
0.000000
0.000000
0.000000
0.000000
0.000000
0.000000
0.000000
0.000000
0.000000
0.001333
0.000000
0.000000
0.000000
0.000000
0.000000
0.000000
0.000000
0.000000
0.000000
0.000000
0.012087
0.026595
0.000000
0.000000
0.000000
0.000000
0.000000
0.000000
0.012886
0.000000
0.000000
0.000000
0.000000
0.000000
0.000000
0.000000
0.013956
0.000000
0.000000
0.000000
0.000000
0.000000
0.000000
0.047537
0.000000
0.015165
0.000000
0.000000
0.000000
0.000000
0.000000
0.000000
0.042061
0.029304
0.039010
0.000000
0.000000
0.000000
0.017766
0.012058
0.000000
0.000000
0.000000
0.000000
0.000000
0.000000
0.000000
0.000000
0.000000
0.000000
0.000000
0.015055
0.014972
0.000000
0.000000
0.000000
0.000000
0.000000
0.000000
0.014568
0.115666
0.000000
0.000000
0.000000
0.015121
0.033541
0.000000
0.000000
0.000000
0.000000
0.019020
0.000000
0.000000
0.000000
0.000000
0.000000
0.240186
0.050839
0.116786
0.056251
0.128059
0.030675
0.000000
0.000000
0.000000
0.000000
0.000069
0.000000
0.000000
0.160025
0.000000
0.009078
0.079771
0.017037
0.040812
0.069051
0.031827
0.000000
0.000000
0.000000
0.000000
0.048533
0.076099
0.005257
0.000000
0.032857
0.000000
0.044148
0.000000
0.000000
0.000000
0.000000
0.000000
0.032059
0.000000
0.000000
0.000000
0.000000
0.000000
0.013700
0.000000
0.061771
0.000000
0.021832
0.036357
0.000000
0.000000
0.000000
0.000000
0.000000
0.000000
0.000000
0.000000
0.000000
0.000000
0.001773
0.000000
0.000000
0.000000
0.000000
0.000000
0.000000
0.078138
0.074450
0.038011
0.012744
0.000000
0.019522
0.000000
0.045099
0.000000
0.036037
0.017062
0.000000
0.000000
0.000000
0.000000
0.000000
0.000000
0.104024
0.000000
0.000000
0.000000
0.000000
0.016762
0.000000
0.000000
0.000000
0.000000
0.000000
0.000000
0.000000
0.000000
0.000000
0.000000
0.035325
0.024338
0.069836
0.002411
0.000000
0.000000
0.011469
0.000000
0.029689
0.000000
0.000000
0.000000
0.000000
0.051755
0.013584
0.048921
0.000000
0.000000
0.000000
0.000000
0.000000
0.002936
0.000000
0.000000
0.000000
0.000000
0.000000
0.000000
0.000000
0.000000
0.012435
0.000000
0.000000
0.035668
0.000000
0.000000
0.001528
0.000000
0.000000
0.089431
0.036562
0.047969
0.000000
0.000000
0.000000
0.000000
0.071451
0.000000
0.000000
0.004273
0.000000
0.001755
0.000000
0.000000
0.032150
0.000000
0.037519
0.000000
0.000000
0.000000
0.000000
0.000000
0.000000
0.031744
0.000000
0.000000
0.000000
0.000000
0.000000
0.000000
0.000000
0.000000
0.000000
0.000000
0.000000
0.000000
0.000000
0.064161
0.000000
0.000000
0.001178
0.000000
0.000000
0.000000
0.000000
0.000000
0.101298
0.000000
0.035665
0.000000
0.000000
0.033543
0.010271
0.062852
0.000000
0.000000
0.000000
0.000000
0.000000
0.000000
0.000000
0.000000
0.000000
0.035308
0.188936
0.018173
0.001734
0.030981
0.031220
0.000000
0.045716
0.000000
0.009186
0.054809
0.033143
0.123291
0.006890
0.038481
0.000000
0.000000
0.059424
0.016939
0.000000
0.000000
0.003817
0.000000
0.000000
0.000000
0.140742
0.018607
0.000000
0.000000
0.006316
0.000000
0.000000
0.000000
0.000000
0.000000
0.001906
0.000000
0.000000
0.000000
0.000000
0.000000
0.000000
0.000000
0.000000
0.000000
0.000000
0.000000
0.000000
0.000000
0.003115
0.001983
0.000000
0.000000
0.036795
0.001716
0.000000
0.000000
0.000000
0.000000
0.000000
0.000000
0.000000
0.000000
0.000000
0.015649
0.060445
0.078082
0.027930
0.000000
0.000000
0.011353
0.000000
0.000000
0.000000
0.000000
0.000000
0.000000
0.000000
0.023331
0.035470
0.000000
0.043591
0.015011
0.000000
0.000000
0.000000
0.000000
0.000000
0.000000
0.065726
0.293340
0.025578
0.027942
0.167333
0.137175
0.133499
0.008931
0.046411
0.000000
0.000000
0.041406
0.000000
0.032582
0.040192
0.000254
0.003035
0.000000
0.000000
0.000000
0.000000
0.026369
0.000000
0.000000
0.000000
0.000000
0.007878
0.000000
0.000000
0.016863
0.000000
0.000000
0.000000
0.000000
0.000000
0.000000
0.000000
0.089653
0.000000
0.000000
0.000000
0.035748
0.000000
0.000000
0.000000
0.000000
0.000000
0.000000
0.000000
0.043155
0.000000
0.000000
0.000000
0.000000
0.000000
0.000000
0.000000
0.087381
0.156965
0.018394
0.013502
0.052440
0.000000
0.000000
0.000000
0.000000
0.000000
0.086731
0.000000
0.006353
0.000000
0.000000
0.104498
0.000000
0.000000
0.020240
0.000000
0.000000
0.000000
0.000000
0.000000
0.000000
0.000000
0.003636
0.000000
0.000000
0.000000
0.000000
0.000000
0.001585
0.000000
0.000000
0.000000
0.000000
0.000999
0.000000
0.000000
0.000000
0.000000
0.000000
0.000000
0.000000
0.003791
0.082815
0.011015
0.000000
0.051683
0.065470
0.043543
0.125233
0.016225
0.025373
0.112158
0.000000
0.051643
0.088808
0.010424
0.000000
0.012584
0.000000
0.000000
0.000000
0.000000
0.019198
0.000000
0.023419
0.000000
0.000000
0.037294
0.000000
0.000000
0.000000
0.081058
0.003804
0.012330
0.000000
0.000000
0.000000
0.000000
0.000000
0.000000
0.000000
0.000000
0.000000
0.000000
0.000000
0.000000
0.000000
0.000000
0.160852
0.000000
0.001951
0.000000
0.000000
0.010511
0.064599
0.051824
0.000000
0.000000
0.000000
0.000000
0.000000
0.000000
0.000000
0.000000
0.000000
0.000000
0.000000
0.000000
0.000000
0.000000
0.000000
0.000000
0.136813
0.000000
0.000000
0.000000
0.000000
0.000000
0.000000
0.000000
0.000000
0.000000
0.000000
0.057012
0.033883
0.088842
0.040509
0.000000
0.000000
0.000000
0.000000
0.008342
0.000000
0.000000
0.007654
0.000000
0.000000
0.000000
0.000000
0.000000
0.000000
0.000000
0.000000
0.000000
0.000000
0.000000
0.051723
0.017121
0.139395
0.001069
0.057113
0.112696
0.000000
0.000000
0.000000
0.000000
0.000000
0.000000
0.009672
0.000000
0.000000
0.000000
0.000000
0.000000
0.000000
0.268925
0.040677
0.024048
0.016455
0.014140
0.154027
0.035409
0.030640
0.010038
0.000000
0.000000
0.000000
0.000000
0.000000
0.002480
0.000000
0.000000
0.000000
0.000000
0.019731
0.000000
0.000000
0.041935
0.031472
0.000000
0.000000
0.033576
0.000000
0.000000
0.000000
0.021709
0.000000
0.000000
0.000000
0.000000
0.002141
0.000000
0.048366
0.064317
0.072026
0.000000
0.000000
0.000000
0.000000
0.000000
0.157183
0.000000
0.000000
0.000000
0.000000
0.000000
0.075380
0.143968
0.053349
0.029102
0.068109
0.033883
0.014927
0.000000
0.000000
0.000000
0.000000
0.000000
0.000000
0.000000
0.000000
0.023542
0.000000
0.003349
0.000000
0.000000
0.034079
0.012901
0.000000
0.030303
0.032225
0.000000
0.016700
0.000000
0.049749
0.000000
0.000000
0.000000
0.000000
0.000000
0.000000
0.000000
0.000000
0.044428
0.000000
0.027692
0.000000
0.000000
0.046316
0.135752
0.009128
0.000000
0.000000
0.000000
0.000000
0.000000
0.000000
0.000000
0.000000
0.000000
0.000459
0.000000
0.000000
0.000000
0.000000
0.000000
0.000000
0.000000
0.094618
0.016089
0.000000
0.000000
0.000000
0.000000
0.000000
0.000000
0.000000
0.000000
0.000000
0.000000
0.000000
0.000000
0.000000
0.000000
0.000000
0.000000
0.000000
0.000000
0.011374
0.000000
0.000000
0.038910
0.055348
0.000000
0.000000
0.000000
0.033755
0.000000
0.000000
0.000000
0.000000
0.000000
0.000000
0.000000
0.000000
0.000000
0.109410
0.088713
0.237898
0.032216
0.000000
0.000000
0.000000
0.000000
0.083253
0.031406
0.034759
0.082632
0.020899
0.074285
0.041886
0.029073
0.038805
0.015772
0.000000
0.000000
0.000000
0.000000
0.000000
0.000000
0.000000
0.000000
0.000000
0.000000
0.000000
0.000000
0.000000
0.000000
0.082003
0.000000
0.000000
0.000000
0.000000
0.000000
0.008346
0.013673
0.000000
0.000000
0.000000
0.032406
0.000000
0.000000
0.000000
0.000000
0.015840
0.000000
0.000000
0.000000
0.000000
0.000000
0.000000
0.000000
0.000000
0.000000
0.000000
0.000000
0.000000
0.111634
0.038177
0.000000
0.000000
0.000000
0.000000
0.029958
0.009129
0.000000
0.000000
0.000000
0.000000
0.000000
0.000000
0.000000
0.000000
0.000000
0.034864
0.000000
0.000000
0.000000
0.000000
0.033594
0.022361
0.000000
0.000000
0.000000
0.000000
0.000000
0.000000
0.000000
0.000000
0.000000
0.000000
0.000000
0.000000
0.000000
0.000000
0.000000
0.000000
0.082659
0.008968
0.000000
0.000000
0.000000
0.000000
0.000000
0.000000
0.000000
0.000000
0.000000
0.000000
0.000000
0.000000
0.000000
0.000000
0.000000
0.000000
0.000000
0.000000
0.000000
0.073416
0.049728
0.096026
0.000000
0.000000
0.000000
0.000000
0.000000
0.000000
0.000000
0.000000
0.014260
0.000000
0.000000
0.000000
0.000000
0.134566
0.000000
0.031970
0.002091
0.257458
0.045391
0.049962
0.027379
0.000000
0.000000
0.000000
0.000000
0.000000
0.052300
0.000000
0.000000
0.000000
0.000000
0.000000
0.000000
0.000000
0.000000
0.048523
0.103486
0.052898
0.002722
0.029205
0.009772
0.000000
0.000000
0.055581
0.110639
0.000000
0.000000
0.007474
0.000000
0.000000
0.000000
0.000000
0.000000
0.000000
0.000000
0.088379
0.042488
0.178068
0.000000
0.000000
0.000000
0.002266
0.000000
0.149827
0.056509
0.000000
0.189708
0.014982
0.000000
0.011514
0.000000
0.000000
0.000000
0.000000
0.000000
0.000000
0.071255
0.000000
0.003708
0.000000
0.000000
0.198700
0.266126
0.007535
0.107417
0.002085
0.017486
0.025805
0.071974
0.000000
0.088289
0.028145
0.006514
0.000000
0.002774
0.000000
0.000000
0.000000
0.000000
0.000000
0.000000
0.000000
0.025415
0.000000
0.008836
0.000000
0.050937
0.000000
0.000000
0.000000
0.000000
0.000000
0.000000
0.000794
0.000000
0.000000
0.000000
0.000000
0.000000
0.000000
0.046239
0.000000
0.088691
0.000000
0.000000
0.000000
0.000000
0.000000
0.000000
0.000000
0.000000
0.099469
0.000000
0.000000
0.000000
0.000000
0.000000
0.000000
0.001272
0.000000
0.000000
0.000000
0.000000
0.000000
0.017935
0.025590
0.000000
0.000000
0.000000
0.000000
0.000000
0.000000
0.000000
0.000000
0.026205
0.032682
0.011652
0.000000
0.000000
0.000000
0.073593
0.000000
0.000000
0.000000
0.000000
0.036155
0.000000
0.000000
0.000000
0.000000
0.000000
0.000000
0.000000
0.000000
0.000000
0.000000
0.000000
0.000000
0.044751
0.000000
0.000000
0.000000
0.000000
0.000000
0.000000
0.039957
0.017006
0.075095
0.000000
0.000000
0.000000
0.000000
0.024875
0.016535
0.000000
0.000000
0.000000
0.000000
0.000000
0.000000
0.000000
0.000000
0.000000
0.007723
0.008173
0.000000
0.000000
0.035466
0.161360
0.000000
0.000000
0.000000
0.000000
0.000000
0.000000
0.000000
0.000000
0.000000
0.000000
0.000000
0.000000
0.000000
0.000000
0.000000
0.000000
0.070926
0.082950
0.000000
0.000000
0.000000
0.000000
0.000000
0.012894
0.000000
0.000000
0.087884
0.000000
0.000000
0.193194
0.000000
0.000000
0.000000
0.000000
0.004129
0.000000
0.000000
0.000000
0.000000
0.000000
0.132676
0.099660
0.084663
0.006551
0.024886
0.014206
0.155152
0.000000
0.028301
0.000000
0.000000
0.000000
0.000000
0.000000
0.000000
0.000000
0.000000
0.196965
0.034120
0.007699
0.025956
0.007849
0.000000
0.000000
0.000000
0.000000
0.000000
0.041363
0.000000
0.000000
0.000000
0.000000
0.000000
0.000000
0.000000
0.000000
0.000000
0.000000
0.000000
0.019582
0.000000
0.000000
0.000000
0.017161
0.000000
0.000000
0.000000
0.000000
0.000000
0.000000
0.000000
0.005238
0.010009
0.000000
0.000000
0.027754
0.081867
0.000000
0.068546
0.033010
0.010191
0.070741
0.000000
0.000000
0.000000
0.000000
0.051734
0.039488
0.000000
0.000000
0.000000
0.000000
0.000000
0.000000
0.000000
0.000000
0.000000
0.000000
0.000000
0.000000
0.000000
0.000000
0.000000
0.000000
0.001818
0.000000
0.000000
0.000000
0.049437
0.000000
0.000000
0.000000
0.027932
0.000000
0.000000
0.000000
0.000000
0.000000
0.000000
0.000000
0.000000
0.000000
0.014686
0.000000
0.000000
0.000000
0.000000
0.000000
0.000000
0.000000
0.000000
0.000000
0.000000
0.000000
0.000000
0.006953
0.000000
0.000000
0.000000
0.000000
0.000000
0.000000
0.000000
0.000000
0.000000
0.211324
0.000000
0.026636
0.000000
0.047972
0.060289
0.000000
0.000000
0.000000
0.000000
0.000000
0.152345
0.033386
0.000000
0.000000
0.008301
0.000000
0.000000
0.000000
0.000000
0.000000
0.000000
0.000000
0.000000
0.000000
0.000000
0.080932
0.008234
0.000000
0.000000
0.000000
0.000000
0.000000
0.000000
0.000000
0.000000
0.161712
0.024546
0.057302
0.000000
0.000000
0.000000
0.000000
0.000000
0.000000
0.000000
0.000000
0.000000
0.000000
0.000000
0.014645
0.000000
0.000000
0.000000
0.000000
0.000000
0.000000
0.000000
0.000000
0.000000
0.000000
0.016787
0.185329
0.000000
0.137965
0.002384
0.094661
0.000000
0.027204
0.027341
0.000000
0.000000
0.000000
0.000000
0.047571
0.000000
0.000000
0.000000
0.007265
0.000000
0.000000
0.000000
0.000000
0.001198
0.000000
0.010785
0.000000
0.000000
0.000000
0.000000
0.000000
0.000000
0.000000
0.000000
0.000000
0.000000
0.000000
0.000000
0.000000
0.001942
0.000000
0.195761
0.000000
0.000000
0.000000
0.000000
0.071097
0.001949
0.000000
0.000000
0.000000
0.000000
0.000000
0.000000
0.000000
0.000000
0.000000
0.073602
0.069680
0.000000
0.058515
0.000000
0.036448
0.000000
0.029789
0.000000
0.000000
0.000000
0.000000
0.000000
0.005515
0.000000
0.044552
0.000000
0.000000
0.000000
0.002878
0.000000
0.000000
0.000000
0.000000
0.000000
0.000000
0.000000
0.000000
0.037261
0.000000
0.000000
0.000000
0.072873
0.061972
0.022171
0.070307
0.018264
0.002134
0.000000
0.000000
0.000000
0.000000
0.000000
0.102532
0.019237
0.000000
0.000000
0.000000
0.000000
0.000000
0.000000
0.013516
0.000000
0.000000
0.006331
0.000000
0.000000
0.000000
0.000000
0.000000
0.025159
0.000000
0.000000
0.000000
0.000000
0.000000
0.000000
0.000000
0.067548
0.000000
0.000000
0.000000
0.000000
0.000000
0.000000
0.000000
0.050431
0.033721
0.000000
0.000000
0.000000
0.000000
0.000000
0.000000
0.000000
0.000000
0.000000
0.000000
0.067139
0.059520
0.000000
0.110162
0.046871
0.051668
0.000000
0.000000
0.000000
0.000000
0.000000
0.019286
0.018836
0.000000
0.000000
0.000000
0.000000
0.000000
0.000000
0.000000
0.000000
0.000000
0.000000
0.000000
0.000000
0.000000
0.000000
0.000000
0.000000
0.072189
0.056795
0.011000
0.000000
0.000000
0.022637
0.006639
0.000000
0.000000
0.000000
0.028483
0.000000
0.000000
0.000000
0.000000
0.000000
0.073061
0.112321
0.030159
0.055370
0.000000
0.000000
0.000000
0.000000
0.000000
0.000000
0.000000
0.000000
0.007573
0.000000
0.000000
0.003050
0.000000
0.000000
0.000000
0.021466
0.000000
0.000000
0.000000
0.016560
0.046114
0.000000
0.000000
0.000000
0.000000
0.051075
0.032243
0.000000
0.000000
0.000000
0.000000
0.019540
0.000000
0.019144
0.000000
0.000000
0.000000
0.000000
0.111378
0.028346
0.000000
0.000000
0.131585
0.000000
0.000000
0.053291
0.041627
0.000000
0.000000
0.000000
0.052180
0.000000
0.000000
0.000000
0.000000
0.000000
0.000000
0.000000
0.000000
0.000000
0.000000
0.031306
0.000000
0.000000
0.000000
0.000000
0.000000
0.000000
0.000000
0.000000
0.000000
0.000000
0.000000
0.067159
0.000000
0.000000
0.000000
0.000000
0.000000
0.027992
0.000000
0.000000
0.000000
0.000000
0.051757
0.000844
0.000000
0.000000
0.000000
0.000000
0.000000
0.000000
0.000000
0.000000
0.024254
0.028336
0.007336
0.000000
0.019535
0.000000
0.000000
0.004635
0.000000
0.000000
0.000398
0.051252
0.000000
0.000000
0.019641
0.000000
0.268849
0.000000
0.000000
0.076208
0.014622
0.000000
0.000000
0.018689
0.025639
0.045846
0.235222
0.039196
0.020916
0.008750
0.108869
0.104000
0.015768
0.000000
0.000000
0.000000
0.000000
0.063846
0.041110
0.000000
0.000000
0.000000
0.000000
0.000000
0.000000
0.000000
0.000000
0.000000
0.039978
0.026836
0.000000
0.000000
0.000000
0.000000
0.000000
0.000000
0.000000
0.000000
0.000000
0.000000
0.000000
0.000000
0.000000
0.000000
0.000000
0.000000
0.000000
0.000000
0.000000
0.000000
0.000000
0.000000
0.104011
0.000321
0.000000
0.000000
0.000000
0.000000
0.045182
0.046976
0.017901
0.000000
0.000000
0.000000
0.000000
0.017529
0.000000
0.015292
0.059141
0.000000
0.000000
0.000000
0.000000
0.000000
0.056626
0.003143
0.015432
0.000000
0.000000
0.000000
0.019666
0.000000
0.000000
0.000000
0.024676
0.000000
0.000000
0.000000
0.000000
0.000000
0.000000
0.000000
0.000000
0.000000
0.000000
0.000000
0.000000
0.012493
0.000000
0.000000
0.000000
0.000000
0.000000
0.000000
0.000000
0.000000
0.000000
0.000000
0.000000
0.000000
0.023577
0.015651
0.012996
0.000000
0.054967
0.026477
0.031234
0.004567
0.020981
0.015772
0.000000
0.080117
0.141839
0.030913
0.017424
0.000000
0.000000
0.000000
0.000000
0.000000
0.000000
0.000000
0.000000
0.000000
0.000000
0.000000
0.000000
0.059834
0.000000
0.000000
0.025666
0.072469
0.000000
0.200312
0.004537
0.057653
0.019668
0.000000
0.000000
0.000000
0.000000
0.000000
0.000000
0.000000
0.081339
0.000000
0.000000
0.000000
0.068400
0.066666
0.061880
0.049979
0.000000
0.000000
0.067557
0.115702
0.066847
0.000000
0.000000
0.000000
0.000000
0.000000
0.000000
0.000000
0.000000
0.106046
0.034692
0.004243
0.000000
0.000000
0.000000
0.000000
0.098678
0.000000
0.000000
0.000000
0.056471
0.000000
0.077511
0.000000
0.000000
0.000000
0.000000
0.000000
0.000000
0.000000
0.000000
0.000000
0.000000
0.121722
0.000000
0.000000
0.000000
0.000000
0.000000
0.000000
0.000000
0.000000
0.003694
0.000000
0.003118
0.000000
0.000000
0.000000
0.000000
0.000000
0.023028
0.000000
0.012775
0.000000
0.008931
0.000000
0.000000
0.000000
0.000000
0.000000
0.118669
0.000000
0.000000
0.000000
0.000000
0.000000
0.000000
0.000000
0.000000
0.000000
0.030753
0.119140
0.018680
0.000000
0.025621
0.005029
0.000000
0.134374
0.000000
0.000000
0.000000
0.000000
0.032189
0.013132
0.006029
0.000000
0.000000
0.000000
0.000000
0.000000
0.069177
0.000000
0.000000
0.000000
0.040670
0.000000
0.000000
0.000000
0.000000
0.000000
0.000000
0.000000
0.000000
0.000000
0.000000
0.022178
0.004776
0.000000
0.000000
0.000000
0.000000
0.000529
0.000000
0.051376
0.014209
0.000000
0.000260
0.000000
0.002877
0.000000
0.000000
0.000000
0.001665
0.012773
0.002983
0.000000
0.000000
0.000000
0.000000
0.000000
0.017720
0.028678
0.135333
0.055594
0.000000
0.000000
0.000000
0.000000
0.000000
0.000000
0.126821
0.047138
0.000000
0.000000
0.008844
0.000000
0.000000
0.000000
0.000000
0.072925
0.000000
0.000000
0.069649
0.016878
0.000000
0.000000
0.000000
0.000000
0.000000
0.046202
0.058069
0.000000
0.000000
0.000000
0.000637
0.000000
0.000000
0.000000
0.000000
0.000000
0.000000
0.013602
0.080283
0.052761
0.063310
0.000000
0.000000
0.000000
0.000000
0.000000
0.000000
0.000000
0.000000
0.015444
0.074904
0.015535
0.000000
0.000000
0.000000
0.000000
0.000000
0.024565
0.000000
0.000000
0.000000
0.000000
0.000000
0.000000
0.000000
0.000000
0.029333
0.064068
0.020747
0.038468
0.000000
0.000000
0.000000
0.000000
0.000000
0.000000
0.000000
0.000000
0.020886
0.000000
0.000000
0.009160
0.000000
0.000000
0.000000
0.000000
0.048147
0.000000
0.000000
0.035404
0.000000
0.030609
0.000000
0.007570
0.000000
0.000000
0.000000
0.000000
0.000000
0.000000
0.000000
0.000000
0.000000
0.021542
0.000000
0.000000
0.000000
0.147768
0.002034
0.000000
0.000000
0.156169
0.000000
0.000000
0.000000
0.000000
0.000000
0.000000
0.000000
0.000000
0.000000
0.000000
0.000000
0.031579
0.000000
0.039565
0.000000
0.000000
0.013014
0.000000
0.000000
0.000000
0.000134
0.000000
0.000305
0.000000
0.000000
0.134764
0.041706
0.000000
0.000000
0.035476
0.000000
0.000000
0.000727
0.000000
0.115607
0.022263
0.000000
0.000000
0.000000
0.083292
0.162180
0.031477
0.000000
0.000000
0.137296
0.006960
0.000000
0.000000
0.049951
0.000938
0.027721
0.024422
0.000000
0.000000
0.018731
0.000000
0.000000
0.000000
0.000000
0.000000
0.043263
0.050778
0.047764
0.151417
0.009434
0.031487
0.000000
0.000000
0.000000
0.000000
0.000000
0.000000
0.000000
0.000000
0.000000
0.000000
0.000000
0.000000
0.015776
0.000000
0.000000
0.000000
0.015886
0.000000
0.000000
0.000000
0.000000
0.000000
0.000000
0.000000
0.000000
0.000000
0.000000
0.000000
0.000000
0.000000
0.010952
0.000000
0.000000
0.000000
0.000000
0.000000
0.023811
0.006685
0.020854
0.000000
0.000000
0.000000
0.000000
0.000000
0.000000
0.000000
0.000000
0.031000
0.059134
0.000000
0.000000
0.000000
0.000000
0.000000
0.000000
0.000000
0.000000
0.010314
0.049741
0.005477
0.150458
0.073530
0.000000
0.000000
0.009378
0.000000
0.078200
0.069175
0.023861
0.000000
0.000000
0.000000
0.000000
0.000000
0.000000
0.000000
0.000000
0.000000
0.000000
0.000000
0.192515
0.072313
0.075424
0.078411
0.067493
0.019288
0.014646
0.000000
0.042420
0.000000
0.000000
0.000000
0.070608
0.000000
0.000000
0.000000
0.000000
0.000000
0.000000
0.000000
0.000000
0.000000
0.000000
0.000000
0.000000
0.000000
0.000000
0.000000
0.000000
0.000000
0.039643
0.024768
0.000000
0.000000
0.008656
0.004631
0.005272
0.081578
0.000000
0.018850
0.000000
0.000000
0.000000
0.000000
0.000000
0.000000
0.000000
0.000000
0.000000
0.000000
0.000000
0.079044
0.000000
0.000000
0.000000
0.000000
0.000000
0.000000
0.035004
0.000000
0.008339
0.000000
0.000000
0.022398
0.017608
0.000000
0.000000
0.019145
0.000000
0.000000
0.000000
0.039058
0.011608
0.022626
0.000000
0.000000
0.166476
0.001499
0.000000
0.000000
