0.164610
0.077578
0.003255
0.016807
0.007866
0.018125
0.036111
0.021486
0.031456
0.053623
0.068238
0.036857
0.043380
0.040899
0.007059
0.071744
0.024406
0.030865
0.016957
0.043416
0.002273
0.031074
0.076648
0.031485
0.068624
0.016005
0.129427
0.004380
0.009887
0.019405
0.018927
0.274810
0.154270
0.157096
0.133142
0.001110
0.020141
0.078455
0.072725
0.013283
0.140237
0.092275
0.103096
0.152646
0.062564
0.051144
0.001254
0.001245
0.037325
0.136328
0.014956
0.040167
0.006387
0.014161
0.025597
0.010174
0.034526
0.020406
0.036956
0.006327
0.000550
0.274762
0.245872
0.260441
0.265214
0.185395
0.145250
0.025094
0.037350
0.102982
0.019058
0.072704
0.145677
0.031293
0.000679
0.091009
0.118570
0.114073
0.005044
0.016655
0.053021
0.023292
0.008245
0.070373
0.041596
0.056560
0.013765
0.042348
0.015174
0.028020
0.012312
0.029748
0.064762
0.019376
0.024886
0.030910
0.013578
0.016225
0.036940
0.051064
0.007449
0.003718
0.010183
0.030873
0.005589
0.033507
0.191616
0.095026
0.002222
0.221206
0.015600
0.019951
0.007682
0.111866
0.034390
0.027875
0.099820
0.020686
0.014736
0.032915
0.045353
0.013544
0.002943
0.011616
0.065357
0.035735
0.034592
0.025547
0.118390
0.033306
0.100832
0.055135
0.010711
0.008994
0.014533
0.001615
0.000131
0.013562
0.007542
0.060529
0.151515
0.024911
0.077805
0.011330
0.006119
0.100601
0.070432
0.009254
0.041682
0.103014
0.040570
0.001041
0.083785
0.058816
0.001277
0.075775
0.068565
0.001368
0.044260
0.016517
0.025678
0.105164
0.077306
0.111402
0.063094
0.009728
0.004050
0.104259
0.040368
0.038111
0.055198
0.001494
0.008755
0.060012
0.068832
0.010879
0.029446
0.120737
0.096620
0.003601
0.010667
0.010045
0.022547
0.038801
0.178616
0.181585
0.095805
0.081016
0.170710
0.096826
0.079193
0.042560
0.070135
0.116717
0.005987
0.024556
0.018748
0.024190
0.033392
0.031839
0.029117
0.026328
0.008338
0.012224
0.149357
0.030369
0.044351
0.160937
0.070347
0.055444
0.042942
0.014390
0.011831
0.055051
0.005738
0.051544
0.004464
0.036156
0.007064
0.008578
0.071386
0.007654
0.000521
0.076790
0.047720
0.049346
0.013008
0.065260
0.029960
0.018576
0.002908
0.039502
0.073152
0.059411
0.014733
0.016018
0.021370
0.048348
0.010079
0.152087
0.129726
0.140458
0.103372
0.076452
0.091042
0.078651
0.020260
0.008760
0.005822
0.289353
0.243489
0.022426
0.121186
0.260089
0.233970
0.206751
0.031870
0.042693
0.066212
0.013450
0.003347
0.065923
0.005937
0.004154
0.031810
0.005637
0.025825
0.030890
0.007230
0.053932
0.040883
0.063505
0.040799
0.026622
0.030515
0.028882
0.020561
0.000912
0.067042
0.015568
0.160866
0.137636
0.031802
0.053737
0.062962
0.023044
0.073588
0.017791
0.099080
0.055767
0.005830
0.022022
0.007946
0.056250
0.065415
0.017847
0.013305
0.060221
0.026319
0.009797
0.013657
0.032245
0.009230
0.131057
0.002383
0.135741
0.010151
0.059925
0.048648
0.135909
0.122303
0.014071
0.034130
0.071488
0.005914
0.086750
0.138757
0.012011
0.092375
0.015890
0.011933
0.004356
0.044542
0.077399
0.026954
0.026756
0.066582
0.057103
0.049780
0.076264
0.014988
0.035876
0.067598
0.091385
0.022620
0.014948
0.035427
0.023240
0.054188
0.048958
0.078307
0.020276
0.051765
0.026933
0.063073
0.053275
0.011789
0.022415
0.016236
0.026559
0.188731
0.049959
0.006825
0.024221
0.008439
0.032347
0.030843
0.032219
0.061350
0.039406
0.145654
0.120491
0.040625
0.007890
0.007638
0.068404
0.126628
0.029779
0.018852
0.006649
0.055833
0.104262
0.001100
0.014322
0.017728
0.015024
0.047159
0.063249
0.000218
0.026080
0.005514
0.009788
0.083886
0.074082
0.073968
0.087299
0.034433
0.017174
0.101875
0.096762
0.172927
0.080942
0.242887
0.208196
0.157474
0.179420
0.064318
0.016755
0.179248
0.209903
0.044460
0.064594
0.002581
0.074510
0.018138
0.011093
0.028751
0.019032
0.000065
0.105680
0.061796
0.021065
0.056654
0.040817
0.191325
0.220454
0.078044
0.034547
0.012691
0.055028
0.003245
0.121765
0.063396
0.066543
0.096038
0.078538
0.062753
0.123617
0.055906
0.002647
0.209425
0.093156
0.011496
0.049588
0.130090
0.111973
0.077874
0.006829
0.035916
0.129946
0.055254
0.177378
0.101146
0.082558
0.079882
0.016949
0.112482
0.070859
0.034115
0.008059
0.029193
0.018828
0.116314
0.044583
0.027155
0.011415
0.030186
0.106988
0.052834
0.021420
0.008524
0.081584
0.026867
0.009726
0.077160
0.027797
0.032900
0.021410
0.013442
0.028591
0.012576
0.028165
0.003024
0.032319
0.022288
0.057648
0.008277
0.070672
0.009144
0.003810
0.052595
0.009443
0.009681
0.035389
0.030749
0.010581
0.001889
0.021143
0.188486
0.165830
0.212373
0.096121
0.033088
0.031370
0.028957
0.029310
0.061001
0.058410
0.003979
0.020006
0.017134
0.074121
0.001334
0.011264
0.181267
0.158408
0.002631
0.005655
0.007954
0.126232
0.010898
0.113071
0.068637
0.033019
0.032970
0.029441
0.014330
0.033661
0.059686
0.073935
0.001328
0.011952
0.001726
0.017120
0.028488
0.283509
0.099861
0.083408
0.004380
0.003024
0.030505
0.002133
0.116490
0.044067
0.006247
0.020948
0.284139
0.114706
0.027716
0.030891
0.137016
0.040821
0.023052
0.001708
0.104848
0.067224
0.208230
0.042704
0.047552
0.035978
0.040514
0.062645
0.057861
0.018002
0.012863
0.043606
0.038489
0.206411
0.184634
0.029467
0.079634
0.048575
0.040974
0.071918
0.039046
0.024548
0.029854
0.011525
0.010471
0.006920
0.209352
0.139845
0.115875
0.049358
0.087548
0.063733
0.059131
0.166980
0.039435
0.044878
0.051719
0.038330
0.026507
0.052510
0.011003
0.020324
0.012822
0.021625
0.003682
0.015457
0.156755
0.097422
0.031376
0.057691
0.121893
0.018902
0.056186
0.012191
0.012674
0.025210
0.022389
0.046015
0.022394
0.020903
0.015123
0.080664
0.030402
0.037391
0.003060
0.047953
0.009090
0.029586
0.010147
0.004303
0.092164
0.057064
0.015921
0.006281
0.071142
0.046730
0.033703
0.133343
0.129348
0.340716
0.313707
0.309417
0.353013
0.358125
0.410377
0.390261
0.225893
0.192319
0.003799
0.003799
0.045701
0.061566
0.097165
0.071133
0.099646
0.194304
0.104407
0.139271
0.083965
0.010555
0.086530
0.015863
0.009444
0.054898
0.029856
0.010843
0.008189
0.047095
0.017913
0.018962
0.010150
0.015178
0.124647
0.007990
0.049733
0.030044
0.001972
0.009134
0.053035
0.027239
0.050549
0.001861
0.034055
0.050372
0.022596
0.031547
0.038302
0.400383
0.159744
0.088900
0.128408
0.106175
0.117058
0.097866
0.032591
0.153943
0.026703
0.113556
0.053470
0.043644
0.136370
0.000455
0.018059
0.066828
0.059407
0.038395
0.159934
0.148097
0.259118
0.386024
0.191025
0.212922
0.019734
0.015329
0.044642
0.009119
0.057881
0.047613
0.035961
0.039926
0.057640
0.008449
0.074493
0.014270
0.010031
0.104204
0.044364
0.052368
0.045913
0.071878
0.009191
0.007836
0.022239
0.094449
0.077982
0.037644
0.027408
0.073709
0.050755
0.087020
0.065147
0.012835
0.000830
0.013884
0.018302
0.053512
0.010148
0.010442
0.032466
0.009274
0.063192
0.075911
0.012971
0.020996
0.000046
0.125931
0.035499
0.074635
0.026000
0.032735
0.031382
0.021051
0.021878
0.029589
0.033709
0.127957
0.122656
0.027935
0.031811
0.002010
0.045184
0.086455
0.082990
0.004336
0.015687
0.101288
0.002343
0.113798
0.019168
0.090054
0.007737
0.021256
0.077447
0.046871
0.023921
0.114865
0.040174
0.122078
0.107898
0.026675
0.029948
0.027784
0.007277
0.186186
0.043639
0.038835
0.032615
0.042026
0.005195
0.032258
0.166807
0.162357
0.049618
0.013801
0.032515
0.011412
0.127121
0.058786
0.097070
0.018738
0.077948
0.033736
0.090820
0.031110
0.006579
0.011058
0.010178
0.019235
0.014946
0.056380
0.010448
0.018179
0.013927
0.062830
0.014233
0.008511
0.010108
0.026977
0.096391
0.023447
0.013204
0.163715
0.018657
0.302998
0.135757
0.018869
0.007331
0.046890
0.027561
0.003407
0.043547
0.113104
0.007672
0.078199
0.031176
0.055043
0.088296
0.048328
0.158462
0.021282
0.000219
0.118402
0.097759
0.013428
0.086949
0.087467
0.023557
0.041362
0.123293
0.021944
0.113097
0.009799
0.000259
0.028040
0.004200
0.005192
0.005494
0.087583
0.001142
0.059672
0.054592
0.121231
0.073574
0.015564
0.055610
0.048332
0.044922
0.078587
0.087917
0.010424
0.001684
0.185525
0.121872
0.118773
0.035107
0.041134
0.044443
0.033377
0.048682
0.021574
0.034869
0.097797
0.050038
0.003484
0.062285
0.009677
0.036750
0.041790
0.001778
0.005901
0.021812
0.006356
0.038226
0.007097
0.206679
0.087399
0.014453
0.005956
0.106801
0.016465
0.068635
0.154252
0.104431
0.060991
0.080559
0.076740
0.131119
0.054610
0.099397
0.056452
0.017317
0.054896
0.022636
0.010335
0.092731
0.069375
0.058583
0.063396
0.006531
0.007171
0.115336
0.059450
0.002721
0.074930
0.079253
0.076020
0.038035
0.008932
0.010391
0.052984
0.013188
0.035683
0.183200
0.139384
0.085102
0.015367
0.069397
0.006451
0.179791
0.047633
0.088883
0.048841
0.013381
0.079818
0.055581
0.094698
0.093867
0.096469
0.060619
0.103121
0.093712
0.188883
0.145725
0.152557
0.157927
0.085399
0.011834
0.112996
0.040088
0.080818
0.036184
0.105108
0.046787
0.082395
0.052451
0.114173
0.089346
0.061055
0.005819
0.010634
0.008762
0.013738
0.262026
0.071344
0.107745
0.048110
0.020975
0.046657
0.040647
0.105394
0.045963
0.055668
0.054261
0.004842
0.047715
0.019864
0.028357
0.051979
0.202848
0.004096
0.049391
0.030681
0.059938
0.055462
0.036698
0.023882
0.054131
0.039924
0.021405
0.007522
0.060825
0.168175
0.081886
0.031695
0.014690
0.152763
0.088428
0.197302
0.075947
0.077762
0.032223
0.021098
0.001674
0.118056
0.062964
0.007872
0.028000
0.015166
0.062026
0.120301
0.113946
0.010162
0.039369
0.047671
0.014004
0.001430
0.147144
0.091055
0.063786
0.006768
0.132715
0.028862
0.010617
0.051043
0.030650
0.242685
0.133844
0.002170
0.079588
0.012445
0.011787
0.059077
0.015674
0.023567
0.010779
0.047892
0.011125
0.005133
0.031160
0.077638
0.066455
0.078443
0.065367
0.018913
0.038787
0.025815
0.041383
0.018554
0.021771
0.080277
0.306306
0.291840
0.243036
0.215394
0.016040
0.054212
0.045956
0.002601
0.078818
0.075165
0.057064
0.021808
0.270990
0.241906
0.193348
0.034131
0.048391
0.004955
0.210762
0.174112
0.111879
0.115762
0.129190
0.129516
0.059820
0.059820
0.140448
0.146744
0.157833
0.002726
0.003281
0.116977
0.094891
0.075800
0.195208
0.028175
0.169206
0.065287
0.056867
0.036153
0.010161
0.012040
0.036092
0.008647
0.019698
0.037158
0.005780
0.042827
0.035655
0.106386
0.059609
0.014427
0.013452
0.008689
0.089816
0.036746
0.118418
0.019166
0.069942
0.057454
0.009522
0.004192
0.097469
0.021617
0.004898
0.018900
0.002506
0.030837
0.019421
0.077685
0.089914
0.120223
0.148172
0.147811
0.032949
0.023018
0.102034
0.070342
0.133445
0.167117
0.072657
0.072824
0.035733
0.020361
0.015889
0.114405
0.051298
0.004138
0.064936
0.042152
0.094268
0.012905
0.016268
0.048253
0.012078
0.062983
0.022793
0.019781
0.011604
0.033639
0.000696
0.001918
0.040854
0.000551
0.002105
0.008054
0.036863
0.078153
0.002503
0.009826
0.049846
0.009938
0.025761
0.078876
0.007393
0.057444
0.007377
0.069133
0.022885
0.001407
0.098718
0.037378
0.148732
0.026163
0.078155
0.025504
0.016613
0.005282
0.002942
0.029051
0.006945
0.083594
0.061111
0.128582
0.010703
0.092873
0.019965
0.023895
0.019031
0.032711
0.001618
0.101870
0.030820
0.086996
0.138816
0.085754
0.099504
0.123449
0.121506
0.059922
0.052466
0.041531
0.071279
0.048362
0.002139
0.135488
0.010138
0.141880
0.120989
0.020515
0.018201
0.080924
0.003341
0.009415
0.029715
0.007755
0.088451
0.059749
0.065306
0.081991
0.018058
0.068232
0.067166
0.066093
0.069110
0.112020
0.048479
0.057328
0.048866
0.115426
0.092249
0.146410
0.005340
0.004674
0.048873
0.140056
0.001109
0.056706
0.102924
0.006931
0.129858
0.016598
0.332682
0.034631
0.000503
0.041325
0.016737
0.051800
0.038192
0.002911
0.039396
0.031784
0.093026
0.007557
0.091720
0.075560
0.006025
0.054966
0.195019
0.104573
0.077398
0.059641
0.110008
0.040532
0.056876
0.014597
0.025929
0.002288
0.014594
0.009714
0.004799
0.005177
0.003109
0.014333
0.074932
0.029936
0.062560
0.044357
0.146991
0.049075
0.012898
0.066778
0.039879
0.048452
0.021016
0.032123
0.070441
0.015556
0.003532
0.027107
0.015985
0.006719
0.042323
0.097076
0.064526
0.018624
0.073610
0.045355
0.081353
0.011971
0.002356
0.022309
0.009907
0.056466
0.053725
0.014377
0.001388
0.085764
0.056072
0.054585
0.125301
0.035615
0.036511
0.064777
0.011517
0.032525
0.012209
0.081072
0.053179
0.061414
0.021553
0.066644
0.015465
0.174812
0.010192
0.084493
0.052264
0.007159
0.004808
0.021495
0.015838
0.033092
0.007220
0.026382
0.018529
0.009193
0.012468
0.083750
0.110269
0.046437
0.014200
0.047567
0.028172
0.003121
0.033302
0.023344
0.098976
0.084049
0.029338
0.028287
0.030610
0.097804
0.014251
0.030637
0.031805
0.006613
0.172670
0.128527
0.135842
0.018830
0.005797
0.003673
0.000493
0.041761
0.018485
0.071030
0.073268
0.061538
0.117400
0.178227
0.082248
0.065440
0.005637
0.003684
0.031422
0.008728
0.071740
0.006931
0.126377
0.021990
0.096101
0.070835
0.190721
0.065709
0.104217
0.055728
0.052737
0.098068
0.079441
0.002093
0.004360
0.007082
0.002081
0.002886
0.174658
0.018755
0.008144
0.004543
0.009216
0.012959
0.096531
0.003886
0.070157
0.095548
0.019638
0.016443
0.071005
0.001397
0.020818
0.079309
0.061335
0.010962
0.007320
0.003726
0.011485
0.043987
0.054473
0.062868
0.019368
0.033336
0.001483
0.079454
0.035895
0.120621
0.040898
0.084611
0.177207
0.072844
0.035032
0.019794
0.018017
0.103262
0.035131
0.000232
0.002434
0.027020
0.065924
0.066513
0.077646
0.053433
0.012000
0.002378
0.017679
0.012632
0.053804
0.041614
0.084462
0.130751
0.119242
0.159418
0.118061
0.103395
0.039001
0.010238
0.030050
0.012494
0.015126
0.011801
0.005732
0.031115
0.081733
0.039528
0.063050
0.022127
0.059521
0.157375
0.032609
0.015136
0.014740
0.009994
0.077838
0.005521
0.037182
0.011588
0.036654
0.014764
0.097566
0.093666
0.022088
0.037230
0.137927
0.112224
0.136324
0.112075
0.023153
0.173818
0.167736
0.042800
0.066141
0.027555
0.140318
0.086943
0.031938
0.036542
0.061116
0.041764
0.040951
0.010797
0.065408
0.036424
0.012024
0.047227
0.034776
0.159304
0.117692
0.069993
0.043681
0.159710
0.059797
0.020180
0.065145
0.023963
0.065510
0.154572
0.064573
0.055384
0.051849
0.019181
0.003368
0.192398
0.096690
0.006004
0.017621
0.072148
0.120144
0.043770
0.018840
0.050244
0.190767
0.169978
0.009553
0.043381
0.123265
0.015711
0.024123
0.022744
0.074104
0.083267
0.120251
0.008750
0.074724
0.011718
0.015928
0.070653
0.017660
0.059622
0.027253
0.014549
0.066037
0.061748
0.035436
0.085759
0.033434
0.039378
0.010391
0.024330
0.023552
0.077163
0.020552
0.145359
0.059205
0.019660
0.011187
0.016212
0.000548
0.052609
0.038524
0.021260
0.002256
0.011767
0.032744
0.013723
0.006142
0.038127
0.008758
0.008859
0.037558
0.061513
0.033967
0.044361
0.004815
0.014857
0.062953
0.203397
0.091094
0.101930
0.061747
0.002163
0.148184
0.096203
0.058232
0.014983
0.137062
0.025094
0.147857
0.077827
0.017003
0.034538
0.025403
0.115518
0.033470
0.083157
0.050097
0.072902
0.023397
0.047405
0.018681
0.022145
0.020860
0.087504
0.109227
0.109761
0.089395
0.003663
0.002291
0.017082
0.094432
0.071956
0.049862
0.020658
0.028835
0.043793
0.015479
0.004645
0.036915
0.020322
0.018210
0.087321
0.011556
0.082447
0.044509
0.086347
0.106704
0.095525
0.035083
0.002334
0.066496
0.000129
0.025209
0.013095
0.040192
0.007528
0.100926
0.050673
0.100121
0.057915
0.047277
0.026144
0.111602
0.002530
0.015182
0.006798
0.026030
0.017191
0.004886
0.140787
0.049760
0.022015
0.120847
0.015018
0.022274
0.086237
0.059435
0.074867
0.020850
0.026274
0.098148
0.078926
0.007339
0.035702
0.022306
0.035442
0.141793
0.214481
0.029507
0.079943
0.074697
0.031955
0.096132
0.103005
0.017234
0.030344
0.072994
0.035860
0.008818
0.022561
0.064331
0.003866
0.134621
0.110483
0.136987
0.016050
0.043391
0.001784
0.359604
0.232280
0.246780
0.121055
0.103362
0.039194
0.015212
0.010685
0.078902
0.001521
0.001897
0.153595
0.024465
0.067093
0.149180
0.002488
0.068674
0.002236
0.038982
0.096532
0.014839
0.093618
0.072691
0.053152
0.239290
0.380214
0.346714
0.089081
0.099612
0.016165
0.005995
0.010640
0.007149
0.003855
0.014125
0.082729
0.050801
0.039743
0.038020
0.051504
0.010960
0.200398
0.152710
0.149068
0.235596
0.222799
0.000485
0.016708
0.048033
0.007989
0.020009
0.052453
0.133121
0.066160
0.001539
0.043188
0.011015
0.197068
0.005485
0.080030
0.075881
0.053180
0.160297
0.060899
0.053963
0.118218
0.051037
0.077442
0.047432
0.024865
0.009949
0.040612
0.062398
0.032927
0.014147
0.095723
0.031848
0.017663
0.019978
0.013314
0.086566
0.084251
0.093488
0.087861
0.095226
0.122943
0.036097
0.036097
0.056611
0.073921
0.011454
0.016454
0.091575
0.036209
0.038091
0.015837
0.039199
0.023315
0.004972
0.012031
0.028212
0.054302
0.004927
0.045947
0.029835
0.062368
0.005805
0.011779
0.015928
0.068880
0.001605
0.000511
0.031835
0.059024
0.125364
0.107629
0.024297
0.089213
0.031754
0.057352
0.053776
0.045556
0.015826
0.053915
0.036402
0.008981
0.020185
0.036002
0.004724
0.127257
0.001326
0.041358
0.040663
0.044424
0.008602
0.140977
0.035999
0.008574
0.019749
0.038787
0.017913
0.149664
0.136083
0.174865
0.125762
0.144389
0.130812
0.144556
0.019170
0.019170
0.007184
0.018052
0.047570
0.155454
0.011655
0.002333
0.001257
0.018167
0.046374
0.108061
0.101575
0.014373
0.056853
0.087715
0.094408
0.052371
0.013515
0.060236
0.044040
0.133918
0.007916
0.056925
0.071428
0.020097
0.087342
0.150636
0.016009
0.004511
0.002662
0.038244
0.067565
0.050405
0.007581
0.006864
0.035015
0.100804
0.055265
0.023810
0.014488
0.046067
0.021393
0.055500
0.110271
0.051965
0.085957
0.010000
0.060304
0.042465
0.006851
0.048084
0.040370
0.035956
0.077015
0.063287
0.027135
0.137079
0.122463
0.015348
0.025028
0.139000
0.039950
0.003052
0.046312
0.004764
0.005805
0.091554
0.002673
0.070223
0.008755
0.041092
0.090392
0.179696
0.087536
0.087674
0.108309
0.016688
0.066254
0.095282
0.034625
0.020520
0.036971
0.005607
0.135207
0.066240
0.079288
0.075586
0.265456
0.064969
0.020405
0.062251
0.108473
0.118224
0.026320
0.042478
0.046854
0.176812
0.113131
0.023032
0.002787
0.000158
0.037858
0.008577
0.005375
0.043632
0.239271
0.140357
0.148381
0.002903
0.071637
0.054034
0.019428
0.009356
0.006751
0.012544
0.010816
0.009328
0.015763
0.004754
0.005856
0.093834
0.093150
0.019010
0.091515
0.041352
0.120779
0.033337
0.011476
0.049524
0.028980
0.062053
0.021571
0.014221
0.234153
0.227732
0.024119
0.093856
0.031506
0.039137
0.032717
0.002705
0.255511
0.033657
0.253052
0.219820
0.134751
0.027221
0.014939
0.005470
0.017638
0.095169
0.075621
0.059891
0.105346
0.107664
0.150060
0.133348
0.110295
0.072918
0.045276
0.040947
0.051692
0.097623
0.021477
0.023297
0.004827
0.011162
0.023284
0.028367
0.018809
0.044158
0.020035
0.033384
0.016001
0.015008
0.004767
0.011911
0.030198
0.083676
0.079051
0.030229
0.042669
0.022388
0.371020
0.051243
0.033940
0.012783
0.125375
0.032780
0.048175
0.024134
0.065686
0.141755
0.003472
0.133640
0.200456
0.020625
0.013664
0.086037
0.040605
0.091295
0.042007
0.005527
0.035947
0.007227
0.010713
0.145897
0.005754
0.063613
0.026577
0.052552
0.035508
0.032713
0.026635
0.159245
0.089035
0.022418
0.057698
0.096821
0.079009
0.007365
0.003268
0.007953
0.018755
0.040291
0.035123
0.002473
0.068889
0.031683
0.044135
0.006635
0.189411
0.098412
0.005220
0.014497
0.048107
0.029201
0.004866
0.002291
0.047978
0.042482
0.045019
0.092402
0.062324
0.059016
0.068234
0.013188
0.058594
0.002814
0.006185
0.011515
0.010353
0.015785
0.141628
0.139572
0.035749
0.097267
0.000885
0.024851
0.010668
0.049426
0.009383
0.043018
0.006402
0.037561
0.004584
0.073876
0.092356
0.005696
0.003375
0.027460
0.147824
0.108014
0.079041
0.059396
0.010205
0.095328
0.090582
0.000934
0.004676
0.023030
0.026472
0.007805
0.009168
0.060943
0.063439
0.180707
0.098679
0.109886
0.026923
0.024945
0.047030
0.006532
0.014272
0.024527
0.004793
0.003045
0.037945
0.053809
0.009214
0.004051
0.152145
0.073005
0.035599
0.137355
0.001593
0.072438
0.018456
0.168631
0.000822
0.026087
0.017290
0.005018
0.142183
0.112097
0.145622
0.035703
0.047484
0.004478
0.274267
0.011411
0.015165
0.066082
0.002312
0.055645
0.048600
0.001953
0.037722
0.015505
0.200802
0.104187
0.016025
0.039934
0.021202
0.006557
0.049323
0.053413
0.013581
0.097974
0.035111
0.017511
0.013208
0.066163
0.018777
0.016071
0.015245
0.036218
0.046847
0.000540
0.044685
0.029760
0.023383
0.011426
0.099719
0.021142
0.017393
0.005257
0.018722
0.139953
0.092736
0.163701
0.132241
0.147477
0.081683
0.178200
0.044211
0.074959
0.023700
0.016061
0.014454
0.001708
0.142466
0.070829
0.048868
0.044346
0.123354
0.011053
0.153341
0.137188
0.039614
0.004311
0.041113
0.011917
0.153062
0.083136
0.016685
0.026296
0.115317
0.052523
0.069160
0.096763
0.005957
0.181261
0.088396
0.012145
0.088637
0.001485
0.073091
0.014388
0.044175
0.043002
0.001968
0.045233
0.038977
0.110571
0.104637
0.118073
0.138548
0.026112
0.133287
0.098274
0.144964
0.003545
0.034315
0.074948
0.137385
0.049152
0.020148
0.022116
0.008707
0.067713
0.042993
0.025524
0.016698
0.005567
0.004002
0.035993
0.024451
0.060534
0.065667
0.014302
0.088832
0.023025
0.066785
0.046462
0.179216
0.129658
0.080748
0.032664
0.055139
0.058779
0.007290
0.044795
0.018728
0.052691
0.142829
0.078663
0.015940
0.035076
0.041992
0.009281
0.003307
0.096827
0.034313
0.076756
0.189288
0.081155
0.001036
0.114441
0.011605
0.008437
0.003490
0.000359
0.028640
0.040148
0.024510
0.022082
0.053155
0.039574
0.025172
0.142966
0.005058
0.004880
0.058903
0.018977
0.015552
0.042620
0.127496
0.120676
0.054754
0.039803
0.018119
0.107630
0.041856
0.029701
0.043851
0.032011
0.043511
0.013159
0.008605
0.100530
0.079154
0.144360
0.193665
0.004806
0.032563
0.002400
0.181883
0.027259
0.071027
0.042372
0.020804
0.064521
0.110550
0.077232
0.032016
0.062370
0.029962
0.061734
0.003558
0.001548
0.041579
0.006026
0.045750
0.042784
0.035503
0.008298
0.027724
0.009768
0.013334
0.082363
0.028851
0.008703
0.019187
0.032152
0.190128
0.045479
0.076775
0.032870
0.034962
0.041848
0.034437
0.093462
0.013881
0.092471
0.078898
0.054171
0.005321
0.052733
0.000076
0.007767
0.094748
0.081256
0.059523
0.080878
0.067585
0.046939
0.103906
0.083888
0.100212
0.060825
0.116789
0.010959
0.070844
0.074306
0.087071
0.035929
0.181962
0.098422
0.063974
0.016644
0.029475
0.009492
0.025307
0.157612
0.155137
0.235086
0.000076
0.008749
0.149213
0.143377
0.079579
0.037647
0.032856
0.010749
0.028772
0.004879
0.098983
0.029194
0.162250
0.096820
0.033911
0.066855
0.023020
0.032623
0.168275
0.152049
0.001224
0.042802
0.013286
0.012658
0.013843
0.028820
0.030074
0.073327
0.000153
0.022496
0.014067
0.011817
0.002873
0.029048
0.007618
0.106916
0.084537
0.010336
0.133994
0.119163
0.081264
0.061404
0.060178
0.017142
0.029222
0.002210
0.016168
0.015632
0.006640
0.020009
0.098157
0.032236
0.025496
0.059073
0.041499
0.032016
0.079315
0.031343
0.050601
0.049377
0.001853
0.042287
0.005108
0.029512
0.080688
0.078730
0.039891
0.008834
0.001239
0.058456
0.123725
0.116770
0.034764
0.024843
0.091566
0.036149
0.037749
0.039665
0.036290
0.009167
0.022353
0.053269
0.041553
0.066123
0.010104
0.001829
0.042057
0.028267
0.026976
0.059844
0.028500
0.025690
0.002364
0.020952
0.050856
0.069167
0.030213
0.071014
0.079872
0.161349
0.109913
0.097982
0.115910
0.082075
0.150781
0.046890
0.004836
0.003982
0.049664
0.004650
0.100539
0.025322
0.044472
0.159035
0.135120
0.003404
0.022094
0.018603
0.004696
0.043570
0.057435
0.035344
0.001597
0.027378
0.014180
0.058043
0.114283
0.052342
0.009182
0.006848
0.014924
0.025243
0.002880
0.073097
0.037272
0.063470
0.022673
0.063020
0.000888
0.053572
0.077200
0.077009
0.101924
0.009372
0.029790
0.008417
0.110206
0.001750
0.053132
0.010041
0.063356
0.025329
0.021220
0.140375
0.038522
0.017739
0.031757
0.099716
0.053384
0.003581
0.001812
0.143085
0.002783
0.091423
0.039797
0.067162
0.003014
0.013431
0.029260
0.085444
0.130579
0.109357
0.079336
0.003654
0.015342
0.150902
0.073631
0.075203
0.045490
0.022039
0.004728
0.007271
0.079652
0.001267
0.011320
0.008499
0.006082
0.016446
0.052637
0.024179
0.029112
0.010989
0.011888
0.034050
0.003034
0.119444
0.053663
0.021058
0.076882
0.009906
0.050728
0.026650
0.017629
0.095889
0.011242
0.037806
0.025256
0.029962
0.022828
0.007675
0.040474
0.017140
0.002963
0.021519
0.026932
0.021626
0.022206
0.238637
0.109978
0.026100
0.144300
0.069585
0.038081
0.008255
0.006126
0.019444
0.112850
0.031964
0.074789
0.069224
0.077251
0.043460
0.008071
0.004866
0.058145
0.004224
0.017780
0.003434
0.061043
0.050097
0.030055
0.015280
0.007785
0.000724
0.097982
0.001277
0.027189
0.017109
0.165718
0.009547
0.023115
0.053442
0.046829
0.067129
0.027945
0.006089
0.002133
0.012342
0.137876
0.052585
0.032216
0.022904
0.196457
0.010438
0.132288
0.105448
0.120610
0.103681
0.138849
0.082392
0.002884
0.061924
0.012608
0.145626
0.058338
0.034422
0.180537
0.022239
0.000531
0.008332
0.000539
0.011837
0.268151
0.255962
0.338263
0.163094
0.138882
0.153407
0.153930
0.012716
0.018233
0.014236
0.086640
0.060397
0.033263
0.000430
0.056747
0.258826
0.056380
0.011496
0.034710
0.033680
0.035547
0.030957
0.003546
0.005247
0.199601
0.066823
0.280394
0.267943
0.335926
0.294449
0.451283
0.398684
0.147544
0.128513
0.019349
0.023960
0.058662
0.027294
0.072968
0.049802
0.104149
0.042984
0.022259
0.017630
0.040109
0.050476
0.094447
0.023274
0.045083
0.028126
0.010305
0.133726
0.158269
0.211197
0.131363
0.125852
0.126076
0.081706
0.028920
0.002080
0.025187
0.000386
0.033139
0.091069
0.055127
0.039308
0.074062
0.030739
0.007209
0.073871
0.069557
0.145594
0.038946
0.032811
0.069682
0.023691
0.021786
0.031739
0.024506
0.024599
0.034725
0.000776
0.071073
0.026663
0.052790
0.010708
0.016974
0.242542
0.022497
0.014014
0.011502
0.001687
0.021508
0.080211
0.052123
0.059189
0.020518
0.074494
0.048156
0.067044
0.100347
0.001112
0.034510
0.002976
0.098279
0.051017
0.005149
0.088989
0.082603
0.008835
0.000300
0.043157
0.026826
0.016973
0.230545
0.158456
0.159368
0.041223
0.204318
0.170173
0.009667
0.013687
0.096452
0.049422
0.144061
0.113622
0.024725
0.017069
0.012688
0.067718
0.028477
0.131772
0.054228
0.047972
0.068093
0.120860
0.106257
0.027786
0.048687
0.030347
0.116526
0.047345
0.051826
0.037805
0.018451
0.166378
0.028365
0.126667
0.049324
0.009692
0.012381
0.001063
0.008244
0.064155
0.173394
0.037351
0.006718
0.216141
0.158532
0.217774
0.313354
0.303930
0.260149
0.151529
0.158342
0.206632
0.021071
0.088078
0.052442
0.072517
0.107779
0.057712
0.004738
0.176360
0.000505
0.019634
0.097633
0.001566
0.050015
0.071490
0.103491
0.025288
0.012594
0.013579
0.038723
0.028867
0.075760
0.007035
0.051084
0.057608
0.037490
0.025827
0.008016
0.006578
0.026087
0.019993
0.019201
0.146922
0.083674
0.021614
0.079044
0.058528
0.033743
0.033340
0.034956
0.050809
0.017929
0.003403
0.057415
0.032679
0.107206
0.070249
0.043650
0.060563
0.179342
0.036108
0.006158
0.023980
0.015830
0.011131
0.070340
0.029100
0.007895
0.002468
0.081916
0.025597
0.008287
0.018586
0.033476
0.007208
0.026641
0.015743
0.116741
0.055478
0.227211
0.060332
0.112229
0.125354
0.128583
0.073522
0.026138
0.032918
0.013047
0.001902
0.008537
0.046546
0.012569
0.106588
0.016965
0.079006
0.009600
0.115981
0.090990
0.121776
0.039464
0.141114
0.017199
0.003167
0.002508
0.067578
0.065952
0.023105
0.008688
0.049261
0.019601
0.018274
0.125042
0.075196
0.027723
0.069507
0.012313
0.040037
0.020894
0.004731
0.031524
0.009777
0.230860
0.042284
0.053374
0.080497
0.042793
0.097775
0.179807
0.016950
0.178787
0.155667
0.143167
0.005740
0.010517
0.008839
0.015391
0.007049
0.025899
0.013875
0.084483
0.062166
0.133455
0.033677
0.060775
0.045967
0.042600
0.014203
0.279611
0.081038
0.103996
0.105758
0.139090
0.096876
0.019718
0.018542
0.026596
0.023942
0.026064
0.014983
0.113871
0.058717
0.014321
0.000259
0.077912
0.058631
0.055503
0.000467
0.063791
0.013800
0.160870
0.044457
0.026694
0.003410
0.021181
0.032557
0.072059
0.015952
0.073206
0.020509
0.000277
0.052080
0.089484
0.040929
0.039573
0.062822
0.023156
0.077099
0.027677
0.011570
0.085196
0.008214
0.134231
0.008093
0.035759
0.063715
0.064400
0.098909
0.046781
0.008705
0.004515
0.004170
0.060705
0.034451
0.053992
0.003088
0.031999
0.019366
0.030362
0.091855
0.147828
0.143630
0.121972
0.004676
0.071582
0.071970
0.065064
0.034711
0.030150
0.011925
0.011013
0.016173
0.105567
0.089005
0.082486
0.055567
0.021487
0.017706
0.011487
0.040727
0.059486
0.027250
0.076056
0.119174
0.026622
0.009173
0.006774
0.290320
0.270105
0.115077
0.108686
0.049202
0.075938
0.065123
0.015903
0.003230
0.051291
0.008011
0.012790
0.011113
0.097789
0.002628
0.014637
0.003192
0.004549
0.167836
0.167341
0.058123
0.005610
0.022741
0.013556
0.007307
0.056730
0.093883
0.081419
0.204892
0.169229
0.030812
0.002946
0.118074
0.125892
0.087214
0.122711
0.011274
0.208540
0.004748
0.057356
0.016389
0.012834
0.059107
0.021331
0.092675
0.136132
0.000805
0.058099
0.193308
0.190828
0.082402
0.072494
0.015264
0.103221
0.045325
0.063371
0.145971
0.011801
0.068739
0.044641
0.085476
0.062892
0.012891
0.168425
0.068903
0.047594
0.002777
0.007894
0.024712
0.001288
0.051484
0.043540
0.003126
0.197126
0.052224
0.049121
0.126554
0.077954
0.003595
0.024420
0.059213
0.058018
0.103392
0.003179
0.035439
0.033870
0.024114
0.100936
0.071236
0.069708
0.056499
0.017416
0.055754
0.024350
0.015340
0.006131
0.018891
0.094618
0.015317
0.140323
0.015243
0.006416
0.022123
0.003172
0.008178
0.021702
0.011024
0.022277
0.022658
0.150406
0.027608
0.231456
0.178833
0.086966
0.092079
0.049623
0.011354
0.040461
0.034707
0.000495
0.040443
0.020041
0.029282
0.035370
0.002730
0.070363
0.002715
0.036742
0.010445
0.020661
0.028606
0.031505
0.007690
0.003551
0.007249
0.057411
0.046292
0.002178
0.144910
0.021078
0.041041
0.015315
0.039224
0.109169
0.067282
0.045993
0.035666
0.150821
0.136793
0.011655
0.184588
0.052002
0.062065
0.075555
0.005414
0.025480
0.031924
0.008932
0.009990
0.144369
0.001815
0.062837
0.019911
0.104545
0.002529
0.004714
0.006708
0.143750
0.057732
0.059776
0.011187
0.006613
0.007649
0.066620
0.007559
0.012191
0.007918
0.015453
0.016100
0.014993
0.003993
0.006891
0.004264
0.020152
0.014692
0.039066
0.163156
0.110649
0.058265
0.006018
0.033363
0.016629
0.001111
0.001314
0.158362
0.044166
0.019150
0.008015
0.065403
0.002302
0.060706
0.083899
0.051914
0.038046
0.279566
0.535351
0.428451
0.344382
0.387720
0.096234
0.030166
0.038387
0.002940
0.051067
0.044408
0.122235
0.106768
0.031897
0.043042
0.008076
0.062188
0.026430
0.002990
0.052953
0.025280
0.016416
0.029099
0.006841
0.079581
0.049384
0.045528
0.139187
0.014372
0.002839
0.004318
0.416690
0.015370
0.037254
0.100911
0.032211
0.002332
0.347829
0.307073
0.212215
0.152344
0.109971
0.068875
0.017365
0.005328
0.046281
0.070459
0.005298
0.081042
0.005210
0.013231
0.004513
0.011240
0.015538
0.078213
0.020820
0.130686
0.034172
0.049722
0.019605
0.016114
0.066179
0.128410
0.062460
0.030189
0.025601
0.055896
0.028262
0.038106
0.013876
0.004357
0.056308
0.018065
0.066950
0.059905
0.039745
0.000308
0.005353
0.040346
0.034566
0.031709
0.007394
0.045582
0.021663
0.064801
0.010774
0.049131
0.000472
0.027702
0.031516
0.188948
0.053162
0.006571
0.120226
0.014760
0.021272
0.075372
0.040195
0.018397
0.008290
0.044203
0.000417
0.063892
0.014618
0.001458
0.110812
0.004562
0.035091
0.013798
0.119347
0.016298
0.034276
0.032081
0.023565
0.246945
0.245098
0.035980
0.117919
0.117477
0.067690
0.018575
0.004713
0.002007
0.006979
0.027900
0.024990
0.006186
0.037490
0.024955
0.050354
0.066291
0.059212
0.050307
0.004186
0.033873
0.013052
0.149491
0.049770
0.013407
0.066856
0.018379
0.011721
0.033226
0.001636
0.086809
0.052940
0.035109
0.008056
0.001202
0.074558
0.016615
0.112702
0.108862
0.021111
0.031463
0.060596
0.000559
0.068390
0.015238
0.010561
0.078987
0.002665
0.009054
0.037407
0.055401
0.003168
0.051054
0.020543
0.015284
0.039705
0.011545
0.009326
0.010166
0.008890
0.201903
0.028716
0.014226
0.067304
0.134104
0.004572
0.016794
0.129701
0.206863
0.165965
0.119036
0.034736
0.008752
0.003743
0.219316
0.016162
0.073312
0.006932
0.096174
0.158809
0.028879
0.071798
0.248516
0.005232
0.053735
0.023334
0.026981
0.211811
0.146824
0.004698
0.005204
0.077050
0.087280
0.106118
0.037940
0.023897
0.032720
0.008373
0.046178
0.013045
0.151646
0.114431
0.069838
0.244118
0.237565
0.021567
0.051295
0.076720
0.108041
0.110459
0.023767
0.014927
0.011414
0.038694
0.140876
0.078626
0.059894
0.048861
0.005711
0.001771
0.013552
0.005896
0.037823
0.010101
0.019386
0.010571
0.080522
0.015190
0.023112
0.099348
0.093596
0.018629
0.014430
0.060998
0.179424
0.099801
0.010965
0.071204
0.076477
0.100778
0.082689
0.005307
0.014518
0.046533
0.039969
0.036309
0.009762
0.021956
0.038405
0.000911
0.016658
0.038568
0.056277
0.012080
0.011661
0.019026
0.015718
0.018733
0.050177
0.043087
0.096784
0.012949
0.082031
0.039099
0.029173
0.377253
0.269905
0.007890
0.044638
0.013004
0.003082
0.017658
0.014203
0.081964
0.060872
0.025993
0.144906
0.109989
0.048436
0.038411
0.050132
0.034102
0.057234
0.004483
0.014360
0.064734
0.005791
0.006512
0.068993
0.035160
0.047312
0.012315
0.024989
0.000535
0.037097
0.006922
0.041987
0.005258
0.039413
0.093203
0.021653
0.080745
0.051529
0.028264
0.005688
0.004539
0.032254
0.083418
0.020983
0.069985
0.028587
0.089434
0.072853
0.045653
0.191047
0.081541
0.210435
0.174570
0.222678
0.016797
0.039122
0.058278
0.014059
0.016176
0.030115
0.012877
0.017139
0.059837
0.042795
0.009327
0.093271
0.038769
0.049757
0.130648
0.090877
0.085718
0.277561
0.049704
0.041767
0.065128
0.015912
0.004274
0.001962
0.034003
0.047622
0.000266
0.140111
0.115935
0.008564
0.001394
0.068953
0.032817
0.041942
0.016224
0.017343
0.052057
0.013970
0.051086
0.051970
0.034976
0.110201
0.039574
0.054009
0.030989
0.087838
0.082243
0.031584
0.023496
0.004944
0.044418
0.057702
0.082997
0.052238
0.103069
0.005017
0.036282
0.013500
0.074769
0.037269
0.009325
0.017257
0.012418
0.058992
0.009723
0.087501
0.022859
0.072525
0.047398
0.046526
0.069649
0.065295
0.075274
0.049843
0.054816
0.019043
0.017070
0.120577
0.073716
0.001050
0.044191
0.020310
0.063963
0.019734
0.030883
0.012690
0.089135
0.036959
0.052291
0.010482
0.017650
0.004300
0.085075
0.071496
0.012941
0.003961
0.001316
0.056770
0.091141
0.016654
0.218728
0.182521
0.111515
0.145254
0.121971
0.009208
0.001357
0.007321
0.092345
0.087951
0.008851
0.011602
0.045815
0.041421
0.086901
0.075952
0.111924
0.104918
0.016455
0.033231
0.006707
0.168882
0.003556
0.002960
0.063533
0.080191
0.003200
0.064440
0.032220
0.029375
0.035678
0.032166
0.005471
0.007526
0.029454
0.026662
0.032063
0.006419
0.031050
0.058749
0.055853
0.057268
0.013565
0.017035
0.045042
0.011066
0.043436
0.171088
0.090898
0.019265
0.023880
0.025593
0.004893
0.086174
0.059290
0.180541
0.170916
0.034940
0.006852
0.036560
0.160180
0.004622
0.112844
0.053178
0.046789
0.013638
0.075975
0.038668
0.011197
0.022078
0.020481
0.081457
0.031891
0.040572
0.008029
0.109513
0.251794
0.123302
0.202319
0.084543
0.006514
0.021767
0.000928
0.135721
0.083453
0.001259
0.023749
0.017904
0.004810
0.061765
0.049484
0.024434
0.010356
0.035534
0.026714
0.005529
0.022581
0.000470
0.007086
0.061651
0.055215
0.287027
0.070092
0.046150
0.079874
0.005260
0.003609
0.036608
0.025377
0.014823
0.007902
0.041981
0.036900
0.029483
0.090109
0.084990
0.023104
0.135088
0.010230
0.062582
0.002654
0.016804
0.007886
0.018307
0.037356
0.025403
0.053004
0.020502
0.007318
0.077919
0.035841
0.024375
0.156805
0.043930
0.085898
0.085215
0.003357
0.012071
0.060638
0.016795
0.024567
0.071657
0.003893
0.045379
0.117584
0.003107
0.012323
0.073109
0.051604
0.147824
0.104518
0.089823
0.155643
0.147777
0.159574
0.068260
0.013061
0.084068
0.084169
0.041121
0.001805
0.009143
0.057528
0.045465
0.028219
0.011976
0.025239
0.001407
0.011172
0.002570
0.034508
0.038841
0.024832
0.054576
0.005476
0.011569
0.000733
0.120481
0.016460
0.052731
0.002925
0.000403
0.067063
0.027706
0.035244
0.082187
0.074664
0.031474
0.011851
0.002929
0.003291
0.016265
0.026654
0.195675
0.164660
0.015704
0.028512
0.016263
0.070210
0.001402
0.023579
0.000354
0.053712
0.010711
0.045950
0.053512
0.082767
0.016638
0.027030
0.158570
0.074908
0.019078
0.252999
0.151262
0.125559
0.013392
0.005896
0.040221
0.018899
0.123062
0.050657
0.060067
0.055828
0.034391
0.017740
0.019001
0.011708
0.026149
0.041572
0.064048
0.014531
0.000661
0.082773
0.066545
0.037971
0.037826
0.104580
0.051146
0.154118
0.106118
0.201483
0.026967
0.117926
0.057106
0.037859
0.033613
0.035756
0.053973
0.022592
0.013672
0.008933
0.088134
0.034458
0.002317
0.037029
0.032630
0.023178
0.036013
0.091470
0.070830
0.144313
0.123750
0.106820
0.352614
0.275748
0.247231
0.102034
0.036882
0.035040
0.019804
0.027929
0.048970
0.112663
0.069209
0.029198
0.119665
0.031857
0.052366
0.053060
0.004262
0.046385
0.111247
0.120788
0.117553
0.144800
0.048090
0.011263
0.064879
0.030812
0.008693
0.084964
0.039511
0.029582
0.032468
0.093703
0.075799
0.003304
0.022311
0.043895
0.015489
0.020722
0.009350
0.074672
0.119791
0.101798
0.055245
0.067209
0.026948
0.025097
0.105893
0.054210
0.010950
0.130202
0.077106
0.024080
0.016139
0.102627
0.015219
0.065502
0.010221
0.039318
0.004863
0.053286
0.005216
0.059326
0.016198
0.026202
0.157014
0.038397
0.082057
0.011928
0.000871
0.010752
0.000273
0.017217
0.060006
0.042339
0.007403
0.057744
0.102324
0.003133
0.037445
0.033649
0.152259
0.066923
0.029627
0.008379
0.116146
0.001188
0.001152
0.129735
0.042292
0.070099
0.057804
0.048139
0.008378
0.003183
0.028307
0.001970
0.020867
0.060104
0.036054
0.030815
0.049431
0.015856
0.047267
0.001044
0.006909
0.044387
0.023019
0.125027
0.087014
0.077445
0.033055
0.027925
0.039502
0.131316
0.052540
0.046436
0.031342
0.084686
0.061127
0.109288
0.087695
0.238015
0.325809
0.150340
0.086415
0.055510
0.018805
0.093606
0.041081
0.126682
0.012366
0.001470
0.011271
0.150029
0.146122
0.121529
0.177482
0.078369
0.087333
0.087749
0.047800
0.026188
0.059247
0.029490
0.027690
0.038978
0.007997
0.053195
0.007437
0.136814
0.022886
0.077310
0.026909
0.026776
0.067766
0.063844
0.045921
0.025064
0.038758
0.025676
0.015985
0.029879
0.013491
0.023112
0.015075
0.012673
0.035741
0.002528
0.060096
0.009305
0.024038
0.040032
0.019323
0.167073
0.116558
0.066471
0.028430
0.005424
0.001790
0.016827
0.025374
0.084668
0.018894
0.011007
0.027871
0.056132
0.011261
0.007466
0.000877
0.096879
0.193544
0.017900
0.012175
0.070103
0.043176
0.057717
0.116917
0.014950
0.027157
0.010441
0.022237
0.030621
0.036351
0.031328
0.012397
0.036007
0.012059
0.000089
0.004077
0.030229
0.000884
0.001107
0.181687
0.051703
0.049681
0.087570
0.000966
0.056448
0.109243
0.013416
0.027621
0.027988
0.008672
0.014425
0.008470
0.002543
0.112708
0.128815
0.033504
0.047656
0.017252
0.012469
0.059864
0.023334
0.130699
0.083349
0.050793
0.007587
0.038906
0.016369
0.168263
0.445120
0.312521
0.010504
0.092736
0.021985
0.039161
0.036719
0.018827
0.011163
0.007401
0.001247
0.120125
0.110486
0.012871
0.013915
0.026808
0.009938
0.004552
0.077779
0.055249
0.046126
0.003123
0.141523
0.107414
0.061962
0.122543
0.105458
0.036531
0.021164
0.061609
0.007782
0.033640
0.051234
0.011669
0.100000
0.017595
0.050477
0.058127
0.025816
0.013327
0.074420
0.055863
0.015754
0.072113
0.008084
0.001175
0.079443
0.041727
0.013263
0.018166
0.065628
0.051569
0.016638
0.118733
0.112341
0.029371
0.009292
0.010574
0.048027
0.222616
0.205033
0.194208
0.175671
0.084677
0.121060
0.009865
0.009226
0.049765
0.037782
0.092821
0.077262
0.006763
0.056728
0.134391
0.123980
0.037513
0.036875
0.000501
0.126339
0.028180
0.018143
0.148120
0.113627
0.214164
0.031435
0.015234
0.023532
0.109718
0.152752
0.063675
0.068320
0.063947
0.250224
0.030956
0.065835
0.013089
0.090990
0.109916
0.093790
0.164904
0.139868
0.124758
0.091161
0.144222
0.089073
0.121778
0.135015
0.255020
0.063830
0.018284
0.180755
0.004280
0.066299
0.055192
0.034364
0.049026
0.008482
0.082844
0.024993
0.017304
0.110985
0.062811
0.015695
0.009864
0.052415
0.016808
0.101160
0.003213
0.000662
0.021106
0.147484
0.127607
0.240189
0.111282
0.004899
0.037820
0.021077
0.016980
0.049979
0.011174
0.036073
0.016517
0.003214
0.092184
0.010908
0.022732
0.075731
0.060360
0.020438
0.032549
0.095181
0.043465
0.007502
0.050927
0.043292
0.006483
0.007632
0.019023
0.049001
0.115203
0.075396
0.010394
0.026808
0.022007
0.025644
0.011339
0.046609
0.083508
0.026715
0.009770
0.020753
0.029050
0.044179
0.032458
0.002305
0.016585
0.002349
0.010502
0.038997
0.039297
0.024860
0.030062
0.010245
0.002289
0.045952
0.011399
0.083913
0.002306
0.150497
0.104370
0.095540
0.064332
0.012819
0.092482
0.001054
0.038909
0.002930
0.032185
0.032040
0.067735
0.028200
0.119641
0.097669
0.014730
0.024045
0.256927
0.191381
0.124399
0.045280
0.040559
0.012153
0.029376
0.059094
0.037714
0.064937
0.121811
0.098460
0.179126
0.100639
0.141319
0.052184
0.017262
0.057231
0.048578
0.011003
0.058000
0.024827
0.101784
0.007799
0.002137
0.151058
0.020099
0.027643
0.042107
0.044941
0.009515
0.015889
0.063683
0.102434
0.068289
0.067460
0.099654
0.072213
0.146150
0.032226
0.052086
0.036852
0.038581
0.038091
0.022275
0.022186
0.123014
0.079803
0.021003
0.059624
0.004838
0.016742
0.104884
0.060641
0.019320
0.045724
0.062081
0.000265
0.091199
0.009565
0.034373
0.000210
0.001039
0.023992
0.005354
0.009874
0.008798
0.021940
0.006019
0.057793
0.088657
0.001235
0.072153
0.022567
0.018206
0.041289
0.049167
0.059658
0.039587
0.000553
0.007748
0.071824
0.016531
0.088307
0.076743
0.079256
0.034716
0.005660
0.038722
0.015804
0.004489
0.011698
0.016447
0.081583
0.060793
0.043552
0.070802
0.018597
0.002446
0.033758
0.031611
0.056537
0.027235
0.027674
0.073586
0.060654
0.139998
0.164316
0.284582
0.364730
0.233459
0.042068
0.023248
0.005894
0.019325
0.128011
0.100500
0.046114
0.070145
0.005448
0.089292
0.003359
0.114483
0.082379
0.066680
0.004754
0.087039
0.034296
0.040673
0.103068
0.053341
0.041684
0.200787
0.022662
0.011037
0.083883
0.067269
0.059233
0.002873
0.015542
0.005297
0.011070
0.016908
0.135935
0.043745
0.064698
0.008518
0.026166
0.001783
0.000138
0.143821
0.094489
0.046293
0.129449
0.089550
0.000002
0.000702
0.004355
0.023493
0.034540
0.048213
0.012613
0.073304
0.046869
0.065021
0.110510
0.078923
0.069184
0.032081
0.023274
0.003017
0.000096
0.033125
0.110103
0.187668
0.096396
0.020643
0.020665
0.217016
0.059320
0.118026
0.019984
0.055391
0.050295
0.017234
0.015785
0.000017
0.041683
0.001861
0.014463
0.269283
0.225447
0.253227
0.265383
0.163073
0.074282
0.052941
0.009730
0.165716
0.039270
0.038996
0.021753
0.013892
0.016462
0.034654
0.032224
0.021591
0.016434
0.084272
0.025315
0.014978
0.055015
0.054003
0.001907
0.008766
0.049445
0.019338
0.015897
0.068801
0.035439
0.032049
0.038757
0.013770
0.023484
0.014890
0.031511
0.033398
0.062888
0.054866
0.000644
0.112936
0.071167
0.033447
0.046494
0.013896
0.000367
0.098303
0.004947
0.087225
0.005479
0.010867
0.013586
0.055363
0.008205
0.004235
0.033987
0.112905
0.135515
0.039027
0.094760
0.012531
0.057392
0.044166
0.045530
0.098702
0.000608
0.019473
0.087636
0.065827
0.115811
0.113002
0.085627
0.042722
0.060431
0.048765
0.027666
0.143713
0.090562
0.037476
0.004972
0.003433
0.056755
0.023947
0.067249
0.009094
0.020982
0.003523
0.015947
0.046084
0.008429
0.035820
0.055847
0.028361
0.039141
0.022414
0.016538
0.016369
0.005007
0.049294
0.014978
0.075728
0.039634
0.015285
0.053068
0.040320
0.028555
0.049538
0.097036
0.032698
0.009470
0.062780
0.066901
0.230007
0.017903
0.113284
0.055246
0.146318
0.089406
0.028983
0.020419
0.015016
0.012972
0.001850
0.008795
0.051198
0.010450
0.035186
0.070264
0.004741
0.024007
0.038785
0.081973
0.193087
0.027736
0.121889
0.076512
0.173666
0.115279
0.142231
0.042504
0.095863
0.031009
0.108559
0.063932
0.071789
0.031640
0.010304
0.140305
0.030543
0.009214
0.113021
0.098254
0.162087
0.094607
0.088492
0.033216
0.021945
0.004211
0.024000
0.027200
0.004527
0.067967
0.056955
0.020016
0.012798
0.090920
0.062070
0.264092
0.258447
0.120827
0.115324
0.081435
0.095523
0.092884
0.069894
0.054092
0.087946
0.028146
0.025050
0.033707
0.025184
0.161708
0.011302
0.042017
0.044551
0.011154
0.012948
0.000133
0.020468
0.134157
0.072696
0.069757
0.228475
0.026184
0.124363
0.015448
0.021000
0.054776
0.118886
0.081706
0.000750
0.019571
0.028653
0.036811
0.011197
0.036086
0.025865
0.002343
0.072613
0.010147
0.004769
0.045513
0.061794
0.027546
0.108217
0.026050
0.031731
0.008988
0.071025
0.047882
0.044899
0.131746
0.096727
0.060543
0.014385
0.137945
0.023076
0.077622
0.025758
0.021820
0.010157
0.133078
0.067422
0.066007
0.048123
0.094584
0.027854
0.126342
0.056422
0.075251
0.043346
0.032373
0.051358
0.041302
0.045261
0.036002
0.063587
0.059964
0.062693
0.000015
0.042247
0.027219
0.024313
0.037990
0.065056
0.042954
0.119697
0.015349
0.005655
0.003397
0.064917
0.073690
0.004308
0.040688
0.045547
0.011313
0.006655
0.015309
0.122101
0.005510
0.000706
0.021883
0.026055
0.082341
0.008275
0.100780
0.034791
0.011609
0.065682
0.038660
0.040203
0.047795
0.063795
0.076874
0.012622
0.015931
0.049617
0.019288
0.014839
0.053952
0.052399
0.155551
0.109682
0.044142
0.025144
0.076587
0.069064
0.086374
0.048163
0.018532
0.017343
0.177256
0.112896
0.025015
0.054106
0.028206
0.044955
0.068052
0.020811
0.009652
0.010850
0.060692
0.031000
0.017203
0.036310
0.004467
0.002013
0.028054
0.075397
0.082292
0.065853
0.068698
0.166926
0.126761
0.065684
0.055566
0.039243
0.083681
0.005218
0.016615
0.081591
0.016564
0.030085
0.024739
0.194510
0.018153
0.000539
0.019596
0.094491
0.009630
0.026466
0.110038
0.056919
0.084950
0.009425
0.056443
0.024254
0.234784
0.019640
0.001584
0.015305
0.017931
0.028547
0.028482
0.016991
0.017518
0.035237
0.040006
0.031978
0.000011
0.018572
0.036467
0.018862
0.012777
0.037206
0.006365
0.252138
0.027876
0.096111
0.014822
0.011186
0.112178
0.040979
0.039119
0.089093
0.010591
0.053978
0.043175
0.046631
0.127055
0.077028
0.104704
0.027437
0.084738
0.083536
0.013459
0.038953
0.006566
0.101203
0.005257
0.077526
0.088300
0.107337
0.090991
0.034842
0.002400
0.113198
0.160606
0.059180
0.037262
0.119226
0.063431
0.056556
0.024082
0.000832
0.053786
0.081777
0.115321
0.008475
0.089213
0.044481
0.002378
0.186370
0.128087
0.079119
0.026549
0.009375
0.050304
0.022525
0.001856
0.005280
0.015967
0.067024
0.174155
0.009391
0.018105
0.012928
0.156108
0.117273
0.005300
0.000055
0.022537
0.001907
0.159737
0.155409
0.116393
0.000140
0.001259
0.089368
0.073874
0.007386
0.105123
0.001584
0.016876
0.028829
0.002614
0.022469
0.062490
0.001154
0.062937
0.004745
0.005228
0.075920
0.025266
0.064387
0.062314
0.071526
0.064706
0.021738
0.043697
0.029655
0.059144
0.020671
0.016880
0.027728
0.185073
0.129016
0.021330
0.113170
0.032432
0.028938
0.024005
0.020246
0.041777
0.025658
0.018640
0.014689
0.064848
0.003562
0.103125
0.048154
0.096188
0.058363
0.055283
0.201706
0.103075
0.061573
0.036678
0.040727
0.054637
0.182070
0.064352
0.025393
0.051906
0.017219
0.136751
0.223751
0.220334
0.010950
0.038701
0.031080
0.131461
0.051433
0.002829
0.063896
0.089536
0.078226
0.099500
0.057735
0.013990
0.017885
0.046796
0.140843
0.093882
0.041705
0.095878
0.001347
0.032901
0.053004
0.051051
0.047341
0.024493
0.004003
0.043843
0.083298
0.057428
0.022762
0.059744
0.111403
0.004072
0.028897
0.132739
0.049392
0.025420
0.067870
0.101699
0.037866
0.022612
0.025802
0.007802
0.013643
0.007107
0.051883
0.057260
0.016397
0.038935
0.065399
0.047511
0.082547
0.097843
0.052205
0.096443
0.034973
0.004435
0.092794
0.076839
0.088258
0.013886
0.035720
0.062181
0.011907
0.009130
0.126550
0.146841
0.161484
0.070200
0.067335
0.052484
0.026727
0.045050
0.025367
0.002192
0.056382
0.047728
0.085020
0.196131
0.229170
0.044119
0.043817
0.076538
0.010100
0.117310
0.075568
0.048228
0.011985
0.028751
0.061151
0.023036
0.028833
0.008649
0.105488
0.057139
0.050499
0.000597
0.021484
0.224785
0.216951
0.246375
0.319364
0.376362
0.539973
0.433518
0.325539
0.212713
0.283469
0.110188
0.110188
0.046858
0.027657
0.056957
0.014767
0.026821
0.010506
0.025594
0.059893
0.043770
0.012193
0.002496
0.021118
0.005877
0.055770
0.023431
0.010836
0.080943
0.002970
0.006912
0.014763
0.023261
0.133787
0.108905
0.089882
0.009074
0.037012
0.051676
0.008629
0.008292
0.033704
0.041837
0.032929
0.201145
0.259866
0.145029
0.126698
0.098831
0.001160
0.060101
0.018169
0.058874
0.026341
0.013041
0.058861
0.058707
0.016621
0.134758
0.013529
0.008863
0.207789
0.163314
0.061040
0.024235
0.160542
0.121045
0.076407
0.018089
0.008809
0.004481
0.077466
0.058004
0.050623
0.013222
0.054541
0.111804
0.077130
0.099916
0.041316
0.034689
0.013292
0.079950
0.069187
0.018919
0.007890
0.002068
0.132518
0.118480
0.117571
0.102378
0.079754
0.075749
0.089125
0.002681
0.029123
0.014894
0.042470
0.006136
0.039043
0.011941
0.025275
0.031627
0.013816
0.013051
0.011501
0.009036
0.007697
0.022948
0.128964
0.013233
0.004043
0.023357
0.038849
0.107029
0.028332
0.053030
0.023909
0.017270
0.033538
0.018084
0.014329
0.025254
0.030984
0.126798
0.015465
0.018476
0.030737
0.184237
0.063620
0.037137
0.059824
0.051491
0.026307
0.006305
0.169135
0.102486
0.009222
0.025136
0.011452
0.036095
0.032669
0.014433
0.010349
0.100188
0.035846
0.015274
0.000237
0.053831
0.122096
0.102082
0.121511
0.026023
0.178513
0.009879
0.019954
0.022375
0.011353
0.178346
0.000119
0.015626
0.044467
0.006326
0.026499
0.025437
0.058573
0.050816
0.037383
0.050119
0.114959
0.060364
0.042640
0.021168
0.004707
0.028342
0.077440
0.088839
0.113855
0.076897
0.061937
0.001664
0.115435
0.060457
0.024488
0.018789
0.137842
0.080427
0.023129
0.001199
0.082788
0.073280
0.047975
0.048450
0.050762
0.013804
0.061598
0.004089
0.005078
0.103105
0.022916
0.021583
0.079130
0.022847
0.036959
0.048997
0.002332
0.052695
0.034497
0.006823
0.016414
0.037857
0.055037
0.012766
0.021204
0.002340
0.008941
0.042301
0.151407
0.042390
0.100310
0.063101
0.034641
0.041619
0.111024
0.027223
0.040990
0.204315
0.099697
0.052761
0.013133
0.023711
0.010337
0.064005
0.052637
0.026230
0.044585
0.100639
0.109421
0.037750
0.004906
0.022536
0.032488
0.046005
0.018456
0.028835
0.008023
0.009024
0.019772
0.032083
0.116077
0.008070
0.075123
0.059033
0.141920
0.067642
0.185763
0.098335
0.073192
0.010321
0.025830
0.067769
0.043283
0.014501
0.006042
0.000552
0.032583
0.006287
0.025504
0.020321
0.026202
0.017577
0.190482
0.112235
0.078867
0.044894
0.141040
0.135680
0.141340
0.143036
0.047922
0.003428
0.127630
0.137716
0.019209
0.033357
0.002565
0.125456
0.003191
0.005436
0.003184
0.029256
0.005407
0.049491
0.094080
0.022779
0.155534
0.041935
0.014788
0.036842
0.017048
0.002099
0.051990
0.024041
0.013373
0.002069
0.098154
0.060179
0.031098
0.032668
0.004165
0.144537
0.141888
0.058615
0.025300
0.004596
0.152998
0.054192
0.238087
0.141145
0.087598
0.036071
0.016888
0.001531
0.214795
0.003578
0.001000
0.045827
0.073104
0.011698
0.020583
0.007960
0.093544
0.049002
0.064156
0.039256
0.043191
0.023016
0.138918
0.003538
0.001371
0.030864
0.036712
0.185450
0.009425
0.014470
0.162929
0.035441
0.024934
0.020586
0.010032
0.000865
0.031429
0.051868
0.056017
0.013230
0.020059
0.110549
0.022958
0.010872
0.097919
0.025100
0.050781
0.016069
0.119703
0.008038
0.012336
0.021815
0.105305
0.010307
0.048481
0.137917
0.116632
0.072721
0.018188
0.134049
0.093055
0.057516
0.053998
0.095026
0.087889
0.046769
0.184430
0.010201
0.037072
0.032740
0.008978
0.060060
0.053967
0.055221
0.003625
0.025729
0.076640
0.029237
0.029764
0.017929
0.048870
0.056875
0.089883
0.006793
0.014607
0.023642
0.197083
0.107383
0.061720
0.021425
0.125216
0.023343
0.182030
0.061510
0.077806
0.036731
0.077946
0.009916
0.012636
0.093156
0.003042
0.069491
0.182515
0.004506
0.069493
0.065428
0.048472
0.008487
0.021566
0.059720
0.025474
0.013944
0.008282
0.008242
0.022131
0.002491
0.003776
0.346842
0.326613
0.098079
0.012450
0.119241
0.115296
0.120467
0.033788
0.030053
0.017094
0.055659
0.032286
0.034029
0.008510
0.034255
0.041869
0.140113
0.037915
0.066460
0.060292
0.073463
0.014317
0.007691
0.047648
0.025820
0.110524
0.058393
0.093046
0.008040
0.040451
0.237410
0.000055
0.014014
0.015732
0.018831
0.030198
0.028415
0.017442
0.061009
0.008330
0.006833
0.041010
0.011680
0.011979
0.025820
0.034926
0.024391
0.078534
0.016301
0.038867
0.067043
0.041837
0.070504
0.067918
0.076792
0.032575
0.112026
0.081756
0.051122
0.040160
0.084960
0.112545
0.150158
0.086999
0.027444
0.045075
0.071911
0.013038
0.036013
0.015574
0.031386
0.055027
0.082550
0.092597
0.085236
0.006570
0.055839
0.131452
0.099357
0.129914
0.035561
0.017894
0.138365
0.004877
0.006569
0.116265
0.108938
0.062305
0.037262
0.067521
0.063081
0.050122
0.024301
0.024229
0.010074
0.000999
0.010434
0.024232
0.046997
0.011115
0.062207
0.032402
0.030373
0.026960
0.023382
0.016049
0.082042
0.043016
0.056948
0.103760
0.103158
0.048245
0.042374
0.150833
0.128510
0.073101
0.236237
0.111238
0.154589
0.076238
0.001577
0.000039
0.063824
0.019669
0.031049
0.094314
0.054022
0.090015
0.035197
0.025773
0.085941
0.079382
0.089828
0.076976
0.202529
0.000379
0.080842
0.013651
0.027739
0.025920
0.045194
0.003356
0.012448
0.159949
0.073853
0.297448
0.161252
0.156030
0.127544
0.097526
0.023518
0.037870
0.082962
0.004075
0.010051
0.024577
0.011017
0.052557
0.057735
0.026610
0.022778
0.115689
0.070314
0.003542
0.026039
0.017386
0.005754
0.000449
0.003910
0.023172
0.039733
0.151442
0.071553
0.004577
0.039559
0.017173
0.009500
0.076651
0.043811
0.002635
0.081911
0.076180
0.017848
0.107546
0.008731
0.066439
0.022165
0.053962
0.039423
0.020126
0.004120
0.033901
0.013876
0.001144
0.154679
0.140016
0.040370
0.046445
0.051668
0.005364
0.064118
0.040511
0.087981
0.175622
0.058313
0.033548
0.003120
0.012034
0.099730
0.087016
0.074697
0.063010
0.020177
0.165237
0.041864
0.056124
0.091129
0.197274
0.076664
0.070581
0.032598
0.005573
0.058623
0.081869
0.132772
0.112918
0.137636
0.067093
0.044284
0.042542
0.008100
0.067516
0.005216
0.130688
0.116061
0.032314
0.000898
0.002521
0.007243
0.022838
0.214490
0.094898
0.088562
0.027194
0.002466
0.035998
0.051951
0.005437
0.066008
0.056076
0.094924
0.031623
0.139095
0.138730
0.160216
0.063659
0.022133
0.021769
0.114554
0.014892
0.011651
0.017907
0.136950
0.116631
0.042378
0.232288
0.060474
0.037031
0.005671
0.136384
0.051475
0.029460
0.018288
0.089929
0.106327
0.034839
0.004393
0.222538
0.058085
0.056747
0.018032
0.037347
0.028292
0.097279
0.014617
0.082256
0.036873
0.005342
0.041208
0.030472
0.020902
0.000298
0.100515
0.007703
0.003209
0.004608
0.173314
0.001023
0.025760
0.013291
0.075032
0.041185
0.014740
0.010767
0.079385
0.001526
0.001006
0.094530
0.058575
0.094062
0.095673
0.023929
0.028187
0.005034
0.022902
0.020993
0.069282
0.048921
0.065663
0.054978
0.026284
0.037915
0.024522
0.039045
0.072047
0.060482
0.020813
0.065047
0.017969
0.015177
0.096142
0.072769
0.123755
0.015931
0.019779
0.046609
0.044191
0.067593
0.124693
0.008894
0.039729
0.085617
0.029229
0.082477
0.013084
0.078742
0.057851
0.188252
0.144706
0.013995
0.034998
0.013559
0.017698
0.052606
0.012552
0.032200
0.010669
0.088985
0.086905
0.035024
0.002236
0.065383
0.001405
0.109827
0.008860
0.151529
0.100866
0.094402
0.155130
0.173306
0.057029
0.058515
0.000758
0.107157
0.089567
0.001059
0.056611
0.104974
0.009058
0.005096
0.004721
0.055193
0.020344
0.010051
0.017542
0.007334
0.008446
0.060997
0.020637
0.001037
0.021076
0.021345
0.226668
0.184760
0.146300
0.136346
0.117863
0.111855
0.112983
0.052528
0.002982
0.004822
0.007265
0.206773
0.131386
0.076602
0.026474
0.003964
0.070838
0.097989
0.020561
0.017193
0.062126
0.052398
0.034061
0.006384
0.015959
0.041124
0.022164
0.079000
0.008191
0.031433
0.029006
0.012041
0.028871
0.007122
0.051976
0.029636
0.016655
0.039796
0.006974
0.008708
0.028141
0.116753
0.039437
0.025049
0.158797
0.146965
0.002880
0.018958
0.024683
0.013507
0.032624
0.025284
0.003534
0.090762
0.026308
0.126257
0.061250
0.088093
0.155371
0.261802
0.000822
0.132596
0.028116
0.012125
0.027318
0.044305
0.066948
0.007405
0.010229
0.102457
0.041250
0.037773
0.014747
0.196159
0.069964
0.059761
0.056918
0.008395
0.016502
0.017524
0.013981
0.081169
0.038334
0.034920
0.027620
0.001163
0.019142
0.060449
0.048769
0.072202
0.044166
0.020254
0.093527
0.061967
0.103703
0.077534
0.027694
0.018408
0.049070
0.193988
0.162637
0.082868
0.132261
0.142691
0.183717
0.177193
0.021535
0.026998
0.021831
0.022918
0.003284
0.003894
0.087477
0.140855
0.077587
0.077306
0.150014
0.183284
0.152437
0.121885
0.107232
0.142285
0.248305
0.156621
0.054212
0.087868
0.114108
0.076721
0.156568
0.056705
0.031057
0.020460
0.019951
0.090410
0.014021
0.011112
0.030873
0.176378
0.121074
0.134065
0.106160
0.018886
0.166624
0.154604
0.092579
0.066366
0.099232
0.059866
0.140229
0.129982
0.192120
0.195285
0.141019
0.143152
0.089499
0.056982
0.048359
0.110575
0.006264
0.058928
0.004935
0.020278
0.008393
0.130641
0.009271
0.056255
0.054666
0.005065
0.084621
0.001447
0.087966
0.026070
0.020355
0.064403
0.047117
0.286242
0.136998
0.041703
0.044555
0.029647
0.023552
0.012950
0.222518
0.136163
0.001352
0.017147
0.032361
0.024933
0.010414
0.122309
0.077568
0.075259
0.154842
0.095730
0.021934
0.061567
0.002701
0.142874
0.102422
0.047157
0.028875
0.020027
0.051444
0.004399
0.064000
0.042640
0.003296
0.035279
0.037941
0.029265
0.001238
0.028194
0.022771
0.018982
0.046194
0.074601
0.012633
0.022613
0.009530
0.072815
0.049965
0.020407
0.053182
0.121991
0.105704
0.016919
0.007056
0.038393
0.008303
0.098684
0.057176
0.214168
0.208862
0.110710
0.062523
0.013048
0.140126
0.044961
0.040526
0.014933
0.079482
0.046373
0.053740
0.051412
0.128631
0.022072
0.019784
0.000052
0.003371
0.024046
0.060871
0.077554
0.024865
0.014999
0.001449
0.091254
0.074744
0.005557
0.052434
0.150723
0.098018
0.045416
0.026850
0.063167
0.055582
0.042229
0.024122
0.008955
0.038755
0.037533
0.061497
0.025836
0.002668
0.056972
0.036056
0.040369
0.083794
0.111001
0.001659
0.009516
0.068527
0.124139
0.076783
0.013097
0.059549
0.001994
0.175116
0.068372
0.003933
0.014195
0.080999
0.044350
0.016110
0.041717
0.046667
0.026354
0.017970
0.001578
0.067678
0.033421
0.021395
0.040352
0.010527
0.008404
0.012397
0.129564
0.012766
0.053660
0.039601
0.025306
0.021053
0.008777
0.103258
0.008765
0.063691
0.010074
0.008329
0.016312
0.017074
0.013090
0.075358
0.001111
0.002829
0.018823
0.025005
0.028474
0.003273
0.031979
0.015373
0.020455
0.050025
0.034765
0.013552
0.060572
0.057148
0.005255
0.173385
0.110789
0.031440
0.019170
0.029062
0.097276
0.050099
0.004348
0.081516
0.003908
0.012032
0.046656
0.062781
0.004278
0.040400
0.082822
0.017024
0.087000
0.024640
0.061631
0.069119
0.006170
0.168959
0.164935
0.156729
0.057221
0.051978
0.021445
0.052026
0.040809
0.045372
0.002319
0.063566
0.120005
0.097585
0.059487
0.021942
0.102029
0.018608
0.018503
0.051957
0.004919
0.004248
0.002922
0.049987
0.049824
0.002806
0.007286
0.019460
0.062582
0.036046
0.101034
0.072400
0.042079
0.083700
0.088393
0.054422
0.008482
0.006718
0.005925
0.038707
0.012921
0.036312
0.002461
0.051319
0.014404
0.031964
0.050134
0.011566
0.038947
0.024553
0.030642
0.014850
0.027065
0.010877
0.026460
0.061206
0.038563
0.102616
0.044066
0.034996
0.011813
0.031187
0.017320
0.043377
0.093287
0.095241
0.093809
0.020714
0.001448
0.008844
0.008161
0.029399
0.020332
0.027470
0.026765
0.053242
0.011201
0.018352
0.001889
0.030579
0.026490
0.021546
0.013992
0.013965
0.102164
0.027086
0.020909
0.077454
0.022617
0.008459
0.000388
0.072817
0.037951
0.017056
0.147215
0.060248
0.176937
0.004164
0.067521
0.064746
0.058347
0.045486
0.024389
0.140537
0.101992
0.048506
0.083347
0.085968
0.015548
0.066114
0.005136
0.213346
0.216973
0.016602
0.014459
0.166020
0.116540
0.031175
0.003930
0.016294
0.222489
0.216538
0.056922
0.008595
0.147000
0.060459
0.002256
0.121621
0.003956
0.014172
0.079551
0.040640
0.009424
0.001176
0.044992
0.017639
0.072500
0.008453
0.062833
0.024388
0.104947
0.078153
0.014634
0.066468
0.123044
0.018439
0.024180
0.037212
0.059938
0.031410
0.035955
0.105522
0.053592
0.001854
0.017823
0.031873
0.006942
0.038331
0.033046
0.030497
0.019769
0.094831
0.008736
0.018736
0.028315
0.076066
0.079984
0.052709
0.115905
0.015397
0.035983
0.059063
0.038928
0.011268
0.010183
0.269394
0.023629
0.017889
0.026824
0.076678
0.045161
0.131146
0.081430
0.002085
0.000548
0.059836
0.002056
0.014527
0.062607
0.000778
0.054776
0.096505
0.007455
0.007384
0.043029
0.012868
0.009179
0.166417
0.142982
0.185053
0.023330
0.030762
0.025634
0.013933
0.000886
0.054548
0.087574
0.200749
0.112888
0.107131
0.058866
0.021483
0.008475
0.078520
0.021459
0.168158
0.034502
0.031687
0.031280
0.079275
0.044016
0.021981
0.100565
0.090933
0.280812
0.012179
0.002080
0.016561
0.019657
0.026616
0.040031
0.028392
0.044195
0.011341
0.137542
0.027317
0.019071
0.077859
0.106710
0.010323
0.010188
0.027852
0.116943
0.043072
0.025132
0.019924
0.080139
0.018305
0.028410
0.007561
0.005851
0.004221
0.105235
0.161682
0.102797
0.036435
0.022369
0.035357
0.079344
0.011793
0.005362
0.063505
0.059035
0.130858
0.163910
0.151506
0.038132
0.055490
0.060081
0.008861
0.057089
0.056119
0.025814
0.032792
0.094342
0.013378
0.086015
0.067425
0.002740
0.053444
0.030787
0.094541
0.156768
0.005137
0.188992
0.107419
0.182462
0.082817
0.095856
0.049329
0.112167
0.034038
0.144895
0.116322
0.094149
0.003081
0.065062
0.088303
0.027555
0.004233
0.056029
0.018757
0.083470
0.002808
0.001158
0.051909
0.055332
0.011337
0.010739
0.020309
0.015280
0.009520
0.019307
0.019551
0.015217
0.010967
0.036416
0.020114
0.020152
0.000470
0.003668
0.020789
0.025916
0.020518
0.040130
0.001152
0.009319
0.084473
0.022460
0.089400
0.067260
0.142991
0.082274
0.033417
0.005952
0.269325
0.217826
0.345104
0.161613
0.173114
0.015856
0.002345
0.088317
0.080594
0.120388
0.025780
0.012895
0.067007
0.024162
0.053293
0.033128
0.000337
0.056968
0.000984
0.292382
0.219137
0.301321
0.130924
0.111239
0.073489
0.044943
0.028430
0.039261
0.129454
0.019560
0.083724
0.055492
0.061719
0.026571
0.141972
0.054775
0.047562
0.078184
0.004892
0.025615
0.041791
0.078258
0.052108
0.072481
0.072686
0.029182
0.022447
0.004649
0.028982
0.045408
0.048555
0.022107
0.040154
0.005062
0.046983
0.029426
0.014375
0.025513
0.008081
0.017724
0.029681
0.484839
0.105028
0.018342
0.011721
0.090869
0.007806
0.019974
0.056204
0.004516
0.029238
0.105696
0.017167
0.088742
0.022904
0.065582
0.003963
0.106687
0.046300
0.058355
0.059800
0.217237
0.070671
0.105199
0.234870
0.232074
0.211209
0.108670
0.020103
0.003968
0.004340
0.025947
0.057117
0.029161
0.037014
0.008779
0.014991
0.005545
0.017720
0.093404
0.024541
0.015061
0.083374
0.026764
0.010254
0.024074
0.048908
0.039157
0.011963
0.038135
0.016871
0.014488
0.066323
0.015521
0.020384
0.046714
0.049652
0.018783
0.003767
0.030757
0.091563
0.117080
0.058018
0.002814
0.039329
0.074607
0.059825
0.031942
0.023333
0.041472
0.034277
0.004361
0.015447
0.092553
0.054766
0.022325
0.035249
0.002533
0.012896
0.125988
0.031841
0.039977
0.003284
0.027863
0.236724
0.180654
0.058968
0.026311
0.009750
0.147989
0.004967
0.001724
0.021711
0.082601
0.056965
0.015297
0.061656
0.022669
0.056730
0.216027
0.116708
0.170969
0.060341
0.025236
0.054859
0.033475
0.012578
0.035388
0.002137
0.057884
0.066986
0.014814
0.113074
0.071564
0.032699
0.028572
0.001322
0.026314
0.031271
0.005657
0.030554
0.075839
0.042009
0.024305
0.010818
0.060615
0.031179
0.030943
0.044934
0.035489
0.004718
0.115709
0.045389
0.031662
0.029488
0.029989
0.059624
0.006367
0.029766
0.047797
0.053326
0.025112
0.031440
0.014195
0.016568
0.031548
0.015672
0.025799
0.289194
0.021828
0.008136
0.063165
0.152037
0.139228
0.079738
0.152940
0.029253
0.084315
0.116373
0.064554
0.022892
0.031734
0.036002
0.095031
0.033059
0.014241
0.007152
0.042076
0.012054
0.009006
0.003145
0.106985
0.085194
0.024295
0.038048
0.003809
0.009600
0.024554
0.070525
0.002224
0.030555
0.021685
0.278409
0.270739
0.014429
0.003989
0.026363
0.073179
0.128537
0.048878
0.028189
0.178318
0.082149
0.230207
0.364855
0.055846
0.227316
0.039925
0.024477
0.024313
0.087634
0.002844
0.037357
0.061537
0.035773
0.030221
0.062693
0.009115
0.101496
0.078638
0.028558
0.019242
0.086894
0.003611
0.000508
0.023848
0.015495
0.001348
0.062065
0.017879
0.011945
0.097574
0.088118
0.058331
0.040728
0.003023
0.050647
0.036560
0.023673
0.008861
0.043379
0.014898
0.110981
0.020594
0.003165
0.067891
0.117517
0.067931
0.040934
0.011703
0.026284
0.042769
0.073399
0.029329
0.066624
0.016502
0.041582
0.055338
0.080635
0.075610
0.031895
0.083940
0.050540
0.022547
0.055992
0.001976
0.198237
0.038556
0.025190
0.038513
0.054045
0.006978
0.090140
0.091220
0.085694
0.089986
0.050111
0.109137
0.049335
0.075201
0.001104
0.007028
0.044605
0.022402
0.096525
0.105768
0.022322
0.003276
0.013041
0.009574
0.194101
0.177770
0.134640
0.134267
0.103862
0.072597
0.010355
0.004107
0.000778
0.024137
0.008631
0.035170
0.046283
0.003980
0.002649
0.031222
0.040702
0.008820
0.158358
0.017250
0.006952
0.008289
0.069001
0.017791
0.158076
0.061144
0.047721
0.007638
0.034722
0.150651
0.011114
0.050827
0.001788
0.031499
0.028999
0.064102
0.035304
0.175105
0.007765
0.006140
0.002022
0.011012
0.088431
0.010999
0.063630
0.039067
0.074393
0.053236
0.074104
0.095266
0.034954
0.022058
0.047551
0.031888
0.020945
0.045034
0.042416
0.084670
0.094817
0.077117
0.052795
0.011613
0.085766
0.002838
0.150080
0.129218
0.056622
0.012483
0.012801
0.022845
0.009180
0.061126
0.006663
0.238973
0.024135
0.060551
0.015933
0.019161
0.030265
0.022800
0.003648
0.057978
0.033177
0.065922
0.001519
0.044280
0.014774
0.014194
0.009949
0.097737
0.069354
0.028368
0.098315
0.080066
0.060841
0.117603
0.073587
0.063339
0.010778
0.060049
0.029839
0.025925
0.024126
0.053260
0.033382
0.001236
0.071940
0.022073
0.016172
0.029522
0.010438
0.006231
0.000368
0.227531
0.102290
0.044085
0.004158
0.046356
0.119146
0.116467
0.104233
0.051470
0.013488
0.067874
0.066983
0.016787
0.070731
0.184920
0.001966
0.030280
0.023777
0.010069
0.058300
0.033540
0.066716
0.001096
0.034676
0.081975
0.020312
0.069267
0.034058
0.012166
0.094902
0.008542
0.017196
0.020224
0.011340
0.000856
0.012067
0.104123
0.021217
0.002908
0.028691
0.007176
0.067039
0.001119
0.128647
0.116398
0.085515
0.063033
0.130536
0.005844
0.019516
0.146163
0.073259
0.005135
0.054671
0.005894
0.057406
0.055032
0.028125
0.063391
0.028939
0.009287
0.003218
0.094291
0.037628
0.038648
0.031801
0.009078
0.050390
0.000213
0.018600
0.087347
0.008616
0.036545
0.057998
0.030098
0.038292
0.007543
0.001247
0.109255
0.031980
0.050213
0.038389
0.081039
0.084222
0.018465
0.021781
0.032745
0.060997
0.008905
0.065740
0.021630
0.023610
0.005133
0.011034
0.018559
0.004073
0.056776
0.055956
0.005339
0.017311
0.093035
0.028350
0.286711
0.200598
0.183368
0.204716
0.119865
0.097022
0.130867
0.122952
0.068603
0.017989
0.012529
0.047121
0.054992
0.035626
0.002768
0.066747
0.137640
0.058506
0.204747
0.088132
0.211819
0.198449
0.151877
0.103347
0.121248
0.015004
0.002680
0.001884
0.038491
0.109728
0.101786
0.129261
0.203600
0.078296
0.039091
0.017026
0.048109
0.005839
0.005263
0.046747
0.068365
0.064265
0.019391
0.108731
0.027657
0.005058
0.046855
0.034812
0.038295
0.014206
0.022624
0.122773
0.043829
0.001496
0.017211
0.032901
0.015857
0.017226
0.018028
0.010743
0.028606
0.022448
0.034857
0.016889
0.036812
0.033341
0.013080
0.008875
0.136899
0.045986
0.044393
0.065617
0.046842
0.030242
0.033010
0.077972
0.074434
0.016472
0.005350
0.004323
0.043809
0.070598
0.016794
0.117574
0.098658
0.092931
0.024622
0.006770
0.015052
0.027243
0.009972
0.018136
0.011032
0.029892
0.125095
0.023389
0.033434
0.080549
0.026663
0.007241
0.143113
0.008904
0.033957
0.033633
0.034795
0.030500
0.005032
0.008855
0.005944
0.011901
0.015197
0.054867
0.050881
0.090133
0.015320
0.003476
0.001412
0.041349
0.027078
0.058050
0.267336
0.110952
0.147745
0.044144
0.036098
0.041945
0.025130
0.063971
0.004309
0.360187
0.204337
0.036779
0.096041
0.028470
0.128328
0.044002
0.032985
0.011804
0.123098
0.110189
0.068281
0.058816
0.003553
0.010371
0.035308
0.021767
0.040998
0.009963
0.002460
0.054260
0.007640
0.016827
0.093781
0.035519
0.028158
0.000336
0.009005
0.131968
0.004617
0.009432
0.013565
0.105361
0.007081
0.108763
0.006972
0.081254
0.052105
0.053326
0.005780
0.069890
0.038247
0.028290
0.075895
0.079522
0.041002
0.033999
0.013988
0.032668
0.057283
0.045829
0.035601
0.014934
0.131044
0.079603
0.050037
0.028389
0.059670
0.016557
0.027245
0.009858
0.036987
0.035248
0.058092
0.202963
0.047118
0.079496
0.013087
0.036003
0.004236
0.082822
0.006621
0.030948
0.052882
0.071967
0.064863
0.021671
0.076472
0.033788
0.008591
0.007269
0.024796
0.019864
0.002818
0.021194
0.015713
0.033157
0.049040
0.009402
0.025841
0.008834
0.051150
0.029759
0.121377
0.150435
0.011437
0.046712
0.038131
0.021608
0.107248
0.021900
0.110840
0.004726
0.036877
0.019181
0.012184
0.007507
0.050284
0.136212
0.114439
0.200933
0.081648
0.007652
0.205600
0.008160
0.022089
0.002808
0.001312
0.079360
0.038828
0.004199
0.048802
0.038703
0.032348
0.065548
0.020722
0.307843
0.305755
0.079600
0.057779
0.035494
0.038270
0.050311
0.246275
0.014174
0.039523
0.002915
0.027453
0.019567
0.021528
0.102171
0.030046
0.005368
0.235468
0.181445
0.049924
0.100289
0.009276
0.007663
0.042217
0.001371
0.005743
0.021777
0.056646
0.053195
0.088052
0.041848
0.024268
0.163541
0.146542
0.197688
0.063124
0.117639
0.117338
0.016555
0.040186
0.075073
0.058903
0.008597
0.063425
0.110671
0.081843
0.013454
0.038557
0.005371
0.074258
0.064454
0.024309
0.078016
0.016029
0.038421
0.069133
0.055166
0.015570
0.044746
0.031158
0.036457
0.093597
0.027062
0.111421
0.090398
0.133294
0.169723
0.005674
0.029436
0.060908
0.012465
0.212919
0.101623
0.170874
0.112824
0.168648
0.040683
0.033279
0.097271
0.073090
0.112894
0.062286
0.021386
0.001934
0.184903
0.170240
0.016569
0.005474
0.004366
0.042012
0.053628
0.089097
0.014683
0.133596
0.011351
0.065668
0.056114
0.045971
0.000714
0.019495
0.076350
0.113873
0.032763
0.160079
0.155966
0.129047
0.128643
0.048408
0.027034
0.061437
0.018558
0.034095
0.009648
0.046293
0.002220
0.087507
0.076449
0.080336
0.074592
0.127191
0.074396
0.093710
0.087149
0.027812
0.037402
0.065958
0.063039
0.020720
0.007310
0.071930
0.021713
0.014306
0.019485
0.017236
0.039727
0.042120
0.091929
0.021157
0.062975
0.023101
0.074382
0.050095
0.126957
0.059295
0.105023
0.000746
0.010568
0.000488
0.021052
0.004767
0.152824
0.161477
0.208119
0.272996
0.011169
0.029264
0.097087
0.065550
0.011295
0.093710
0.015012
0.138574
0.030238
0.013229
0.012360
0.041673
0.027368
0.028996
0.024619
0.006339
0.005162
0.034538
0.029974
0.020275
0.072673
0.045471
0.058125
0.057676
0.074050
0.005162
0.090197
0.006922
0.014890
0.024040
0.179394
0.084813
0.051202
0.020564
0.074731
0.020692
0.002691
0.015348
0.006069
0.018333
0.083840
0.014988
0.000353
0.012168
0.121659
0.030040
0.169325
0.095423
0.011170
0.010007
0.065288
0.001981
0.055701
0.057128
0.002048
0.005927
0.018520
0.095245
0.019366
0.015482
0.061488
0.094580
0.064783
0.062791
0.070207
0.024939
0.069487
0.059237
0.026152
0.003903
0.035812
0.018046
0.012111
0.041505
0.029701
0.047266
0.050754
0.045480
0.011016
0.016555
0.121273
0.134875
0.096614
0.037210
0.066390
0.056092
0.053938
0.054091
0.102520
0.015273
0.088675
0.082980
0.022942
0.147233
0.023299
0.061624
0.001576
0.080490
0.342001
0.049570
0.125724
0.053920
0.067143
0.041819
0.038997
0.076979
0.091340
0.049852
0.148618
0.156001
0.188138
0.005901
0.003308
0.024077
0.063092
0.098926
0.063389
0.039611
0.101019
0.011342
0.026481
0.051142
0.033354
0.004631
0.014534
0.063179
0.001728
0.068841
0.009918
0.021616
0.033342
0.019737
0.006737
0.015468
0.129043
0.008184
0.044252
0.009011
0.060837
0.067076
0.044214
0.137007
0.067161
0.000757
0.028917
0.034638
0.002374
0.075685
0.015200
0.040338
0.164733
0.097977
0.055183
0.035026
0.031523
0.060097
0.016244
0.002894
0.043833
0.030061
0.030506
0.055974
0.133591
0.037041
0.002517
0.063708
0.018637
0.006181
0.113769
0.020544
0.146304
0.023127
0.074956
0.037352
0.079186
0.059900
0.035418
0.203220
0.092411
0.214997
0.069192
0.007938
0.092821
0.067633
0.096475
0.077382
0.074989
0.059943
0.034381
0.058027
0.033335
0.058607
0.012090
0.081445
0.037939
0.070918
0.023835
0.107883
0.201924
0.129108
0.186487
0.245430
0.242255
0.021092
0.119976
0.091325
0.010919
0.015851
0.038530
0.075362
0.090243
0.000336
0.036763
0.003281
0.059452
0.045977
0.010430
0.021521
0.137719
0.089771
0.050433
0.012299
0.044674
0.012660
0.009647
0.084148
0.018255
0.008826
0.017337
0.010490
0.034506
0.016958
0.013684
0.094148
0.075330
0.129225
0.224238
0.095099
0.024368
0.099360
0.184553
0.065718
0.065233
0.047866
0.007416
0.016590
0.030223
0.008490
0.001904
0.311195
0.014501
0.007325
0.040144
0.023666
0.039259
0.034290
0.004293
0.001357
0.027259
0.016459
0.115434
0.105702
0.024831
0.005657
0.005912
0.061263
0.006038
0.002492
0.010137
0.054456
0.019979
0.000249
0.003373
0.021291
0.034009
0.091624
0.062866
0.001620
0.081413
0.068772
0.104882
0.206201
0.120274
0.047026
0.000549
0.043295
0.039663
0.002680
0.122629
0.070421
0.097702
0.001230
0.027331
0.018402
0.002965
0.042699
0.131208
0.025246
0.001585
0.048275
0.028489
0.001689
0.017135
0.029164
0.002053
0.015321
0.012520
0.153733
0.142939
0.199107
0.042432
0.043234
0.100779
0.032349
0.000465
0.073092
0.063262
0.013804
0.062763
0.006324
0.016277
0.045555
0.006005
0.007510
0.002863
0.004101
0.178160
0.006460
0.201703
0.164363
0.189755
0.154295
0.028793
0.028553
0.021330
0.009196
0.107044
0.083678
0.142307
0.119544
0.005575
0.016909
0.073924
0.033856
0.024667
0.052647
0.071350
0.060201
0.022343
0.099038
0.132212
0.084627
0.037909
0.095183
0.019469
0.016173
0.070412
0.002317
0.032010
0.028049
0.019344
0.003138
0.032453
0.020933
0.046677
0.076871
0.014304
0.027866
0.019602
0.011560
0.057711
0.011326
0.002774
0.034609
0.035800
0.042449
0.088965
0.091054
0.039672
0.067922
0.037560
0.032959
0.007690
0.035758
0.014327
0.005012
0.037998
0.020429
0.012527
0.018627
0.102628
0.028141
0.066976
0.031313
0.071070
0.071620
0.040577
0.014331
0.033941
0.062570
0.049469
0.089464
0.021803
0.007459
0.052588
0.031120
0.004426
0.045456
0.085806
0.039629
0.030084
0.033165
0.000894
0.072710
0.012998
0.087041
0.109240
0.022620
0.028365
0.008363
0.117891
0.079611
0.008396
0.018262
0.075435
0.125733
0.080930
0.071488
0.062859
0.013953
0.019820
0.073926
0.058036
0.009450
0.095746
0.041728
0.022011
0.038744
0.131451
0.028211
0.013494
0.038649
0.012311
0.072121
0.055198
0.007416
0.083310
0.036812
0.030324
0.005119
0.033785
0.003707
0.000396
0.025892
0.021866
0.033443
0.066986
0.040084
0.030224
0.062879
0.103034
0.066961
0.069374
0.045292
0.086331
0.042260
0.001223
0.000510
0.092729
0.041503
0.153049
0.047031
0.055022
0.086034
0.009686
0.055013
0.027082
0.035089
0.025566
0.001688
0.092055
0.088294
0.008958
0.069000
0.032726
0.058343
0.025222
0.053538
0.054056
0.002534
0.021502
0.052811
0.073007
0.066720
0.035659
0.028049
0.022726
0.218264
0.128592
0.045882
0.037442
0.089228
0.123487
0.000160
0.075857
0.053232
0.117676
0.069597
0.002879
0.038255
0.025901
0.026920
0.008408
0.010033
0.059839
0.052312
0.022531
0.010314
0.117150
0.076453
0.020915
0.020380
0.134471
0.062409
0.019395
0.019106
0.005501
0.072797
0.054431
0.004088
0.000497
0.017885
0.017358
0.002746
0.057113
0.047510
0.034493
0.039972
0.085004
0.150005
0.072645
0.062056
0.000630
0.025059
0.014546
0.170477
0.049874
0.032342
0.021654
0.014445
0.060048
0.137704
0.097283
0.037741
0.013990
0.059416
0.184477
0.178594
0.075963
0.030375
0.032916
0.020226
0.018155
0.029697
0.037094
0.005942
0.158858
0.130858
0.125195
0.015505
0.010691
0.070415
0.080490
0.000074
0.082566
0.090372
0.074379
0.130878
0.092614
0.166766
0.298983
0.033251
0.000258
0.053815
0.013165
0.036658
0.140471
0.163565
0.018874
0.012944
0.038697
0.009928
0.013150
0.072777
0.032473
0.049011
0.047020
0.066681
0.058607
0.171041
0.277394
0.083975
0.018714
0.001885
0.057570
0.010284
0.038001
0.028549
0.101847
0.007211
0.209974
0.088339
0.095072
0.068205
0.024115
0.045358
0.042231
0.028872
0.027536
0.044929
0.068500
0.007525
0.006692
0.034078
0.006020
0.043118
0.132175
0.023323
0.104662
0.117812
0.038928
0.005188
0.064186
0.029975
0.011063
0.007123
0.000513
0.100589
0.005583
0.090892
0.003895
0.120988
0.060326
0.073612
0.077273
0.036087
0.007666
0.056899
0.079958
0.055708
0.094683
0.002595
0.053667
0.034024
0.001967
0.001436
0.036790
0.011996
0.083526
0.151169
0.025668
0.093806
0.080875
0.021304
0.109525
0.041710
0.035364
0.049803
0.039148
0.043575
0.046253
0.024377
0.107586
0.078064
0.001208
0.056548
0.044392
0.293867
0.057493
0.004736
0.029398
0.096149
0.006511
0.002465
0.010524
0.061180
0.057562
0.082495
0.005656
0.023133
0.015034
0.012715
0.000508
0.002029
0.007989
0.037557
0.091613
0.016853
0.008557
0.022989
0.079412
0.030547
0.043553
0.023463
0.000696
0.062249
0.008005
0.004313
0.039202
0.148206
0.067401
0.015091
0.023025
0.101812
0.112982
0.027513
0.013041
0.029200
0.044316
0.039471
0.209635
0.165921
0.434328
0.366526
0.315390
0.095823
0.094933
0.002043
0.040737
0.052308
0.056203
0.029668
0.001635
0.016683
0.026610
0.128072
0.086490
0.049824
0.023967
0.046754
0.018087
0.090845
0.003529
0.102629
0.047897
0.096047
0.042704
0.072234
0.026904
0.048270
0.175135
0.014168
0.069624
0.049862
0.032094
0.180787
0.184094
0.190337
0.054536
0.053537
0.074644
0.094999
0.018070
0.009073
0.015461
0.005397
0.012431
0.025525
0.027040
0.119367
0.058444
0.164258
0.042413
0.020940
0.030914
0.014239
0.199034
0.010582
0.018737
0.008628
0.000468
0.025737
0.009374
0.025931
0.110059
0.045964
0.008737
0.062858
0.094955
0.090948
0.019196
0.155791
0.116249
0.178320
0.158310
0.210209
0.045624
0.045125
0.104715
0.027640
0.053408
0.006178
0.078072
0.059356
0.011555
0.004899
0.001981
0.024970
0.000451
0.036272
0.000732
0.029365
0.027755
0.055115
0.009352
0.004862
0.049804
0.019449
0.076992
0.020364
0.002868
0.051846
0.003429
0.026967
0.006601
0.012546
0.102348
0.025605
0.037791
0.006956
0.000296
0.100692
0.036432
0.004028
0.008141
0.011460
0.104690
0.026991
0.047320
0.012028
0.095766
0.208748
0.144501
0.043868
0.030937
0.060493
0.023910
0.018488
0.158514
0.009081
0.108958
0.008009
0.064703
0.024708
0.046440
0.027539
0.005061
0.072624
0.065419
0.033114
0.017994
0.004154
0.196472
0.121218
0.194551
0.123434
0.139555
0.111010
0.109244
0.212168
0.249653
0.217138
0.160110
0.073518
0.180621
0.191487
0.158235
0.080482
0.035264
0.051414
0.046285
0.017356
0.059668
0.023258
0.010336
0.074108
0.156535
0.103366
0.004520
0.032572
0.004957
0.014918
0.059911
0.101225
0.069239
0.046982
0.002993
0.079979
0.015408
0.026304
0.003502
0.064391
0.033872
0.007495
0.111696
0.066830
0.010923
0.037577
0.025876
0.055240
0.023608
0.013693
0.002581
0.007876
0.027378
0.012311
0.036145
0.006605
0.005858
0.039883
0.018028
0.101921
0.034073
0.007358
0.023417
0.000614
0.061476
0.007285
0.029472
0.030073
0.015251
0.008372
0.044823
0.008976
0.053658
0.031699
0.112434
0.105282
0.079573
0.035509
0.107408
0.064335
0.024978
0.093158
0.037764
0.020549
0.059059
0.056298
0.038363
0.040385
0.034983
0.001645
0.054689
0.060023
0.011674
0.159523
0.078410
0.070855
0.010584
0.051767
0.039015
0.026815
0.064105
0.075352
0.015984
0.050546
0.019114
0.019035
0.053817
0.056562
0.007065
0.059266
0.195808
0.168666
0.145716
0.070472
0.001297
0.002881
0.005578
0.006926
0.087468
0.078630
0.019278
0.077351
0.000208
0.014116
0.015463
0.083532
0.032427
0.040626
0.002191
0.014444
0.006359
0.030678
0.056439
0.134594
0.035091
0.050489
0.016102
0.133443
0.005604
0.015067
0.046666
0.017760
0.020249
0.018360
0.093815
0.061912
0.015679
0.075460
0.014442
0.034157
0.062243
0.085018
0.034275
0.048444
0.014888
0.161887
0.029598
0.001720
0.010049
0.077581
0.004712
0.029598
0.102431
0.011517
0.025093
0.036284
0.035895
0.048897
0.092111
0.073604
0.028340
0.016029
0.023549
0.012348
0.020081
0.008469
0.037722
0.125341
0.052830
0.010745
0.031820
0.004413
0.015708
0.097351
0.079972
0.044474
0.004034
0.008891
0.016410
0.011948
0.070809
0.013973
0.176442
0.168369
0.006718
0.030977
0.050999
0.014250
0.019728
0.090141
0.003998
0.144670
0.186463
0.021880
0.020975
0.100469
0.050410
0.105469
0.087460
0.000601
0.057018
0.284806
0.126172
0.209515
0.019654
0.016935
0.027187
0.402828
0.343466
0.117050
0.002269
0.010289
0.063067
0.018694
0.018415
0.016513
0.033740
0.002516
0.105097
0.087128
0.002541
0.103168
0.078471
0.112327
0.013651
0.024338
0.021890
0.035063
0.041668
0.096932
0.023420
0.043642
0.003237
0.007308
0.014502
0.016894
0.030299
0.007908
0.077457
0.065513
0.048638
0.035518
0.073441
0.002146
0.019567
0.041619
0.032245
0.072806
0.051996
0.069734
0.070361
0.045924
0.054898
0.044683
0.039595
0.166879
0.155608
0.070345
0.010613
0.121771
0.006757
0.072627
0.049604
0.106404
0.048755
0.082687
0.014143
0.011173
0.207080
0.005401
0.070825
0.048786
0.127259
0.111940
0.107205
0.007757
0.009279
0.033452
0.045228
0.010016
0.065779
0.058758
0.152303
0.014283
0.105136
0.004842
0.052915
0.004550
0.051822
0.041220
0.064662
0.032760
0.078853
0.052941
0.035272
0.003434
0.092644
0.030991
0.010094
0.140030
0.094057
0.296812
0.092914
0.064147
0.099047
0.022445
0.023191
0.000168
0.016845
0.012393
0.038949
0.003831
0.000675
0.073638
0.071725
0.113983
0.007251
0.065627
0.009328
0.029294
0.018462
0.014799
0.037567
0.007636
0.005010
0.017653
0.014545
0.122267
0.074968
0.125860
0.125683
0.126762
0.017737
0.075795
0.260625
0.177758
0.237891
0.074983
0.014670
0.038229
0.125312
0.090983
0.137346
0.044615
0.030190
0.117908
0.017254
0.174217
0.050943
0.005829
0.120000
0.031306
0.008747
0.031069
0.019008
0.018367
0.068768
0.063429
0.109850
0.019578
0.144338
0.016646
0.319154
0.212241
0.033266
0.001913
0.107233
0.122386
0.010515
0.223524
0.089169
0.012970
0.019258
0.019430
0.008277
0.006407
0.065766
0.063838
0.083356
0.023152
0.020854
0.004351
0.028173
0.089929
0.006959
0.015692
0.029602
0.014827
0.036537
0.080759
0.007587
0.050322
0.038799
0.037551
0.004502
0.005984
0.105193
0.014577
0.047745
0.026805
0.153391
0.095896
