0.885417
0.88715
0.883534
0.891985
0.890026
0.886475
0.894084
0.891176
0.888247
0.883784
0.888506
0.886272
0.889736
0.882166
0.899764
0.885054
0.88664
0.888679
0.898346
0.883435
0.888369
0.892049
0.895855
0.889312
0.889686
0.878613
0.887056
0.88538
0.884615
0.889493
0.884004
0.889354
0.889465
0.890001
0.888535
0.876609
0.887618
0.887515
0.886016
0.886892
0.893419
0.895648
0.890704
0.887538
0.883568
0.883468
0.892265
0.883621
0.892042
0.902121
0.899515
0.892177
0.875839
0.886887
0.888556
0.88854
0.889241
0.897712
0.882734
0.895017
0.891322
0.886387
