0.12766
0.127231
0.128985
0.123851
0.128924
0.126407
0.127337
0.127452
0.12583
0.130673
0.12621
0.126742
0.126869
0.133191
0.118647
0.127651
0.127001
0.131598
0.123938
0.130888
0.12685
0.125568
0.12555
0.130264
0.133291
0.131531
0.124662
0.130637
0.124473
0.127576
0.128533
0.125531
0.128172
0.125324
0.127286
0.132511
0.126903
0.12817
0.128782
0.127413
0.126071
0.12459
0.13108
0.126362
0.124032
0.132608
0.126987
0.12384
0.123344
0.125451
0.126211
0.124154
0.13975
0.12626
0.127414
0.125975
0.116121
0.122613
0.129517
0.123278
0.125836
0.126964
