0.00224669
0.00241944
0.00281184
0.0021131
0.0022117
0.00243017
0.00222868
0.0023097
0.00234565
0.00325637
0.00241367
0.0024763
0.00229861
0.00278432
0.00222241
0.00240906
0.00248465
0.00237652
0.00203268
0.00268218
0.00237783
0.00230082
0.00221064
0.00234435
0.00261132
0.00283701
0.00315215
0.00268702
0.00271087
0.00232241
0.00237663
0.00232727
0.00225806
0.00236962
0.00236701
0.00321904
0.00229131
0.00245013
0.00246437
0.00254929
0.00211444
0.00225064
0.00247495
0.00243679
0.00218268
0.00291172
0.00236763
0.00293515
0.00229619
0.00277297
0.00218107
0.002256
0.00320471
0.00241944
0.0024335
0.00225443
0.00262843
0.00204583
0.00285725
0.00205462
0.00239761
0.00242891
