0.114201
0.112689
0.112146
0.111129
0.115527
0.111992
0.113904
0.113592
0.111923
0.111591
0.111771
0.11205
0.113093
0.116426
0.105786
0.113201
0.112166
0.117257
0.111725
0.114708
0.11267
0.111854
0.112317
0.116129
0.117539
0.114606
0.106506
0.114461
0.108549
0.113657
0.114262
0.111726
0.114565
0.111239
0.113199
0.11369
0.113176
0.113399
0.114064
0.112186
0.113365
0.111007
0.116138
0.111907
0.111137
0.115104
0.112883
0.106862
0.109569
0.10927
0.113005
0.110727
0.120418
0.111884
0.112773
0.112414
0.101234
0.110314
0.112231
0.110902
0.111569
0.112567
