0.0134594
0.0145416
0.0168386
0.0127215
0.0133978
0.0144146
0.013433
0.0138601
0.0139063
0.0190826
0.0144382
0.0146921
0.0137755
0.0167648
0.0128609
0.0144505
0.0148352
0.0143409
0.0122131
0.0161793
0.0141797
0.0137132
0.013233
0.0141345
0.0157516
0.0169249
0.018156
0.0161761
0.0159231
0.0139191
0.0142711
0.0138044
0.0136069
0.014085
0.0140864
0.0188202
0.0137273
0.0147709
0.0147179
0.0152266
0.0127051
0.0135825
0.0149419
0.0144553
0.0128953
0.0175047
0.0141033
0.0169783
0.0137755
0.016181
0.0132063
0.0134264
0.0193315
0.0143761
0.0146414
0.0135606
0.014887
0.0122986
0.0172864
0.0123761
0.0142664
0.0143973
