0.0213094
0.0211687
0.0215389
0.0205721
0.0212828
0.0213104
0.0211265
0.021239
0.0212243
0.022299
0.0210988
0.0213619
0.0211696
0.0221205
0.0205026
0.0212809
0.0212705
0.0218079
0.0206275
0.0216983
0.0212718
0.0210678
0.0209738
0.0216055
0.0220971
0.0220477
0.0216431
0.0217002
0.0211911
0.0212861
0.0214052
0.0211631
0.0212702
0.0210842
0.0213885
0.0226649
0.0211822
0.0212602
0.0215634
0.0213318
0.0209813
0.0206446
0.0217119
0.0213013
0.0209938
0.022058
0.0213183
0.0214091
0.0205598
0.0214988
0.0208443
0.0208611
0.0231672
0.0212492
0.0211771
0.0209431
0.0205023
0.0203962
0.0214078
0.0204662
0.0211478
0.0214196
