Sample size N: 10000
0.00000
50.00000
75.00000
25.00000
37.50000
87.50000
62.50000
12.50000
18.75000
68.75000
93.75000
43.75000
31.25000
81.25000
56.25000
6.25000
9.37500
59.37500
84.37500
34.37500
46.87500
96.87500
71.87500
21.87500
15.62500
65.62500
90.62500
40.62500
28.12500
78.12500
53.12500
3.12500
4.68750
54.68750
79.68750
29.68750
42.18750
92.18750
67.18750
17.18750
23.43750
73.43750
98.43750
48.43750
35.93750
85.93750
60.93750
10.93750
7.81250
57.81250
82.81250
32.81250
45.31250
95.31250
70.31250
20.31250
14.06250
64.06250
89.06250
39.06250
26.56250
76.56250
51.56250
1.56250
2.34375
52.34375
77.34375
27.34375
39.84375
89.84375
64.84375
14.84375
21.09375
71.09375
96.09375
46.09375
33.59375
83.59375
58.59375
8.59375
11.71875
61.71875
86.71875
36.71875
49.21875
99.21875
74.21875
24.21875
17.96875
67.96875
92.96875
42.96875
30.46875
80.46875
55.46875
5.46875
3.90625
53.90625
78.90625
28.90625
41.40625
91.40625
66.40625
16.40625
22.65625
72.65625
97.65625
47.65625
35.15625
85.15625
60.15625
10.15625
7.03125
57.03125
82.03125
32.03125
44.53125
94.53125
69.53125
19.53125
13.28125
63.28125
88.28125
38.28125
25.78125
75.78125
50.78125
0.78125
1.17188
51.17188
76.17188
26.17188
38.67188
88.67188
63.67188
13.67188
19.92188
69.92188
94.92188
44.92188
32.42188
82.42188
57.42188
7.42188
10.54688
60.54688
85.54688
35.54688
48.04688
98.04688
73.04688
23.04688
16.79688
66.79688
91.79688
41.79688
29.29688
79.29688
54.29688
4.29688
5.85938
55.85938
80.85938
30.85938
43.35938
93.35938
68.35938
18.35938
24.60938
74.60938
99.60938
49.60938
37.10938
87.10938
62.10938
12.10938
8.98438
58.98438
83.98438
33.98438
46.48438
96.48438
71.48438
21.48438
15.23438
65.23438
90.23438
40.23438
27.73438
77.73438
52.73438
2.73438
1.95313
51.95313
76.95313
26.95313
39.45313
89.45313
64.45313
14.45313
20.70313
70.70313
95.70313
45.70313
33.20313
83.20313
58.20313
8.20313
11.32813
61.32813
86.32813
36.32813
48.82813
98.82813
73.82813
23.82813
17.57813
67.57813
92.57813
42.57813
30.07813
80.07813
55.07813
5.07813
3.51563
53.51563
78.51563
28.51563
41.01563
91.01563
66.01563
16.01563
22.26563
72.26563
97.26563
47.26563
34.76563
84.76563
59.76563
9.76563
6.64063
56.64063
81.64063
31.64063
44.14063
94.14063
69.14063
19.14063
12.89063
62.89063
87.89063
37.89063
25.39063
75.39063
50.39063
0.39063
0.58594
50.58594
75.58594
25.58594
38.08594
88.08594
63.08594
13.08594
19.33594
69.33594
94.33594
44.33594
31.83594
81.83594
56.83594
6.83594
9.96094
59.96094
84.96094
34.96094
47.46094
97.46094
72.46094
22.46094
16.21094
66.21094
91.21094
41.21094
28.71094
78.71094
53.71094
3.71094
5.27344
55.27344
80.27344
30.27344
42.77344
92.77344
67.77344
17.77344
24.02344
74.02344
99.02344
49.02344
36.52344
86.52344
61.52344
11.52344
8.39844
58.39844
83.39844
33.39844
45.89844
95.89844
70.89844
20.89844
14.64844
64.64844
89.64844
39.64844
27.14844
77.14844
52.14844
2.14844
2.92969
52.92969
77.92969
27.92969
40.42969
90.42969
65.42969
15.42969
21.67969
71.67969
96.67969
46.67969
34.17969
84.17969
59.17969
9.17969
12.30469
62.30469
87.30469
37.30469
49.80469
99.80469
74.80469
24.80469
18.55469
68.55469
93.55469
43.55469
31.05469
81.05469
56.05469
6.05469
4.49219
54.49219
79.49219
29.49219
41.99219
91.99219
66.99219
16.99219
23.24219
73.24219
98.24219
48.24219
35.74219
85.74219
60.74219
10.74219
7.61719
57.61719
82.61719
32.61719
45.11719
95.11719
70.11719
20.11719
13.86719
63.86719
88.86719
38.86719
26.36719
76.36719
51.36719
1.36719
0.97656
50.97656
75.97656
25.97656
38.47656
88.47656
63.47656
13.47656
19.72656
69.72656
94.72656
44.72656
32.22656
82.22656
57.22656
7.22656
10.35156
60.35156
85.35156
35.35156
47.85156
97.85156
72.85156
22.85156
16.60156
66.60156
91.60156
41.60156
29.10156
79.10156
54.10156
4.10156
5.66406
55.66406
80.66406
30.66406
43.16406
93.16406
68.16406
18.16406
24.41406
74.41406
99.41406
49.41406
36.91406
86.91406
61.91406
11.91406
8.78906
58.78906
83.78906
33.78906
46.28906
96.28906
71.28906
21.28906
15.03906
65.03906
90.03906
40.03906
27.53906
77.53906
52.53906
2.53906
1.75781
51.75781
76.75781
26.75781
39.25781
89.25781
64.25781
14.25781
20.50781
70.50781
95.50781
45.50781
33.00781
83.00781
58.00781
8.00781
11.13281
61.13281
86.13281
36.13281
48.63281
98.63281
73.63281
23.63281
17.38281
67.38281
92.38281
42.38281
29.88281
79.88281
54.88281
4.88281
3.32031
53.32031
78.32031
28.32031
40.82031
90.82031
65.82031
15.82031
22.07031
72.07031
97.07031
47.07031
34.57031
84.57031
59.57031
9.57031
6.44531
56.44531
81.44531
31.44531
43.94531
93.94531
68.94531
18.94531
12.69531
62.69531
87.69531
37.69531
25.19531
75.19531
50.19531
0.19531
0.29297
50.29297
75.29297
25.29297
37.79297
87.79297
62.79297
12.79297
19.04297
69.04297
94.04297
44.04297
31.54297
81.54297
56.54297
6.54297
9.66797
59.66797
84.66797
34.66797
47.16797
97.16797
72.16797
22.16797
15.91797
65.91797
90.91797
40.91797
28.41797
78.41797
53.41797
3.41797
4.98047
54.98047
79.98047
29.98047
42.48047
92.48047
67.48047
17.48047
23.73047
73.73047
98.73047
48.73047
36.23047
86.23047
61.23047
11.23047
8.10547
58.10547
83.10547
33.10547
45.60547
95.60547
70.60547
20.60547
14.35547
64.35547
89.35547
39.35547
26.85547
76.85547
51.85547
1.85547
2.63672
52.63672
77.63672
27.63672
40.13672
90.13672
65.13672
15.13672
21.38672
71.38672
96.38672
46.38672
33.88672
83.88672
58.88672
8.88672
12.01172
62.01172
87.01172
37.01172
49.51172
99.51172
74.51172
24.51172
18.26172
68.26172
93.26172
43.26172
30.76172
80.76172
55.76172
5.76172
4.19922
54.19922
79.19922
29.19922
41.69922
91.69922
66.69922
16.69922
22.94922
72.94922
97.94922
47.94922
35.44922
85.44922
60.44922
10.44922
7.32422
57.32422
82.32422
32.32422
44.82422
94.82422
69.82422
19.82422
13.57422
63.57422
88.57422
38.57422
26.07422
76.07422
51.07422
1.07422
1.46484
51.46484
76.46484
26.46484
38.96484
88.96484
63.96484
13.96484
20.21484
70.21484
95.21484
45.21484
32.71484
82.71484
57.71484
7.71484
10.83984
60.83984
85.83984
35.83984
48.33984
98.33984
73.33984
23.33984
17.08984
67.08984
92.08984
42.08984
29.58984
79.58984
54.58984
4.58984
6.15234
56.15234
81.15234
31.15234
43.65234
93.65234
68.65234
18.65234
24.90234
74.90234
99.90234
49.90234
37.40234
87.40234
62.40234
12.40234
9.27734
59.27734
84.27734
34.27734
46.77734
96.77734
71.77734
21.77734
15.52734
65.52734
90.52734
40.52734
28.02734
78.02734
53.02734
3.02734
2.24609
52.24609
77.24609
27.24609
39.74609
89.74609
64.74609
14.74609
20.99609
70.99609
95.99609
45.99609
33.49609
83.49609
58.49609
8.49609
11.62109
61.62109
86.62109
36.62109
49.12109
99.12109
74.12109
24.12109
17.87109
67.87109
92.87109
42.87109
30.37109
80.37109
55.37109
5.37109
3.80859
53.80859
78.80859
28.80859
41.30859
91.30859
66.30859
16.30859
22.55859
72.55859
97.55859
47.55859
35.05859
85.05859
60.05859
10.05859
6.93359
56.93359
81.93359
31.93359
44.43359
94.43359
69.43359
19.43359
13.18359
63.18359
88.18359
38.18359
25.68359
75.68359
50.68359
0.68359
0.48828
50.48828
75.48828
25.48828
37.98828
87.98828
62.98828
12.98828
19.23828
69.23828
94.23828
44.23828
31.73828
81.73828
56.73828
6.73828
9.86328
59.86328
84.86328
34.86328
47.36328
97.36328
72.36328
22.36328
16.11328
66.11328
91.11328
41.11328
28.61328
78.61328
53.61328
3.61328
5.17578
55.17578
80.17578
30.17578
42.67578
92.67578
67.67578
17.67578
23.92578
73.92578
98.92578
48.92578
36.42578
86.42578
61.42578
11.42578
8.30078
58.30078
83.30078
33.30078
45.80078
95.80078
70.80078
20.80078
14.55078
64.55078
89.55078
39.55078
27.05078
77.05078
52.05078
2.05078
2.83203
52.83203
77.83203
27.83203
40.33203
90.33203
65.33203
15.33203
21.58203
71.58203
96.58203
46.58203
34.08203
84.08203
59.08203
9.08203
12.20703
62.20703
87.20703
37.20703
49.70703
99.70703
74.70703
24.70703
18.45703
68.45703
93.45703
43.45703
30.95703
80.95703
55.95703
5.95703
4.39453
54.39453
79.39453
29.39453
41.89453
91.89453
66.89453
16.89453
23.14453
73.14453
98.14453
48.14453
35.64453
85.64453
60.64453
10.64453
7.51953
57.51953
82.51953
32.51953
45.01953
95.01953
70.01953
20.01953
13.76953
63.76953
88.76953
38.76953
26.26953
76.26953
51.26953
1.26953
0.87891
50.87891
75.87891
25.87891
38.37891
88.37891
63.37891
13.37891
19.62891
69.62891
94.62891
44.62891
32.12891
82.12891
57.12891
7.12891
10.25391
60.25391
85.25391
35.25391
47.75391
97.75391
72.75391
22.75391
16.50391
66.50391
91.50391
41.50391
29.00391
79.00391
54.00391
4.00391
5.56641
55.56641
80.56641
30.56641
43.06641
93.06641
68.06641
18.06641
24.31641
74.31641
99.31641
49.31641
36.81641
86.81641
61.81641
11.81641
8.69141
58.69141
83.69141
33.69141
46.19141
96.19141
71.19141
21.19141
14.94141
64.94141
89.94141
39.94141
27.44141
77.44141
52.44141
2.44141
1.66016
51.66016
76.66016
26.66016
39.16016
89.16016
64.16016
14.16016
20.41016
70.41016
95.41016
45.41016
32.91016
82.91016
57.91016
7.91016
11.03516
61.03516
86.03516
36.03516
48.53516
98.53516
73.53516
23.53516
17.28516
67.28516
92.28516
42.28516
29.78516
79.78516
54.78516
4.78516
3.22266
53.22266
78.22266
28.22266
40.72266
90.72266
65.72266
15.72266
21.97266
71.97266
96.97266
46.97266
34.47266
84.47266
59.47266
9.47266
6.34766
56.34766
81.34766
31.34766
43.84766
93.84766
68.84766
18.84766
12.59766
62.59766
87.59766
37.59766
25.09766
75.09766
50.09766
0.09766
0.14648
50.14648
75.14648
25.14648
37.64648
87.64648
62.64648
12.64648
18.89648
68.89648
93.89648
43.89648
31.39648
81.39648
56.39648
6.39648
9.52148
59.52148
84.52148
34.52148
47.02148
97.02148
72.02148
22.02148
15.77148
65.77148
90.77148
40.77148
28.27148
78.27148
53.27148
3.27148
4.83398
54.83398
79.83398
29.83398
42.33398
92.33398
67.33398
17.33398
23.58398
73.58398
98.58398
48.58398
36.08398
86.08398
61.08398
11.08398
7.95898
57.95898
82.95898
32.95898
45.45898
95.45898
70.45898
20.45898
14.20898
64.20898
89.20898
39.20898
26.70898
76.70898
51.70898
1.70898
2.49023
52.49023
77.49023
27.49023
39.99023
89.99023
64.99023
14.99023
21.24023
71.24023
96.24023
46.24023
33.74023
83.74023
58.74023
8.74023
11.86523
61.86523
86.86523
36.86523
49.36523
99.36523
74.36523
24.36523
18.11523
68.11523
93.11523
43.11523
30.61523
80.61523
55.61523
5.61523
4.05273
54.05273
79.05273
29.05273
41.55273
91.55273
66.55273
16.55273
22.80273
72.80273
97.80273
47.80273
35.30273
85.30273
60.30273
10.30273
7.17773
57.17773
82.17773
32.17773
44.67773
94.67773
69.67773
19.67773
13.42773
63.42773
88.42773
38.42773
25.92773
75.92773
50.92773
0.92773
1.31836
51.31836
76.31836
26.31836
38.81836
88.81836
63.81836
13.81836
20.06836
70.06836
95.06836
45.06836
32.56836
82.56836
57.56836
7.56836
10.69336
60.69336
85.69336
35.69336
48.19336
98.19336
73.19336
23.19336
16.94336
66.94336
91.94336
41.94336
29.44336
79.44336
54.44336
4.44336
6.00586
56.00586
81.00586
31.00586
43.50586
93.50586
68.50586
18.50586
24.75586
74.75586
99.75586
49.75586
37.25586
87.25586
62.25586
12.25586
9.13086
59.13086
84.13086
34.13086
46.63086
96.63086
71.63086
21.63086
15.38086
65.38086
90.38086
40.38086
27.88086
77.88086
52.88086
2.88086
2.09961
52.09961
77.09961
27.09961
39.59961
89.59961
64.59961
14.59961
20.84961
70.84961
95.84961
45.84961
33.34961
83.34961
58.34961
8.34961
11.47461
61.47461
86.47461
36.47461
48.97461
98.97461
73.97461
23.97461
17.72461
67.72461
92.72461
42.72461
30.22461
80.22461
55.22461
5.22461
3.66211
53.66211
78.66211
28.66211
41.16211
91.16211
66.16211
16.16211
22.41211
72.41211
97.41211
47.41211
34.91211
84.91211
59.91211
9.91211
6.78711
56.78711
81.78711
31.78711
44.28711
94.28711
69.28711
19.28711
13.03711
63.03711
88.03711
38.03711
25.53711
75.53711
50.53711
0.53711
0.73242
50.73242
75.73242
25.73242
38.23242
88.23242
63.23242
13.23242
19.48242
69.48242
94.48242
44.48242
31.98242
81.98242
56.98242
6.98242
10.10742
60.10742
85.10742
35.10742
47.60742
97.60742
72.60742
22.60742
16.35742
66.35742
91.35742
41.35742
28.85742
78.85742
53.85742
3.85742
5.41992
55.41992
80.41992
30.41992
42.91992
92.91992
67.91992
17.91992
24.16992
74.16992
99.16992
49.16992
36.66992
86.66992
61.66992
11.66992
8.54492
58.54492
83.54492
33.54492
46.04492
96.04492
71.04492
21.04492
14.79492
64.79492
89.79492
39.79492
27.29492
77.29492
52.29492
2.29492
3.07617
53.07617
78.07617
28.07617
40.57617
90.57617
65.57617
15.57617
21.82617
71.82617
96.82617
46.82617
34.32617
84.32617
59.32617
9.32617
12.45117
62.45117
87.45117
37.45117
49.95117
99.95117
74.95117
24.95117
18.70117
68.70117
93.70117
43.70117
31.20117
81.20117
56.20117
6.20117
4.63867
54.63867
79.63867
29.63867
42.13867
92.13867
67.13867
17.13867
23.38867
73.38867
98.38867
48.38867
35.88867
85.88867
60.88867
10.88867
7.76367
57.76367
82.76367
32.76367
45.26367
95.26367
70.26367
20.26367
14.01367
64.01367
89.01367
39.01367
26.51367
76.51367
51.51367
1.51367
1.12305
51.12305
76.12305
26.12305
38.62305
88.62305
63.62305
13.62305
19.87305
69.87305
94.87305
44.87305
32.37305
82.37305
57.37305
7.37305
10.49805
60.49805
85.49805
35.49805
47.99805
97.99805
72.99805
22.99805
16.74805
66.74805
91.74805
41.74805
29.24805
79.24805
54.24805
4.24805
5.81055
55.81055
80.81055
30.81055
43.31055
93.31055
68.31055
18.31055
24.56055
74.56055
99.56055
49.56055
37.06055
87.06055
62.06055
12.06055
8.93555
58.93555
83.93555
33.93555
46.43555
96.43555
71.43555
21.43555
15.18555
65.18555
90.18555
40.18555
27.68555
77.68555
52.68555
2.68555
1.90430
51.90430
76.90430
26.90430
39.40430
89.40430
64.40430
14.40430
20.65430
70.65430
95.65430
45.65430
33.15430
83.15430
58.15430
8.15430
11.27930
61.27930
86.27930
36.27930
48.77930
98.77930
73.77930
23.77930
17.52930
67.52930
92.52930
42.52930
30.02930
80.02930
55.02930
5.02930
3.46680
53.46680
78.46680
28.46680
40.96680
90.96680
65.96680
15.96680
22.21680
72.21680
97.21680
47.21680
34.71680
84.71680
59.71680
9.71680
6.59180
56.59180
81.59180
31.59180
44.09180
94.09180
69.09180
19.09180
12.84180
62.84180
87.84180
37.84180
25.34180
75.34180
50.34180
0.34180
0.24414
50.24414
75.24414
25.24414
37.74414
87.74414
62.74414
12.74414
18.99414
68.99414
93.99414
43.99414
31.49414
81.49414
56.49414
6.49414
9.61914
59.61914
84.61914
34.61914
47.11914
97.11914
72.11914
22.11914
15.86914
65.86914
90.86914
40.86914
28.36914
78.36914
53.36914
3.36914
4.93164
54.93164
79.93164
29.93164
42.43164
92.43164
67.43164
17.43164
23.68164
73.68164
98.68164
48.68164
36.18164
86.18164
61.18164
11.18164
8.05664
58.05664
83.05664
33.05664
45.55664
95.55664
70.55664
20.55664
14.30664
64.30664
89.30664
39.30664
26.80664
76.80664
51.80664
1.80664
2.58789
52.58789
77.58789
27.58789
40.08789
90.08789
65.08789
15.08789
21.33789
71.33789
96.33789
46.33789
33.83789
83.83789
58.83789
8.83789
11.96289
61.96289
86.96289
36.96289
49.46289
99.46289
74.46289
24.46289
18.21289
68.21289
93.21289
43.21289
30.71289
80.71289
55.71289
5.71289
4.15039
54.15039
79.15039
29.15039
41.65039
91.65039
66.65039
16.65039
22.90039
72.90039
97.90039
47.90039
35.40039
85.40039
60.40039
10.40039
7.27539
57.27539
82.27539
32.27539
44.77539
94.77539
69.77539
19.77539
13.52539
63.52539
88.52539
38.52539
26.02539
76.02539
51.02539
1.02539
1.41602
51.41602
76.41602
26.41602
38.91602
88.91602
63.91602
13.91602
20.16602
70.16602
95.16602
45.16602
32.66602
82.66602
57.66602
7.66602
10.79102
60.79102
85.79102
35.79102
48.29102
98.29102
73.29102
23.29102
17.04102
67.04102
92.04102
42.04102
29.54102
79.54102
54.54102
4.54102
6.10352
56.10352
81.10352
31.10352
43.60352
93.60352
68.60352
18.60352
24.85352
74.85352
99.85352
49.85352
37.35352
87.35352
62.35352
12.35352
9.22852
59.22852
84.22852
34.22852
46.72852
96.72852
71.72852
21.72852
15.47852
65.47852
90.47852
40.47852
27.97852
77.97852
52.97852
2.97852
2.19727
52.19727
77.19727
27.19727
39.69727
89.69727
64.69727
14.69727
20.94727
70.94727
95.94727
45.94727
33.44727
83.44727
58.44727
8.44727
11.57227
61.57227
86.57227
36.57227
49.07227
99.07227
74.07227
24.07227
17.82227
67.82227
92.82227
42.82227
30.32227
80.32227
55.32227
5.32227
3.75977
53.75977
78.75977
28.75977
41.25977
91.25977
66.25977
16.25977
22.50977
72.50977
97.50977
47.50977
35.00977
85.00977
60.00977
10.00977
6.88477
56.88477
81.88477
31.88477
44.38477
94.38477
69.38477
19.38477
13.13477
63.13477
88.13477
38.13477
25.63477
75.63477
50.63477
0.63477
0.43945
50.43945
75.43945
25.43945
37.93945
87.93945
62.93945
12.93945
19.18945
69.18945
94.18945
44.18945
31.68945
81.68945
56.68945
6.68945
9.81445
59.81445
84.81445
34.81445
47.31445
97.31445
72.31445
22.31445
16.06445
66.06445
91.06445
41.06445
28.56445
78.56445
53.56445
3.56445
5.12695
55.12695
80.12695
30.12695
42.62695
92.62695
67.62695
17.62695
23.87695
73.87695
98.87695
48.87695
36.37695
86.37695
61.37695
11.37695
8.25195
58.25195
83.25195
33.25195
45.75195
95.75195
70.75195
20.75195
14.50195
64.50195
89.50195
39.50195
27.00195
77.00195
52.00195
2.00195
2.78320
52.78320
77.78320
27.78320
40.28320
90.28320
65.28320
15.28320
21.53320
71.53320
96.53320
46.53320
34.03320
84.03320
59.03320
9.03320
12.15820
62.15820
87.15820
37.15820
49.65820
99.65820
74.65820
24.65820
18.40820
68.40820
93.40820
43.40820
30.90820
80.90820
55.90820
5.90820
4.34570
54.34570
79.34570
29.34570
41.84570
91.84570
66.84570
16.84570
23.09570
73.09570
98.09570
48.09570
35.59570
85.59570
60.59570
10.59570
7.47070
57.47070
82.47070
32.47070
44.97070
94.97070
69.97070
19.97070
13.72070
63.72070
88.72070
38.72070
26.22070
76.22070
51.22070
1.22070
0.83008
50.83008
75.83008
25.83008
38.33008
88.33008
63.33008
13.33008
19.58008
69.58008
94.58008
44.58008
32.08008
82.08008
57.08008
7.08008
10.20508
60.20508
85.20508
35.20508
47.70508
97.70508
72.70508
22.70508
16.45508
66.45508
91.45508
41.45508
28.95508
78.95508
53.95508
3.95508
5.51758
55.51758
80.51758
30.51758
43.01758
93.01758
68.01758
18.01758
24.26758
74.26758
99.26758
49.26758
36.76758
86.76758
61.76758
11.76758
8.64258
58.64258
83.64258
33.64258
46.14258
96.14258
71.14258
21.14258
14.89258
64.89258
89.89258
39.89258
27.39258
77.39258
52.39258
2.39258
1.61133
51.61133
76.61133
26.61133
39.11133
89.11133
64.11133
14.11133
20.36133
70.36133
95.36133
45.36133
32.86133
82.86133
57.86133
7.86133
10.98633
60.98633
85.98633
35.98633
48.48633
98.48633
73.48633
23.48633
17.23633
67.23633
92.23633
42.23633
29.73633
79.73633
54.73633
4.73633
3.17383
53.17383
78.17383
28.17383
40.67383
90.67383
65.67383
15.67383
21.92383
71.92383
96.92383
46.92383
34.42383
84.42383
59.42383
9.42383
6.29883
56.29883
81.29883
31.29883
43.79883
93.79883
68.79883
18.79883
12.54883
62.54883
87.54883
37.54883
25.04883
75.04883
50.04883
0.04883
0.07324
50.07324
75.07324
25.07324
37.57324
87.57324
62.57324
12.57324
18.82324
68.82324
93.82324
43.82324
31.32324
81.32324
56.32324
6.32324
9.44824
59.44824
84.44824
34.44824
46.94824
96.94824
71.94824
21.94824
15.69824
65.69824
90.69824
40.69824
28.19824
78.19824
53.19824
3.19824
4.76074
54.76074
79.76074
29.76074
42.26074
92.26074
67.26074
17.26074
23.51074
73.51074
98.51074
48.51074
36.01074
86.01074
61.01074
11.01074
7.88574
57.88574
82.88574
32.88574
45.38574
95.38574
70.38574
20.38574
14.13574
64.13574
89.13574
39.13574
26.63574
76.63574
51.63574
1.63574
2.41699
52.41699
77.41699
27.41699
39.91699
89.91699
64.91699
14.91699
21.16699
71.16699
96.16699
46.16699
33.66699
83.66699
58.66699
8.66699
11.79199
61.79199
86.79199
36.79199
49.29199
99.29199
74.29199
24.29199
18.04199
68.04199
93.04199
43.04199
30.54199
80.54199
55.54199
5.54199
3.97949
53.97949
78.97949
28.97949
41.47949
91.47949
66.47949
16.47949
22.72949
72.72949
97.72949
47.72949
35.22949
85.22949
60.22949
10.22949
7.10449
57.10449
82.10449
32.10449
44.60449
94.60449
69.60449
19.60449
13.35449
63.35449
88.35449
38.35449
25.85449
75.85449
50.85449
0.85449
1.24512
51.24512
76.24512
26.24512
38.74512
88.74512
63.74512
13.74512
19.99512
69.99512
94.99512
44.99512
32.49512
82.49512
57.49512
7.49512
10.62012
60.62012
85.62012
35.62012
48.12012
98.12012
73.12012
23.12012
16.87012
66.87012
91.87012
41.87012
29.37012
79.37012
54.37012
4.37012
5.93262
55.93262
80.93262
30.93262
43.43262
93.43262
68.43262
18.43262
24.68262
74.68262
99.68262
49.68262
37.18262
87.18262
62.18262
12.18262
9.05762
59.05762
84.05762
34.05762
46.55762
96.55762
71.55762
21.55762
15.30762
65.30762
90.30762
40.30762
27.80762
77.80762
52.80762
2.80762
2.02637
52.02637
77.02637
27.02637
39.52637
89.52637
64.52637
14.52637
20.77637
70.77637
95.77637
45.77637
33.27637
83.27637
58.27637
8.27637
11.40137
61.40137
86.40137
36.40137
48.90137
98.90137
73.90137
23.90137
17.65137
67.65137
92.65137
42.65137
30.15137
80.15137
55.15137
5.15137
3.58887
53.58887
78.58887
28.58887
41.08887
91.08887
66.08887
16.08887
22.33887
72.33887
97.33887
47.33887
34.83887
84.83887
59.83887
9.83887
6.71387
56.71387
81.71387
31.71387
44.21387
94.21387
69.21387
19.21387
12.96387
62.96387
87.96387
37.96387
25.46387
75.46387
50.46387
0.46387
0.65918
50.65918
75.65918
25.65918
38.15918
88.15918
63.15918
13.15918
19.40918
69.40918
94.40918
44.40918
31.90918
81.90918
56.90918
6.90918
10.03418
60.03418
85.03418
35.03418
47.53418
97.53418
72.53418
22.53418
16.28418
66.28418
91.28418
41.28418
28.78418
78.78418
53.78418
3.78418
5.34668
55.34668
80.34668
30.34668
42.84668
92.84668
67.84668
17.84668
24.09668
74.09668
99.09668
49.09668
36.59668
86.59668
61.59668
11.59668
8.47168
58.47168
83.47168
33.47168
45.97168
95.97168
70.97168
20.97168
14.72168
64.72168
89.72168
39.72168
27.22168
77.22168
52.22168
2.22168
3.00293
53.00293
78.00293
28.00293
40.50293
90.50293
65.50293
15.50293
21.75293
71.75293
96.75293
46.75293
34.25293
84.25293
59.25293
9.25293
12.37793
62.37793
87.37793
37.37793
49.87793
99.87793
74.87793
24.87793
18.62793
68.62793
93.62793
43.62793
31.12793
81.12793
56.12793
6.12793
4.56543
54.56543
79.56543
29.56543
42.06543
92.06543
67.06543
17.06543
23.31543
73.31543
98.31543
48.31543
35.81543
85.81543
60.81543
10.81543
7.69043
57.69043
82.69043
32.69043
45.19043
95.19043
70.19043
20.19043
13.94043
63.94043
88.94043
38.94043
26.44043
76.44043
51.44043
1.44043
1.04980
51.04980
76.04980
26.04980
38.54980
88.54980
63.54980
13.54980
19.79980
69.79980
94.79980
44.79980
32.29980
82.29980
57.29980
7.29980
10.42480
60.42480
85.42480
35.42480
47.92480
97.92480
72.92480
22.92480
16.67480
66.67480
91.67480
41.67480
29.17480
79.17480
54.17480
4.17480
5.73730
55.73730
80.73730
30.73730
43.23730
93.23730
68.23730
18.23730
24.48730
74.48730
99.48730
49.48730
36.98730
86.98730
61.98730
11.98730
8.86230
58.86230
83.86230
33.86230
46.36230
96.36230
71.36230
21.36230
15.11230
65.11230
90.11230
40.11230
27.61230
77.61230
52.61230
2.61230
1.83105
51.83105
76.83105
26.83105
39.33105
89.33105
64.33105
14.33105
20.58105
70.58105
95.58105
45.58105
33.08105
83.08105
58.08105
8.08105
11.20605
61.20605
86.20605
36.20605
48.70605
98.70605
73.70605
23.70605
17.45605
67.45605
92.45605
42.45605
29.95605
79.95605
54.95605
4.95605
3.39355
53.39355
78.39355
28.39355
40.89355
90.89355
65.89355
15.89355
22.14355
72.14355
97.14355
47.14355
34.64355
84.64355
59.64355
9.64355
6.51855
56.51855
81.51855
31.51855
44.01855
94.01855
69.01855
19.01855
12.76855
62.76855
87.76855
37.76855
25.26855
75.26855
50.26855
0.26855
0.36621
50.36621
75.36621
25.36621
37.86621
87.86621
62.86621
12.86621
19.11621
69.11621
94.11621
44.11621
31.61621
81.61621
56.61621
6.61621
9.74121
59.74121
84.74121
34.74121
47.24121
97.24121
72.24121
22.24121
15.99121
65.99121
90.99121
40.99121
28.49121
78.49121
53.49121
3.49121
5.05371
55.05371
80.05371
30.05371
42.55371
92.55371
67.55371
17.55371
23.80371
73.80371
98.80371
48.80371
36.30371
86.30371
61.30371
11.30371
8.17871
58.17871
83.17871
33.17871
45.67871
95.67871
70.67871
20.67871
14.42871
64.42871
89.42871
39.42871
26.92871
76.92871
51.92871
1.92871
2.70996
52.70996
77.70996
27.70996
40.20996
90.20996
65.20996
15.20996
21.45996
71.45996
96.45996
46.45996
33.95996
83.95996
58.95996
8.95996
12.08496
62.08496
87.08496
37.08496
49.58496
99.58496
74.58496
24.58496
18.33496
68.33496
93.33496
43.33496
30.83496
80.83496
55.83496
5.83496
4.27246
54.27246
79.27246
29.27246
41.77246
91.77246
66.77246
16.77246
23.02246
73.02246
98.02246
48.02246
35.52246
85.52246
60.52246
10.52246
7.39746
57.39746
82.39746
32.39746
44.89746
94.89746
69.89746
19.89746
13.64746
63.64746
88.64746
38.64746
26.14746
76.14746
51.14746
1.14746
1.53809
51.53809
76.53809
26.53809
39.03809
89.03809
64.03809
14.03809
20.28809
70.28809
95.28809
45.28809
32.78809
82.78809
57.78809
7.78809
10.91309
60.91309
85.91309
35.91309
48.41309
98.41309
73.41309
23.41309
17.16309
67.16309
92.16309
42.16309
29.66309
79.66309
54.66309
4.66309
6.22559
56.22559
81.22559
31.22559
43.72559
93.72559
68.72559
18.72559
24.97559
74.97559
99.97559
49.97559
37.47559
87.47559
62.47559
12.47559
9.35059
59.35059
84.35059
34.35059
46.85059
96.85059
71.85059
21.85059
15.60059
65.60059
90.60059
40.60059
28.10059
78.10059
53.10059
3.10059
2.31934
52.31934
77.31934
27.31934
39.81934
89.81934
64.81934
14.81934
21.06934
71.06934
96.06934
46.06934
33.56934
83.56934
58.56934
8.56934
11.69434
61.69434
86.69434
36.69434
49.19434
99.19434
74.19434
24.19434
17.94434
67.94434
92.94434
42.94434
30.44434
80.44434
55.44434
5.44434
3.88184
53.88184
78.88184
28.88184
41.38184
91.38184
66.38184
16.38184
22.63184
72.63184
97.63184
47.63184
35.13184
85.13184
60.13184
10.13184
7.00684
57.00684
82.00684
32.00684
44.50684
94.50684
69.50684
19.50684
13.25684
63.25684
88.25684
38.25684
25.75684
75.75684
50.75684
0.75684
0.56152
50.56152
75.56152
25.56152
38.06152
88.06152
63.06152
13.06152
19.31152
69.31152
94.31152
44.31152
31.81152
81.81152
56.81152
6.81152
9.93652
59.93652
84.93652
34.93652
47.43652
97.43652
72.43652
22.43652
16.18652
66.18652
91.18652
41.18652
28.68652
78.68652
53.68652
3.68652
5.24902
55.24902
80.24902
30.24902
42.74902
92.74902
67.74902
17.74902
23.99902
73.99902
98.99902
48.99902
36.49902
86.49902
61.49902
11.49902
8.37402
58.37402
83.37402
33.37402
45.87402
95.87402
70.87402
20.87402
14.62402
64.62402
89.62402
39.62402
27.12402
77.12402
52.12402
2.12402
2.90527
52.90527
77.90527
27.90527
40.40527
90.40527
65.40527
15.40527
21.65527
71.65527
96.65527
46.65527
34.15527
84.15527
59.15527
9.15527
12.28027
62.28027
87.28027
37.28027
49.78027
99.78027
74.78027
24.78027
18.53027
68.53027
93.53027
43.53027
31.03027
81.03027
56.03027
6.03027
4.46777
54.46777
79.46777
29.46777
41.96777
91.96777
66.96777
16.96777
23.21777
73.21777
98.21777
48.21777
35.71777
85.71777
60.71777
10.71777
7.59277
57.59277
82.59277
32.59277
45.09277
95.09277
70.09277
20.09277
13.84277
63.84277
88.84277
38.84277
26.34277
76.34277
51.34277
1.34277
0.95215
50.95215
75.95215
25.95215
38.45215
88.45215
63.45215
13.45215
19.70215
69.70215
94.70215
44.70215
32.20215
82.20215
57.20215
7.20215
10.32715
60.32715
85.32715
35.32715
47.82715
97.82715
72.82715
22.82715
16.57715
66.57715
91.57715
41.57715
29.07715
79.07715
54.07715
4.07715
5.63965
55.63965
80.63965
30.63965
43.13965
93.13965
68.13965
18.13965
24.38965
74.38965
99.38965
49.38965
36.88965
86.88965
61.88965
11.88965
8.76465
58.76465
83.76465
33.76465
46.26465
96.26465
71.26465
21.26465
15.01465
65.01465
90.01465
40.01465
27.51465
77.51465
52.51465
2.51465
1.73340
51.73340
76.73340
26.73340
39.23340
89.23340
64.23340
14.23340
20.48340
70.48340
95.48340
45.48340
32.98340
82.98340
57.98340
7.98340
11.10840
61.10840
86.10840
36.10840
48.60840
98.60840
73.60840
23.60840
17.35840
67.35840
92.35840
42.35840
29.85840
79.85840
54.85840
4.85840
3.29590
53.29590
78.29590
28.29590
40.79590
90.79590
65.79590
15.79590
22.04590
72.04590
97.04590
47.04590
34.54590
84.54590
59.54590
9.54590
6.42090
56.42090
81.42090
31.42090
43.92090
93.92090
68.92090
18.92090
12.67090
62.67090
87.67090
37.67090
25.17090
75.17090
50.17090
0.17090
0.12207
50.12207
75.12207
25.12207
37.62207
87.62207
62.62207
12.62207
18.87207
68.87207
93.87207
43.87207
31.37207
81.37207
56.37207
6.37207
9.49707
59.49707
84.49707
34.49707
46.99707
96.99707
71.99707
21.99707
15.74707
65.74707
90.74707
40.74707
28.24707
78.24707
53.24707
3.24707
4.80957
54.80957
79.80957
29.80957
42.30957
92.30957
67.30957
17.30957
23.55957
73.55957
98.55957
48.55957
36.05957
86.05957
61.05957
11.05957
7.93457
57.93457
82.93457
32.93457
45.43457
95.43457
70.43457
20.43457
14.18457
64.18457
89.18457
39.18457
26.68457
76.68457
51.68457
1.68457
2.46582
52.46582
77.46582
27.46582
39.96582
89.96582
64.96582
14.96582
21.21582
71.21582
96.21582
46.21582
33.71582
83.71582
58.71582
8.71582
11.84082
61.84082
86.84082
36.84082
49.34082
99.34082
74.34082
24.34082
18.09082
68.09082
93.09082
43.09082
30.59082
80.59082
55.59082
5.59082
4.02832
54.02832
79.02832
29.02832
41.52832
91.52832
66.52832
16.52832
22.77832
72.77832
97.77832
47.77832
35.27832
85.27832
60.27832
10.27832
7.15332
57.15332
82.15332
32.15332
44.65332
94.65332
69.65332
19.65332
13.40332
63.40332
88.40332
38.40332
25.90332
75.90332
50.90332
0.90332
1.29395
51.29395
76.29395
26.29395
38.79395
88.79395
63.79395
13.79395
20.04395
70.04395
95.04395
45.04395
32.54395
82.54395
57.54395
7.54395
10.66895
60.66895
85.66895
35.66895
48.16895
98.16895
73.16895
23.16895
16.91895
66.91895
91.91895
41.91895
29.41895
79.41895
54.41895
4.41895
5.98145
55.98145
80.98145
30.98145
43.48145
93.48145
68.48145
18.48145
24.73145
74.73145
99.73145
49.73145
37.23145
87.23145
62.23145
12.23145
9.10645
59.10645
84.10645
34.10645
46.60645
96.60645
71.60645
21.60645
15.35645
65.35645
90.35645
40.35645
27.85645
77.85645
52.85645
2.85645
2.07520
52.07520
77.07520
27.07520
39.57520
89.57520
64.57520
14.57520
20.82520
70.82520
95.82520
45.82520
33.32520
83.32520
58.32520
8.32520
11.45020
61.45020
86.45020
36.45020
48.95020
98.95020
73.95020
23.95020
17.70020
67.70020
92.70020
42.70020
30.20020
80.20020
55.20020
5.20020
3.63770
53.63770
78.63770
28.63770
41.13770
91.13770
66.13770
16.13770
22.38770
72.38770
97.38770
47.38770
34.88770
84.88770
59.88770
9.88770
6.76270
56.76270
81.76270
31.76270
44.26270
94.26270
69.26270
19.26270
13.01270
63.01270
88.01270
38.01270
25.51270
75.51270
50.51270
0.51270
0.70801
50.70801
75.70801
25.70801
38.20801
88.20801
63.20801
13.20801
19.45801
69.45801
94.45801
44.45801
31.95801
81.95801
56.95801
6.95801
10.08301
60.08301
85.08301
35.08301
47.58301
97.58301
72.58301
22.58301
16.33301
66.33301
91.33301
41.33301
28.83301
78.83301
53.83301
3.83301
5.39551
55.39551
80.39551
30.39551
42.89551
92.89551
67.89551
17.89551
24.14551
74.14551
99.14551
49.14551
36.64551
86.64551
61.64551
11.64551
8.52051
58.52051
83.52051
33.52051
46.02051
96.02051
71.02051
21.02051
14.77051
64.77051
89.77051
39.77051
27.27051
77.27051
52.27051
2.27051
3.05176
53.05176
78.05176
28.05176
40.55176
90.55176
65.55176
15.55176
21.80176
71.80176
96.80176
46.80176
34.30176
84.30176
59.30176
9.30176
12.42676
62.42676
87.42676
37.42676
49.92676
99.92676
74.92676
24.92676
18.67676
68.67676
93.67676
43.67676
31.17676
81.17676
56.17676
6.17676
4.61426
54.61426
79.61426
29.61426
42.11426
92.11426
67.11426
17.11426
23.36426
73.36426
98.36426
48.36426
35.86426
85.86426
60.86426
10.86426
7.73926
57.73926
82.73926
32.73926
45.23926
95.23926
70.23926
20.23926
13.98926
63.98926
88.98926
38.98926
26.48926
76.48926
51.48926
1.48926
1.09863
51.09863
76.09863
26.09863
38.59863
88.59863
63.59863
13.59863
19.84863
69.84863
94.84863
44.84863
32.34863
82.34863
57.34863
7.34863
10.47363
60.47363
85.47363
35.47363
47.97363
97.97363
72.97363
22.97363
16.72363
66.72363
91.72363
41.72363
29.22363
79.22363
54.22363
4.22363
5.78613
55.78613
80.78613
30.78613
43.28613
93.28613
68.28613
18.28613
24.53613
74.53613
99.53613
49.53613
37.03613
87.03613
62.03613
12.03613
8.91113
58.91113
83.91113
33.91113
46.41113
96.41113
71.41113
21.41113
15.16113
65.16113
90.16113
40.16113
27.66113
77.66113
52.66113
2.66113
1.87988
51.87988
76.87988
26.87988
39.37988
89.37988
64.37988
14.37988
20.62988
70.62988
95.62988
45.62988
33.12988
83.12988
58.12988
8.12988
11.25488
61.25488
86.25488
36.25488
48.75488
98.75488
73.75488
23.75488
17.50488
67.50488
92.50488
42.50488
30.00488
80.00488
55.00488
5.00488
3.44238
53.44238
78.44238
28.44238
40.94238
90.94238
65.94238
15.94238
22.19238
72.19238
97.19238
47.19238
34.69238
84.69238
59.69238
9.69238
6.56738
56.56738
81.56738
31.56738
44.06738
94.06738
69.06738
19.06738
12.81738
62.81738
87.81738
37.81738
25.31738
75.31738
50.31738
0.31738
0.21973
50.21973
75.21973
25.21973
37.71973
87.71973
62.71973
12.71973
18.96973
68.96973
93.96973
43.96973
31.46973
81.46973
56.46973
6.46973
9.59473
59.59473
84.59473
34.59473
47.09473
97.09473
72.09473
22.09473
15.84473
65.84473
90.84473
40.84473
28.34473
78.34473
53.34473
3.34473
4.90723
54.90723
79.90723
29.90723
42.40723
92.40723
67.40723
17.40723
23.65723
73.65723
98.65723
48.65723
36.15723
86.15723
61.15723
11.15723
8.03223
58.03223
83.03223
33.03223
45.53223
95.53223
70.53223
20.53223
14.28223
64.28223
89.28223
39.28223
26.78223
76.78223
51.78223
1.78223
2.56348
52.56348
77.56348
27.56348
40.06348
90.06348
65.06348
15.06348
21.31348
71.31348
96.31348
46.31348
33.81348
83.81348
58.81348
8.81348
11.93848
61.93848
86.93848
36.93848
49.43848
99.43848
74.43848
24.43848
18.18848
68.18848
93.18848
43.18848
30.68848
80.68848
55.68848
5.68848
4.12598
54.12598
79.12598
29.12598
41.62598
91.62598
66.62598
16.62598
22.87598
72.87598
97.87598
47.87598
35.37598
85.37598
60.37598
10.37598
7.25098
57.25098
82.25098
32.25098
44.75098
94.75098
69.75098
19.75098
13.50098
63.50098
88.50098
38.50098
26.00098
76.00098
51.00098
1.00098
1.39160
51.39160
76.39160
26.39160
38.89160
88.89160
63.89160
13.89160
20.14160
70.14160
95.14160
45.14160
32.64160
82.64160
57.64160
7.64160
10.76660
60.76660
85.76660
35.76660
48.26660
98.26660
73.26660
23.26660
17.01660
67.01660
92.01660
42.01660
29.51660
79.51660
54.51660
4.51660
6.07910
56.07910
81.07910
31.07910
43.57910
93.57910
68.57910
18.57910
24.82910
74.82910
99.82910
49.82910
37.32910
87.32910
62.32910
12.32910
9.20410
59.20410
84.20410
34.20410
46.70410
96.70410
71.70410
21.70410
15.45410
65.45410
90.45410
40.45410
27.95410
77.95410
52.95410
2.95410
2.17285
52.17285
77.17285
27.17285
39.67285
89.67285
64.67285
14.67285
20.92285
70.92285
95.92285
45.92285
33.42285
83.42285
58.42285
8.42285
11.54785
61.54785
86.54785
36.54785
49.04785
99.04785
74.04785
24.04785
17.79785
67.79785
92.79785
42.79785
30.29785
80.29785
55.29785
5.29785
3.73535
53.73535
78.73535
28.73535
41.23535
91.23535
66.23535
16.23535
22.48535
72.48535
97.48535
47.48535
34.98535
84.98535
59.98535
9.98535
6.86035
56.86035
81.86035
31.86035
44.36035
94.36035
69.36035
19.36035
13.11035
63.11035
88.11035
38.11035
25.61035
75.61035
50.61035
0.61035
0.41504
50.41504
75.41504
25.41504
37.91504
87.91504
62.91504
12.91504
19.16504
69.16504
94.16504
44.16504
31.66504
81.66504
56.66504
6.66504
9.79004
59.79004
84.79004
34.79004
47.29004
97.29004
72.29004
22.29004
16.04004
66.04004
91.04004
41.04004
28.54004
78.54004
53.54004
3.54004
5.10254
55.10254
80.10254
30.10254
42.60254
92.60254
67.60254
17.60254
23.85254
73.85254
98.85254
48.85254
36.35254
86.35254
61.35254
11.35254
8.22754
58.22754
83.22754
33.22754
45.72754
95.72754
70.72754
20.72754
14.47754
64.47754
89.47754
39.47754
26.97754
76.97754
51.97754
1.97754
2.75879
52.75879
77.75879
27.75879
40.25879
90.25879
65.25879
15.25879
21.50879
71.50879
96.50879
46.50879
34.00879
84.00879
59.00879
9.00879
12.13379
62.13379
87.13379
37.13379
49.63379
99.63379
74.63379
24.63379
18.38379
68.38379
93.38379
43.38379
30.88379
80.88379
55.88379
5.88379
4.32129
54.32129
79.32129
29.32129
41.82129
91.82129
66.82129
16.82129
23.07129
73.07129
98.07129
48.07129
35.57129
85.57129
60.57129
10.57129
7.44629
57.44629
82.44629
32.44629
44.94629
94.94629
69.94629
19.94629
13.69629
63.69629
88.69629
38.69629
26.19629
76.19629
51.19629
1.19629
0.80566
50.80566
75.80566
25.80566
38.30566
88.30566
63.30566
13.30566
19.55566
69.55566
94.55566
44.55566
32.05566
82.05566
57.05566
7.05566
10.18066
60.18066
85.18066
35.18066
47.68066
97.68066
72.68066
22.68066
16.43066
66.43066
91.43066
41.43066
28.93066
78.93066
53.93066
3.93066
5.49316
55.49316
80.49316
30.49316
42.99316
92.99316
67.99316
17.99316
24.24316
74.24316
99.24316
49.24316
36.74316
86.74316
61.74316
11.74316
8.61816
58.61816
83.61816
33.61816
46.11816
96.11816
71.11816
21.11816
14.86816
64.86816
89.86816
39.86816
27.36816
77.36816
52.36816
2.36816
1.58691
51.58691
76.58691
26.58691
39.08691
89.08691
64.08691
14.08691
20.33691
70.33691
95.33691
45.33691
32.83691
82.83691
57.83691
7.83691
10.96191
60.96191
85.96191
35.96191
48.46191
98.46191
73.46191
23.46191
17.21191
67.21191
92.21191
42.21191
29.71191
79.71191
54.71191
4.71191
3.14941
53.14941
78.14941
28.14941
40.64941
90.64941
65.64941
15.64941
21.89941
71.89941
96.89941
46.89941
34.39941
84.39941
59.39941
9.39941
6.27441
56.27441
81.27441
31.27441
43.77441
93.77441
68.77441
18.77441
12.52441
62.52441
87.52441
37.52441
25.02441
75.02441
50.02441
0.02441
0.03662
50.03662
75.03662
25.03662
37.53662
87.53662
62.53662
12.53662
18.78662
68.78662
93.78662
43.78662
31.28662
81.28662
56.28662
6.28662
9.41162
59.41162
84.41162
34.41162
46.91162
96.91162
71.91162
21.91162
15.66162
65.66162
90.66162
40.66162
28.16162
78.16162
53.16162
3.16162
4.72412
54.72412
79.72412
29.72412
42.22412
92.22412
67.22412
17.22412
23.47412
73.47412
98.47412
48.47412
35.97412
85.97412
60.97412
10.97412
7.84912
57.84912
82.84912
32.84912
45.34912
95.34912
70.34912
20.34912
14.09912
64.09912
89.09912
39.09912
26.59912
76.59912
51.59912
1.59912
2.38037
52.38037
77.38037
27.38037
39.88037
89.88037
64.88037
14.88037
21.13037
71.13037
96.13037
46.13037
33.63037
83.63037
58.63037
8.63037
11.75537
61.75537
86.75537
36.75537
49.25537
99.25537
74.25537
24.25537
18.00537
68.00537
93.00537
43.00537
30.50537
80.50537
55.50537
5.50537
3.94287
53.94287
78.94287
28.94287
41.44287
91.44287
66.44287
16.44287
22.69287
72.69287
97.69287
47.69287
35.19287
85.19287
60.19287
10.19287
7.06787
57.06787
82.06787
32.06787
44.56787
94.56787
69.56787
19.56787
13.31787
63.31787
88.31787
38.31787
25.81787
75.81787
50.81787
0.81787
1.20850
51.20850
76.20850
26.20850
38.70850
88.70850
63.70850
13.70850
19.95850
69.95850
94.95850
44.95850
32.45850
82.45850
57.45850
7.45850
10.58350
60.58350
85.58350
35.58350
48.08350
98.08350
73.08350
23.08350
16.83350
66.83350
91.83350
41.83350
29.33350
79.33350
54.33350
4.33350
5.89600
55.89600
80.89600
30.89600
43.39600
93.39600
68.39600
18.39600
24.64600
74.64600
99.64600
49.64600
37.14600
87.14600
62.14600
12.14600
9.02100
59.02100
84.02100
34.02100
46.52100
96.52100
71.52100
21.52100
15.27100
65.27100
90.27100
40.27100
27.77100
77.77100
52.77100
2.77100
1.98975
51.98975
76.98975
26.98975
39.48975
89.48975
64.48975
14.48975
20.73975
70.73975
95.73975
45.73975
33.23975
83.23975
58.23975
8.23975
11.36475
61.36475
86.36475
36.36475
48.86475
98.86475
73.86475
23.86475
17.61475
67.61475
92.61475
42.61475
30.11475
80.11475
55.11475
5.11475
3.55225
53.55225
78.55225
28.55225
41.05225
91.05225
66.05225
16.05225
22.30225
72.30225
97.30225
47.30225
34.80225
84.80225
59.80225
9.80225
6.67725
56.67725
81.67725
31.67725
44.17725
94.17725
69.17725
19.17725
12.92725
62.92725
87.92725
37.92725
25.42725
75.42725
50.42725
0.42725
0.62256
50.62256
75.62256
25.62256
38.12256
88.12256
63.12256
13.12256
19.37256
69.37256
94.37256
44.37256
31.87256
81.87256
56.87256
6.87256
9.99756
59.99756
84.99756
34.99756
47.49756
97.49756
72.49756
22.49756
16.24756
66.24756
91.24756
41.24756
28.74756
78.74756
53.74756
3.74756
5.31006
55.31006
80.31006
30.31006
42.81006
92.81006
67.81006
17.81006
24.06006
74.06006
99.06006
49.06006
36.56006
86.56006
61.56006
11.56006
8.43506
58.43506
83.43506
33.43506
45.93506
95.93506
70.93506
20.93506
14.68506
64.68506
89.68506
39.68506
27.18506
77.18506
52.18506
2.18506
2.96631
52.96631
77.96631
27.96631
40.46631
90.46631
65.46631
15.46631
21.71631
71.71631
96.71631
46.71631
34.21631
84.21631
59.21631
9.21631
12.34131
62.34131
87.34131
37.34131
49.84131
99.84131
74.84131
24.84131
18.59131
68.59131
93.59131
43.59131
31.09131
81.09131
56.09131
6.09131
4.52881
54.52881
79.52881
29.52881
42.02881
92.02881
67.02881
17.02881
23.27881
73.27881
98.27881
48.27881
35.77881
85.77881
60.77881
10.77881
7.65381
57.65381
82.65381
32.65381
45.15381
95.15381
70.15381
20.15381
13.90381
63.90381
88.90381
38.90381
26.40381
76.40381
51.40381
1.40381
1.01318
51.01318
76.01318
26.01318
38.51318
88.51318
63.51318
13.51318
19.76318
69.76318
94.76318
44.76318
32.26318
82.26318
57.26318
7.26318
10.38818
60.38818
85.38818
35.38818
47.88818
97.88818
72.88818
22.88818
16.63818
66.63818
91.63818
41.63818
29.13818
79.13818
54.13818
4.13818
5.70068
55.70068
80.70068
30.70068
43.20068
93.20068
68.20068
18.20068
24.45068
74.45068
99.45068
49.45068
36.95068
86.95068
61.95068
11.95068
8.82568
58.82568
83.82568
33.82568
46.32568
96.32568
71.32568
21.32568
15.07568
65.07568
90.07568
40.07568
27.57568
77.57568
52.57568
2.57568
1.79443
51.79443
76.79443
26.79443
39.29443
89.29443
64.29443
14.29443
20.54443
70.54443
95.54443
45.54443
33.04443
83.04443
58.04443
8.04443
11.16943
61.16943
86.16943
36.16943
48.66943
98.66943
73.66943
23.66943
17.41943
67.41943
92.41943
42.41943
29.91943
79.91943
54.91943
4.91943
3.35693
53.35693
78.35693
28.35693
40.85693
90.85693
65.85693
15.85693
22.10693
72.10693
97.10693
47.10693
34.60693
84.60693
59.60693
9.60693
6.48193
56.48193
81.48193
31.48193
43.98193
93.98193
68.98193
18.98193
12.73193
62.73193
87.73193
37.73193
25.23193
75.23193
50.23193
0.23193
0.32959
50.32959
75.32959
25.32959
37.82959
87.82959
62.82959
12.82959
19.07959
69.07959
94.07959
44.07959
31.57959
81.57959
56.57959
6.57959
9.70459
59.70459
84.70459
34.70459
47.20459
97.20459
72.20459
22.20459
15.95459
65.95459
90.95459
40.95459
28.45459
78.45459
53.45459
3.45459
5.01709
55.01709
80.01709
30.01709
42.51709
92.51709
67.51709
17.51709
23.76709
73.76709
98.76709
48.76709
36.26709
86.26709
61.26709
11.26709
8.14209
58.14209
83.14209
33.14209
45.64209
95.64209
70.64209
20.64209
14.39209
64.39209
89.39209
39.39209
26.89209
76.89209
51.89209
1.89209
2.67334
52.67334
77.67334
27.67334
40.17334
90.17334
65.17334
15.17334
21.42334
71.42334
96.42334
46.42334
33.92334
83.92334
58.92334
8.92334
12.04834
62.04834
87.04834
37.04834
49.54834
99.54834
74.54834
24.54834
18.29834
68.29834
93.29834
43.29834
30.79834
80.79834
55.79834
5.79834
4.23584
54.23584
79.23584
29.23584
41.73584
91.73584
66.73584
16.73584
22.98584
72.98584
97.98584
47.98584
35.48584
85.48584
60.48584
10.48584
7.36084
57.36084
82.36084
32.36084
44.86084
94.86084
69.86084
19.86084
13.61084
63.61084
88.61084
38.61084
26.11084
76.11084
51.11084
1.11084
1.50146
51.50146
76.50146
26.50146
39.00146
89.00146
64.00146
14.00146
20.25146
70.25146
95.25146
45.25146
32.75146
82.75146
57.75146
7.75146
10.87646
60.87646
85.87646
35.87646
48.37646
98.37646
73.37646
23.37646
17.12646
67.12646
92.12646
42.12646
29.62646
79.62646
54.62646
4.62646
6.18896
56.18896
81.18896
31.18896
43.68896
93.68896
68.68896
18.68896
24.93896
74.93896
99.93896
49.93896
37.43896
87.43896
62.43896
12.43896
9.31396
59.31396
84.31396
34.31396
46.81396
96.81396
71.81396
21.81396
15.56396
65.56396
90.56396
40.56396
28.06396
78.06396
53.06396
3.06396
2.28271
52.28271
77.28271
27.28271
39.78271
89.78271
64.78271
14.78271
21.03271
71.03271
96.03271
46.03271
33.53271
83.53271
58.53271
8.53271
11.65771
61.65771
86.65771
36.65771
49.15771
99.15771
74.15771
24.15771
17.90771
67.90771
92.90771
42.90771
30.40771
80.40771
55.40771
5.40771
3.84521
53.84521
78.84521
28.84521
41.34521
91.34521
66.34521
16.34521
22.59521
72.59521
97.59521
47.59521
35.09521
85.09521
60.09521
10.09521
6.97021
56.97021
81.97021
31.97021
44.47021
94.47021
69.47021
19.47021
13.22021
63.22021
88.22021
38.22021
25.72021
75.72021
50.72021
0.72021
0.52490
50.52490
75.52490
25.52490
38.02490
88.02490
63.02490
13.02490
19.27490
69.27490
94.27490
44.27490
31.77490
81.77490
56.77490
6.77490
9.89990
59.89990
84.89990
34.89990
47.39990
97.39990
72.39990
22.39990
16.14990
66.14990
91.14990
41.14990
28.64990
78.64990
53.64990
3.64990
5.21240
55.21240
80.21240
30.21240
42.71240
92.71240
67.71240
17.71240
23.96240
73.96240
98.96240
48.96240
36.46240
86.46240
61.46240
11.46240
8.33740
58.33740
83.33740
33.33740
45.83740
95.83740
70.83740
20.83740
14.58740
64.58740
89.58740
39.58740
27.08740
77.08740
52.08740
2.08740
2.86865
52.86865
77.86865
27.86865
40.36865
90.36865
65.36865
15.36865
21.61865
71.61865
96.61865
46.61865
34.11865
84.11865
59.11865
9.11865
12.24365
62.24365
87.24365
37.24365
49.74365
99.74365
74.74365
24.74365
18.49365
68.49365
93.49365
43.49365
30.99365
80.99365
55.99365
5.99365
4.43115
54.43115
79.43115
29.43115
41.93115
91.93115
66.93115
16.93115
23.18115
73.18115
98.18115
48.18115
35.68115
85.68115
60.68115
10.68115
7.55615
57.55615
82.55615
32.55615
45.05615
95.05615
70.05615
20.05615
13.80615
63.80615
88.80615
38.80615
26.30615
76.30615
51.30615
1.30615
0.91553
50.91553
75.91553
25.91553
38.41553
88.41553
63.41553
13.41553
19.66553
69.66553
94.66553
44.66553
32.16553
82.16553
57.16553
7.16553
10.29053
60.29053
85.29053
35.29053
47.79053
97.79053
72.79053
22.79053
16.54053
66.54053
91.54053
41.54053
29.04053
79.04053
54.04053
4.04053
5.60303
55.60303
80.60303
30.60303
43.10303
93.10303
68.10303
18.10303
24.35303
74.35303
99.35303
49.35303
36.85303
86.85303
61.85303
11.85303
8.72803
58.72803
83.72803
33.72803
46.22803
96.22803
71.22803
21.22803
14.97803
64.97803
89.97803
39.97803
27.47803
77.47803
52.47803
2.47803
1.69678
51.69678
76.69678
26.69678
39.19678
89.19678
64.19678
14.19678
20.44678
70.44678
95.44678
45.44678
32.94678
82.94678
57.94678
7.94678
11.07178
61.07178
86.07178
36.07178
48.57178
98.57178
73.57178
23.57178
17.32178
67.32178
92.32178
42.32178
29.82178
79.82178
54.82178
4.82178
3.25928
53.25928
78.25928
28.25928
40.75928
90.75928
65.75928
15.75928
22.00928
72.00928
97.00928
47.00928
34.50928
84.50928
59.50928
9.50928
6.38428
56.38428
81.38428
31.38428
43.88428
93.88428
68.88428
18.88428
12.63428
62.63428
87.63428
37.63428
25.13428
75.13428
50.13428
0.13428
0.18311
50.18311
75.18311
25.18311
37.68311
87.68311
62.68311
12.68311
18.93311
68.93311
93.93311
43.93311
31.43311
81.43311
56.43311
6.43311
9.55811
59.55811
84.55811
34.55811
47.05811
97.05811
72.05811
22.05811
15.80811
65.80811
90.80811
40.80811
28.30811
78.30811
53.30811
3.30811
4.87061
54.87061
79.87061
29.87061
42.37061
92.37061
67.37061
17.37061
23.62061
73.62061
98.62061
48.62061
36.12061
86.12061
61.12061
11.12061
7.99561
57.99561
82.99561
32.99561
45.49561
95.49561
70.49561
20.49561
14.24561
64.24561
89.24561
39.24561
26.74561
76.74561
51.74561
1.74561
2.52686
52.52686
77.52686
27.52686
40.02686
90.02686
65.02686
15.02686
21.27686
71.27686
96.27686
46.27686
33.77686
83.77686
58.77686
8.77686
11.90186
61.90186
86.90186
36.90186
49.40186
99.40186
74.40186
24.40186
18.15186
68.15186
93.15186
43.15186
30.65186
80.65186
55.65186
5.65186
4.08936
54.08936
79.08936
29.08936
41.58936
91.58936
66.58936
16.58936
22.83936
72.83936
97.83936
47.83936
35.33936
85.33936
60.33936
10.33936
7.21436
57.21436
82.21436
32.21436
44.71436
94.71436
69.71436
19.71436
13.46436
63.46436
88.46436
38.46436
25.96436
75.96436
50.96436
0.96436
1.35498
51.35498
76.35498
26.35498
38.85498
88.85498
63.85498
13.85498
20.10498
70.10498
95.10498
45.10498
32.60498
82.60498
57.60498
7.60498
10.72998
60.72998
85.72998
35.72998
48.22998
98.22998
73.22998
23.22998
16.97998
66.97998
91.97998
41.97998
29.47998
79.47998
54.47998
4.47998
6.04248
56.04248
81.04248
31.04248
43.54248
93.54248
68.54248
18.54248
24.79248
74.79248
99.79248
49.79248
37.29248
87.29248
62.29248
12.29248
9.16748
59.16748
84.16748
34.16748
46.66748
96.66748
71.66748
21.66748
15.41748
65.41748
90.41748
40.41748
27.91748
77.91748
52.91748
2.91748
2.13623
52.13623
77.13623
27.13623
39.63623
89.63623
64.63623
14.63623
20.88623
70.88623
95.88623
45.88623
33.38623
83.38623
58.38623
8.38623
11.51123
61.51123
86.51123
36.51123
49.01123
99.01123
74.01123
24.01123
17.76123
67.76123
92.76123
42.76123
30.26123
80.26123
55.26123
5.26123
3.69873
53.69873
78.69873
28.69873
41.19873
91.19873
66.19873
16.19873
22.44873
72.44873
97.44873
47.44873
34.94873
84.94873
59.94873
9.94873
6.82373
56.82373
81.82373
31.82373
44.32373
94.32373
69.32373
19.32373
13.07373
63.07373
88.07373
38.07373
25.57373
75.57373
50.57373
0.57373
0.76904
50.76904
75.76904
25.76904
38.26904
88.26904
63.26904
13.26904
19.51904
69.51904
94.51904
44.51904
32.01904
82.01904
57.01904
7.01904
10.14404
60.14404
85.14404
35.14404
47.64404
97.64404
72.64404
22.64404
16.39404
66.39404
91.39404
41.39404
28.89404
78.89404
53.89404
3.89404
5.45654
55.45654
80.45654
30.45654
42.95654
92.95654
67.95654
17.95654
24.20654
74.20654
99.20654
49.20654
36.70654
86.70654
61.70654
11.70654
8.58154
58.58154
83.58154
33.58154
46.08154
96.08154
71.08154
21.08154
14.83154
64.83154
89.83154
39.83154
27.33154
77.33154
52.33154
2.33154
3.11279
53.11279
78.11279
28.11279
40.61279
90.61279
65.61279
15.61279
21.86279
71.86279
96.86279
46.86279
34.36279
84.36279
59.36279
9.36279
12.48779
62.48779
87.48779
37.48779
49.98779
99.98779
74.98779
24.98779
18.73779
68.73779
93.73779
43.73779
31.23779
81.23779
56.23779
6.23779
4.67529
54.67529
79.67529
29.67529
42.17529
92.17529
67.17529
17.17529
23.42529
73.42529
98.42529
48.42529
35.92529
85.92529
60.92529
10.92529
7.80029
57.80029
82.80029
32.80029
45.30029
95.30029
70.30029
20.30029
14.05029
64.05029
89.05029
39.05029
26.55029
76.55029
51.55029
1.55029
1.15967
51.15967
76.15967
26.15967
38.65967
88.65967
63.65967
13.65967
19.90967
69.90967
94.90967
44.90967
32.40967
82.40967
57.40967
7.40967
10.53467
60.53467
85.53467
35.53467
48.03467
98.03467
73.03467
23.03467
16.78467
66.78467
91.78467
41.78467
29.28467
79.28467
54.28467
4.28467
5.84717
55.84717
80.84717
30.84717
43.34717
93.34717
68.34717
18.34717
24.59717
74.59717
99.59717
49.59717
37.09717
87.09717
62.09717
12.09717
8.97217
58.97217
83.97217
33.97217
46.47217
96.47217
71.47217
21.47217
15.22217
65.22217
90.22217
40.22217
27.72217
77.72217
52.72217
2.72217
1.94092
51.94092
76.94092
26.94092
39.44092
89.44092
64.44092
14.44092
20.69092
70.69092
95.69092
45.69092
33.19092
83.19092
58.19092
8.19092
11.31592
61.31592
86.31592
36.31592
48.81592
98.81592
73.81592
23.81592
17.56592
67.56592
92.56592
42.56592
30.06592
80.06592
55.06592
5.06592
3.50342
53.50342
78.50342
28.50342
41.00342
91.00342
66.00342
16.00342
22.25342
72.25342
97.25342
47.25342
34.75342
84.75342
59.75342
9.75342
6.62842
56.62842
81.62842
31.62842
44.12842
94.12842
69.12842
19.12842
12.87842
62.87842
87.87842
37.87842
25.37842
75.37842
50.37842
0.37842
0.28076
50.28076
75.28076
25.28076
37.78076
87.78076
62.78076
12.78076
19.03076
69.03076
94.03076
44.03076
31.53076
81.53076
56.53076
6.53076
9.65576
59.65576
84.65576
34.65576
47.15576
97.15576
72.15576
22.15576
15.90576
65.90576
90.90576
40.90576
28.40576
78.40576
53.40576
3.40576
4.96826
54.96826
79.96826
29.96826
42.46826
92.46826
67.46826
17.46826
23.71826
73.71826
98.71826
48.71826
36.21826
86.21826
61.21826
11.21826
8.09326
58.09326
83.09326
33.09326
45.59326
95.59326
70.59326
20.59326
14.34326
64.34326
89.34326
39.34326
26.84326
76.84326
51.84326
1.84326
2.62451
52.62451
77.62451
27.62451
40.12451
90.12451
65.12451
15.12451
21.37451
71.37451
96.37451
46.37451
33.87451
83.87451
58.87451
8.87451
11.99951
61.99951
86.99951
36.99951
49.49951
99.49951
74.49951
24.49951
18.24951
68.24951
93.24951
43.24951
30.74951
80.74951
55.74951
5.74951
4.18701
54.18701
79.18701
29.18701
41.68701
91.68701
66.68701
16.68701
22.93701
72.93701
97.93701
47.93701
35.43701
85.43701
60.43701
10.43701
7.31201
57.31201
82.31201
32.31201
44.81201
94.81201
69.81201
19.81201
13.56201
63.56201
88.56201
38.56201
26.06201
76.06201
51.06201
1.06201
1.45264
51.45264
76.45264
26.45264
38.95264
88.95264
63.95264
13.95264
20.20264
70.20264
95.20264
45.20264
32.70264
82.70264
57.70264
7.70264
10.82764
60.82764
85.82764
35.82764
48.32764
98.32764
73.32764
23.32764
17.07764
67.07764
92.07764
42.07764
29.57764
79.57764
54.57764
4.57764
6.14014
56.14014
81.14014
31.14014
43.64014
93.64014
68.64014
18.64014
24.89014
74.89014
99.89014
49.89014
37.39014
87.39014
62.39014
12.39014
9.26514
59.26514
84.26514
34.26514
46.76514
96.76514
71.76514
21.76514
15.51514
65.51514
90.51514
40.51514
28.01514
78.01514
53.01514
3.01514
2.23389
52.23389
77.23389
27.23389
39.73389
89.73389
64.73389
14.73389
20.98389
70.98389
95.98389
45.98389
33.48389
83.48389
58.48389
8.48389
11.60889
61.60889
86.60889
36.60889
49.10889
99.10889
74.10889
24.10889
17.85889
67.85889
92.85889
42.85889
30.35889
80.35889
55.35889
5.35889
3.79639
53.79639
78.79639
28.79639
41.29639
91.29639
66.29639
16.29639
22.54639
72.54639
97.54639
47.54639
35.04639
85.04639
60.04639
10.04639
6.92139
56.92139
81.92139
31.92139
44.42139
94.42139
69.42139
19.42139
13.17139
63.17139
88.17139
38.17139
25.67139
75.67139
50.67139
0.67139
0.47607
50.47607
75.47607
25.47607
37.97607
87.97607
62.97607
12.97607
19.22607
69.22607
94.22607
44.22607
31.72607
81.72607
56.72607
6.72607
9.85107
59.85107
84.85107
34.85107
47.35107
97.35107
72.35107
22.35107
16.10107
66.10107
91.10107
41.10107
28.60107
78.60107
53.60107
3.60107
5.16357
55.16357
80.16357
30.16357
42.66357
92.66357
67.66357
17.66357
23.91357
73.91357
98.91357
48.91357
36.41357
86.41357
61.41357
11.41357
8.28857
58.28857
83.28857
33.28857
45.78857
95.78857
70.78857
20.78857
14.53857
64.53857
89.53857
39.53857
27.03857
77.03857
52.03857
2.03857
2.81982
52.81982
77.81982
27.81982
40.31982
90.31982
65.31982
15.31982
21.56982
71.56982
96.56982
46.56982
34.06982
84.06982
59.06982
9.06982
12.19482
62.19482
87.19482
37.19482
49.69482
99.69482
74.69482
24.69482
18.44482
68.44482
93.44482
43.44482
30.94482
80.94482
55.94482
5.94482
4.38232
54.38232
79.38232
29.38232
41.88232
91.88232
66.88232
16.88232
23.13232
73.13232
98.13232
48.13232
35.63232
85.63232
60.63232
10.63232
7.50732
57.50732
82.50732
32.50732
45.00732
95.00732
70.00732
20.00732
13.75732
63.75732
88.75732
38.75732
26.25732
76.25732
51.25732
1.25732
0.86670
50.86670
75.86670
25.86670
38.36670
88.36670
63.36670
13.36670
19.61670
69.61670
94.61670
44.61670
32.11670
82.11670
57.11670
7.11670
10.24170
60.24170
85.24170
35.24170
47.74170
97.74170
72.74170
22.74170
16.49170
66.49170
91.49170
41.49170
28.99170
78.99170
53.99170
3.99170
5.55420
55.55420
80.55420
30.55420
43.05420
93.05420
68.05420
18.05420
24.30420
74.30420
99.30420
49.30420
36.80420
86.80420
61.80420
11.80420
8.67920
58.67920
83.67920
33.67920
46.17920
96.17920
71.17920
21.17920
14.92920
64.92920
89.92920
39.92920
27.42920
77.42920
52.42920
2.42920
1.64795
51.64795
76.64795
26.64795
39.14795
89.14795
64.14795
14.14795
20.39795
70.39795
95.39795
45.39795
32.89795
82.89795
57.89795
7.89795
11.02295
61.02295
86.02295
36.02295
48.52295
98.52295
73.52295
23.52295
17.27295
67.27295
92.27295
42.27295
29.77295
79.77295
54.77295
4.77295
3.21045
53.21045
78.21045
28.21045
40.71045
90.71045
65.71045
15.71045
21.96045
71.96045
96.96045
46.96045
34.46045
84.46045
59.46045
9.46045
6.33545
56.33545
81.33545
31.33545
43.83545
93.83545
68.83545
18.83545
12.58545
62.58545
87.58545
37.58545
25.08545
75.08545
50.08545
0.08545
0.06104
50.06104
75.06104
25.06104
37.56104
87.56104
62.56104
12.56104
18.81104
68.81104
93.81104
43.81104
31.31104
81.31104
56.31104
6.31104
9.43604
59.43604
84.43604
34.43604
46.93604
96.93604
71.93604
21.93604
15.68604
65.68604
90.68604
40.68604
28.18604
78.18604
53.18604
3.18604
4.74854
54.74854
79.74854
29.74854
42.24854
92.24854
67.24854
17.24854
23.49854
73.49854
98.49854
48.49854
35.99854
85.99854
60.99854
10.99854
7.87354
57.87354
82.87354
32.87354
45.37354
95.37354
70.37354
20.37354
14.12354
64.12354
89.12354
39.12354
26.62354
76.62354
51.62354
1.62354
2.40479
52.40479
77.40479
27.40479
39.90479
89.90479
64.90479
14.90479
21.15479
71.15479
96.15479
46.15479
33.65479
83.65479
58.65479
8.65479
11.77979
61.77979
86.77979
36.77979
49.27979
99.27979
74.27979
24.27979
18.02979
68.02979
93.02979
43.02979
30.52979
80.52979
55.52979
5.52979
3.96729
53.96729
78.96729
28.96729
41.46729
91.46729
66.46729
16.46729
22.71729
72.71729
97.71729
47.71729
35.21729
85.21729
60.21729
10.21729
7.09229
57.09229
82.09229
32.09229
44.59229
94.59229
69.59229
19.59229
13.34229
63.34229
88.34229
38.34229
25.84229
75.84229
50.84229
0.84229
1.23291
51.23291
76.23291
26.23291
38.73291
88.73291
63.73291
13.73291
19.98291
69.98291
94.98291
44.98291
32.48291
82.48291
57.48291
7.48291
10.60791
60.60791
85.60791
35.60791
48.10791
98.10791
73.10791
23.10791
16.85791
66.85791
91.85791
41.85791
29.35791
79.35791
54.35791
4.35791
5.92041
55.92041
80.92041
30.92041
43.42041
93.42041
68.42041
18.42041
24.67041
74.67041
99.67041
49.67041
37.17041
87.17041
62.17041
12.17041
9.04541
59.04541
84.04541
34.04541
46.54541
96.54541
71.54541
21.54541
15.29541
65.29541
90.29541
40.29541
27.79541
77.79541
52.79541
2.79541
2.01416
52.01416
77.01416
27.01416
39.51416
89.51416
64.51416
14.51416
20.76416
70.76416
95.76416
45.76416
33.26416
83.26416
58.26416
8.26416
11.38916
61.38916
86.38916
36.38916
48.88916
98.88916
73.88916
23.88916
17.63916
67.63916
92.63916
42.63916
30.13916
80.13916
55.13916
5.13916
3.57666
53.57666
78.57666
28.57666
41.07666
91.07666
66.07666
16.07666
22.32666
72.32666
97.32666
47.32666
34.82666
84.82666
59.82666
9.82666
6.70166
56.70166
81.70166
31.70166
44.20166
94.20166
69.20166
19.20166
12.95166
62.95166
87.95166
37.95166
25.45166
75.45166
50.45166
0.45166
0.64697
50.64697
75.64697
25.64697
38.14697
88.14697
63.14697
13.14697
19.39697
69.39697
94.39697
44.39697
31.89697
81.89697
56.89697
6.89697
10.02197
60.02197
85.02197
35.02197
47.52197
97.52197
72.52197
22.52197
16.27197
66.27197
91.27197
41.27197
28.77197
78.77197
53.77197
3.77197
5.33447
55.33447
80.33447
30.33447
42.83447
92.83447
67.83447
17.83447
24.08447
74.08447
99.08447
49.08447
36.58447
86.58447
61.58447
11.58447
8.45947
58.45947
83.45947
33.45947
45.95947
95.95947
70.95947
20.95947
14.70947
64.70947
89.70947
39.70947
27.20947
77.20947
52.20947
2.20947
2.99072
52.99072
77.99072
27.99072
40.49072
90.49072
65.49072
15.49072
21.74072
71.74072
96.74072
46.74072
34.24072
84.24072
59.24072
9.24072
12.36572
62.36572
87.36572
37.36572
49.86572
99.86572
74.86572
24.86572
18.61572
68.61572
93.61572
43.61572
31.11572
81.11572
56.11572
6.11572
4.55322
54.55322
79.55322
29.55322
42.05322
92.05322
67.05322
17.05322
23.30322
73.30322
98.30322
48.30322
35.80322
85.80322
60.80322
10.80322
7.67822
57.67822
82.67822
32.67822
45.17822
95.17822
70.17822
20.17822
13.92822
63.92822
88.92822
38.92822
26.42822
76.42822
51.42822
1.42822
1.03760
51.03760
76.03760
26.03760
38.53760
88.53760
63.53760
13.53760
19.78760
69.78760
94.78760
44.78760
32.28760
82.28760
57.28760
7.28760
10.41260
60.41260
85.41260
35.41260
47.91260
97.91260
72.91260
22.91260
16.66260
66.66260
91.66260
41.66260
29.16260
79.16260
54.16260
4.16260
5.72510
55.72510
80.72510
30.72510
43.22510
93.22510
68.22510
18.22510
24.47510
74.47510
99.47510
49.47510
36.97510
86.97510
61.97510
11.97510
8.85010
58.85010
83.85010
33.85010
46.35010
96.35010
71.35010
21.35010
15.10010
65.10010
90.10010
40.10010
27.60010
77.60010
52.60010
2.60010
1.81885
51.81885
76.81885
26.81885
39.31885
89.31885
64.31885
14.31885
20.56885
70.56885
95.56885
45.56885
33.06885
83.06885
58.06885
8.06885
11.19385
61.19385
86.19385
36.19385
48.69385
98.69385
73.69385
23.69385
17.44385
67.44385
92.44385
42.44385
29.94385
79.94385
54.94385
4.94385
3.38135
53.38135
78.38135
28.38135
40.88135
90.88135
65.88135
15.88135
22.13135
72.13135
97.13135
47.13135
34.63135
84.63135
59.63135
9.63135
6.50635
56.50635
81.50635
31.50635
44.00635
94.00635
69.00635
19.00635
12.75635
62.75635
87.75635
37.75635
25.25635
75.25635
50.25635
0.25635
0.35400
50.35400
75.35400
25.35400
37.85400
87.85400
62.85400
12.85400
19.10400
69.10400
94.10400
44.10400
31.60400
81.60400
56.60400
6.60400
9.72900
59.72900
84.72900
34.72900
47.22900
97.22900
72.22900
22.22900
15.97900
65.97900
90.97900
40.97900
28.47900
78.47900
53.47900
3.47900
5.04150
55.04150
80.04150
30.04150
42.54150
92.54150
67.54150
17.54150
23.79150
73.79150
98.79150
48.79150
36.29150
86.29150
61.29150
11.29150
8.16650
58.16650
83.16650
33.16650
45.66650
95.66650
70.66650
20.66650
14.41650
64.41650
89.41650
39.41650
26.91650
76.91650
51.91650
1.91650
2.69775
52.69775
77.69775
27.69775
40.19775
90.19775
65.19775
15.19775
21.44775
71.44775
96.44775
46.44775
33.94775
83.94775
58.94775
8.94775
12.07275
62.07275
87.07275
37.07275
49.57275
99.57275
74.57275
24.57275
18.32275
68.32275
93.32275
43.32275
30.82275
80.82275
55.82275
5.82275
4.26025
54.26025
79.26025
29.26025
41.76025
91.76025
66.76025
16.76025
23.01025
73.01025
98.01025
48.01025
35.51025
85.51025
60.51025
10.51025
7.38525
57.38525
82.38525
32.38525
44.88525
94.88525
69.88525
19.88525
13.63525
63.63525
88.63525
38.63525
26.13525
76.13525
51.13525
1.13525
1.52588
51.52588
76.52588
26.52588
39.02588
89.02588
64.02588
14.02588
20.27588
70.27588
95.27588
45.27588
32.77588
82.77588
57.77588
7.77588
10.90088
60.90088
85.90088
35.90088
48.40088
98.40088
73.40088
23.40088
17.15088
67.15088
92.15088
42.15088
29.65088
79.65088
54.65088
4.65088
6.21338
56.21338
81.21338
31.21338
43.71338
93.71338
68.71338
18.71338
24.96338
74.96338
99.96338
49.96338
37.46338
87.46338
62.46338
12.46338
9.33838
59.33838
84.33838
34.33838
46.83838
96.83838
71.83838
21.83838
15.58838
65.58838
90.58838
40.58838
28.08838
78.08838
53.08838
3.08838
2.30713
52.30713
77.30713
27.30713
39.80713
89.80713
64.80713
14.80713
21.05713
71.05713
96.05713
46.05713
33.55713
83.55713
58.55713
8.55713
11.68213
61.68213
86.68213
36.68213
49.18213
99.18213
74.18213
24.18213
17.93213
67.93213
92.93213
42.93213
30.43213
80.43213
55.43213
5.43213
3.86963
53.86963
78.86963
28.86963
41.36963
91.36963
66.36963
16.36963
22.61963
72.61963
97.61963
47.61963
35.11963
85.11963
60.11963
10.11963
6.99463
56.99463
81.99463
31.99463
44.49463
94.49463
69.49463
19.49463
13.24463
63.24463
88.24463
38.24463
25.74463
75.74463
50.74463
0.74463
0.54932
50.54932
75.54932
25.54932
38.04932
88.04932
63.04932
13.04932
19.29932
69.29932
94.29932
44.29932
31.79932
81.79932
56.79932
6.79932
9.92432
59.92432
84.92432
34.92432
47.42432
97.42432
72.42432
22.42432
16.17432
66.17432
91.17432
41.17432
28.67432
78.67432
53.67432
3.67432
5.23682
55.23682
80.23682
30.23682
42.73682
92.73682
67.73682
17.73682
23.98682
73.98682
98.98682
48.98682
36.48682
86.48682
61.48682
11.48682
8.36182
58.36182
83.36182
33.36182
45.86182
95.86182
70.86182
20.86182
14.61182
64.61182
89.61182
39.61182
27.11182
77.11182
52.11182
2.11182
2.89307
52.89307
77.89307
27.89307
40.39307
90.39307
65.39307
15.39307
21.64307
71.64307
96.64307
46.64307
34.14307
84.14307
59.14307
9.14307
12.26807
62.26807
87.26807
37.26807
49.76807
99.76807
74.76807
24.76807
18.51807
68.51807
93.51807
43.51807
31.01807
81.01807
56.01807
6.01807
4.45557
54.45557
79.45557
29.45557
41.95557
91.95557
66.95557
16.95557
23.20557
73.20557
98.20557
48.20557
35.70557
85.70557
60.70557
10.70557
7.58057
57.58057
82.58057
32.58057
45.08057
95.08057
70.08057
20.08057
13.83057
63.83057
88.83057
38.83057
26.33057
76.33057
51.33057
1.33057
0.93994
50.93994
75.93994
25.93994
38.43994
88.43994
63.43994
13.43994
19.68994
69.68994
94.68994
44.68994
32.18994
82.18994
57.18994
7.18994
10.31494
60.31494
85.31494
35.31494
47.81494
97.81494
72.81494
22.81494
16.56494
66.56494
91.56494
41.56494
29.06494
79.06494
54.06494
4.06494
5.62744
55.62744
80.62744
30.62744
43.12744
93.12744
68.12744
18.12744
24.37744
74.37744
99.37744
49.37744
36.87744
86.87744
61.87744
11.87744
8.75244
58.75244
83.75244
33.75244
46.25244
96.25244
71.25244
21.25244
15.00244
65.00244
90.00244
40.00244
27.50244
77.50244
52.50244
2.50244
1.72119
51.72119
76.72119
26.72119
39.22119
89.22119
64.22119
14.22119
20.47119
70.47119
95.47119
45.47119
32.97119
82.97119
57.97119
7.97119
11.09619
61.09619
86.09619
36.09619
48.59619
98.59619
73.59619
23.59619
17.34619
67.34619
92.34619
42.34619
29.84619
79.84619
54.84619
4.84619
3.28369
53.28369
78.28369
28.28369
40.78369
90.78369
65.78369
15.78369
22.03369
72.03369
97.03369
47.03369
34.53369
84.53369
59.53369
9.53369
6.40869
56.40869
81.40869
31.40869
43.90869
93.90869
68.90869
18.90869
12.65869
62.65869
87.65869
37.65869
25.15869
75.15869
50.15869
0.15869
0.10986
50.10986
75.10986
25.10986
37.60986
87.60986
62.60986
12.60986
18.85986
68.85986
93.85986
43.85986
31.35986
81.35986
56.35986
6.35986
9.48486
59.48486
84.48486
34.48486
46.98486
96.98486
71.98486
21.98486
15.73486
65.73486
90.73486
40.73486
28.23486
78.23486
53.23486
3.23486
4.79736
54.79736
79.79736
29.79736
42.29736
92.29736
67.29736
17.29736
23.54736
73.54736
98.54736
48.54736
36.04736
86.04736
61.04736
11.04736
7.92236
57.92236
82.92236
32.92236
45.42236
95.42236
70.42236
20.42236
14.17236
64.17236
89.17236
39.17236
26.67236
76.67236
51.67236
1.67236
2.45361
52.45361
77.45361
27.45361
39.95361
89.95361
64.95361
14.95361
21.20361
71.20361
96.20361
46.20361
33.70361
83.70361
58.70361
8.70361
11.82861
61.82861
86.82861
36.82861
49.32861
99.32861
74.32861
24.32861
18.07861
68.07861
93.07861
43.07861
30.57861
80.57861
55.57861
5.57861
4.01611
54.01611
79.01611
29.01611
41.51611
91.51611
66.51611
16.51611
22.76611
72.76611
97.76611
47.76611
35.26611
85.26611
60.26611
10.26611
7.14111
57.14111
82.14111
32.14111
44.64111
94.64111
69.64111
19.64111
13.39111
63.39111
88.39111
38.39111
25.89111
75.89111
50.89111
0.89111
1.28174
51.28174
76.28174
26.28174
38.78174
88.78174
63.78174
13.78174
20.03174
70.03174
95.03174
45.03174
32.53174
82.53174
57.53174
7.53174
10.65674
60.65674
85.65674
35.65674
48.15674
98.15674
73.15674
23.15674
16.90674
66.90674
91.90674
41.90674
29.40674
79.40674
54.40674
4.40674
5.96924
55.96924
80.96924
30.96924
43.46924
93.46924
68.46924
18.46924
24.71924
74.71924
99.71924
49.71924
37.21924
87.21924
62.21924
12.21924
9.09424
59.09424
84.09424
34.09424
46.59424
96.59424
71.59424
21.59424
15.34424
65.34424
90.34424
40.34424
27.84424
77.84424
52.84424
2.84424
2.06299
52.06299
77.06299
27.06299
39.56299
89.56299
64.56299
14.56299
20.81299
70.81299
95.81299
45.81299
33.31299
83.31299
58.31299
8.31299
11.43799
61.43799
86.43799
36.43799
48.93799
98.93799
73.93799
23.93799
17.68799
67.68799
92.68799
42.68799
30.18799
80.18799
55.18799
5.18799
3.62549
53.62549
78.62549
28.62549
41.12549
91.12549
66.12549
16.12549
22.37549
72.37549
97.37549
47.37549
34.87549
84.87549
59.87549
9.87549
6.75049
56.75049
81.75049
31.75049
44.25049
94.25049
69.25049
19.25049
13.00049
63.00049
88.00049
38.00049
25.50049
75.50049
50.50049
0.50049
0.69580
50.69580
75.69580
25.69580
38.19580
88.19580
63.19580
13.19580
19.44580
69.44580
94.44580
44.44580
31.94580
81.94580
56.94580
6.94580
10.07080
60.07080
85.07080
35.07080
47.57080
97.57080
72.57080
22.57080
16.32080
66.32080
91.32080
41.32080
28.82080
78.82080
53.82080
3.82080
5.38330
55.38330
80.38330
30.38330
42.88330
92.88330
67.88330
17.88330
24.13330
74.13330
99.13330
49.13330
36.63330
86.63330
61.63330
11.63330
8.50830
58.50830
83.50830
33.50830
46.00830
96.00830
71.00830
21.00830
14.75830
64.75830
89.75830
39.75830
27.25830
77.25830
52.25830
2.25830
3.03955
53.03955
78.03955
28.03955
40.53955
90.53955
65.53955
15.53955
21.78955
71.78955
96.78955
46.78955
34.28955
84.28955
59.28955
9.28955
12.41455
62.41455
87.41455
37.41455
49.91455
99.91455
74.91455
24.91455
18.66455
68.66455
93.66455
43.66455
31.16455
81.16455
56.16455
6.16455
4.60205
54.60205
79.60205
29.60205
42.10205
92.10205
67.10205
17.10205
23.35205
73.35205
98.35205
48.35205
35.85205
85.85205
60.85205
10.85205
7.72705
57.72705
82.72705
32.72705
45.22705
95.22705
70.22705
20.22705
13.97705
63.97705
88.97705
38.97705
26.47705
76.47705
51.47705
1.47705
1.08643
51.08643
76.08643
26.08643
38.58643
88.58643
63.58643
13.58643
19.83643
69.83643
94.83643
44.83643
32.33643
82.33643
57.33643
7.33643
10.46143
60.46143
85.46143
35.46143
47.96143
97.96143
72.96143
22.96143
16.71143
66.71143
91.71143
41.71143
29.21143
79.21143
54.21143
4.21143
5.77393
55.77393
80.77393
30.77393
43.27393
93.27393
68.27393
18.27393
24.52393
74.52393
99.52393
49.52393
37.02393
87.02393
62.02393
12.02393
8.89893
58.89893
83.89893
33.89893
46.39893
96.39893
71.39893
21.39893
15.14893
65.14893
90.14893
40.14893
27.64893
77.64893
52.64893
2.64893
1.86768
51.86768
76.86768
26.86768
39.36768
89.36768
64.36768
14.36768
20.61768
70.61768
95.61768
45.61768
33.11768
83.11768
58.11768
8.11768
11.24268
61.24268
86.24268
36.24268
48.74268
98.74268
73.74268
23.74268
17.49268
67.49268
92.49268
42.49268
29.99268
79.99268
54.99268
4.99268
3.43018
53.43018
78.43018
28.43018
40.93018
90.93018
65.93018
15.93018
22.18018
72.18018
97.18018
47.18018
34.68018
84.68018
59.68018
9.68018
6.55518
56.55518
81.55518
31.55518
44.05518
94.05518
69.05518
19.05518
12.80518
62.80518
87.80518
37.80518
25.30518
75.30518
50.30518
0.30518
0.20752
50.20752
75.20752
25.20752
37.70752
87.70752
62.70752
12.70752
18.95752
68.95752
93.95752
43.95752
31.45752
81.45752
56.45752
6.45752
9.58252
59.58252
84.58252
34.58252
47.08252
97.08252
72.08252
22.08252
15.83252
65.83252
90.83252
40.83252
28.33252
78.33252
53.33252
3.33252
4.89502
54.89502
79.89502
29.89502
42.39502
92.39502
67.39502
17.39502
23.64502
73.64502
98.64502
48.64502
36.14502
86.14502
61.14502
11.14502
8.02002
58.02002
83.02002
33.02002
45.52002
95.52002
70.52002
20.52002
14.27002
64.27002
89.27002
39.27002
26.77002
76.77002
51.77002
1.77002
2.55127
52.55127
77.55127
27.55127
40.05127
90.05127
65.05127
15.05127
21.30127
71.30127
96.30127
46.30127
33.80127
83.80127
58.80127
8.80127
11.92627
61.92627
86.92627
36.92627
49.42627
99.42627
74.42627
24.42627
18.17627
68.17627
93.17627
43.17627
30.67627
80.67627
55.67627
5.67627
4.11377
54.11377
79.11377
29.11377
41.61377
91.61377
66.61377
16.61377
22.86377
72.86377
97.86377
47.86377
35.36377
85.36377
60.36377
10.36377
7.23877
57.23877
82.23877
32.23877
44.73877
94.73877
69.73877
19.73877
13.48877
63.48877
88.48877
38.48877
25.98877
75.98877
50.98877
0.98877
1.37939
51.37939
76.37939
26.37939
38.87939
88.87939
63.87939
13.87939
20.12939
70.12939
95.12939
45.12939
32.62939
82.62939
57.62939
7.62939
10.75439
60.75439
85.75439
35.75439
48.25439
98.25439
73.25439
23.25439
17.00439
67.00439
92.00439
42.00439
29.50439
79.50439
54.50439
4.50439
6.06689
56.06689
81.06689
31.06689
43.56689
93.56689
68.56689
18.56689
24.81689
74.81689
99.81689
49.81689
37.31689
87.31689
62.31689
12.31689
9.19189
59.19189
84.19189
34.19189
46.69189
96.69189
71.69189
21.69189
15.44189
65.44189
90.44189
40.44189
27.94189
77.94189
52.94189
2.94189
2.16064
52.16064
77.16064
27.16064
39.66064
89.66064
64.66064
14.66064
20.91064
70.91064
95.91064
45.91064
33.41064
83.41064
58.41064
8.41064
11.53564
61.53564
86.53564
36.53564
49.03564
99.03564
74.03564
24.03564
17.78564
67.78564
92.78564
42.78564
30.28564
80.28564
55.28564
5.28564
3.72314
53.72314
78.72314
28.72314
41.22314
91.22314
66.22314
16.22314
22.47314
72.47314
97.47314
47.47314
34.97314
84.97314
59.97314
9.97314
6.84814
56.84814
81.84814
31.84814
44.34814
94.34814
69.34814
19.34814
13.09814
63.09814
88.09814
38.09814
25.59814
75.59814
50.59814
0.59814
0.40283
50.40283
75.40283
25.40283
37.90283
87.90283
62.90283
12.90283
19.15283
69.15283
94.15283
44.15283
31.65283
81.65283
56.65283
6.65283
9.77783
59.77783
84.77783
34.77783
47.27783
97.27783
72.27783
22.27783
16.02783
66.02783
91.02783
41.02783
28.52783
78.52783
53.52783
3.52783
5.09033
55.09033
80.09033
30.09033
42.59033
92.59033
67.59033
17.59033
23.84033
73.84033
98.84033
48.84033
36.34033
86.34033
61.34033
11.34033
8.21533
58.21533
83.21533
33.21533
45.71533
95.71533
70.71533
20.71533
14.46533
64.46533
89.46533
39.46533
26.96533
76.96533
51.96533
1.96533
2.74658
52.74658
77.74658
27.74658
40.24658
90.24658
65.24658
15.24658
21.49658
71.49658
96.49658
46.49658
33.99658
83.99658
58.99658
8.99658
12.12158
62.12158
87.12158
37.12158
49.62158
99.62158
74.62158
24.62158
18.37158
68.37158
93.37158
43.37158
30.87158
80.87158
55.87158
5.87158
4.30908
54.30908
79.30908
29.30908
41.80908
91.80908
66.80908
16.80908
23.05908
73.05908
98.05908
48.05908
35.55908
85.55908
60.55908
10.55908
7.43408
57.43408
82.43408
32.43408
44.93408
94.93408
69.93408
19.93408
13.68408
63.68408
88.68408
38.68408
26.18408
76.18408
51.18408
1.18408
0.79346
50.79346
75.79346
25.79346
38.29346
88.29346
63.29346
13.29346
19.54346
69.54346
94.54346
44.54346
32.04346
82.04346
57.04346
7.04346
10.16846
60.16846
85.16846
35.16846
47.66846
97.66846
72.66846
22.66846
16.41846
66.41846
91.41846
41.41846
28.91846
78.91846
53.91846
3.91846
5.48096
55.48096
80.48096
30.48096
42.98096
92.98096
67.98096
17.98096
24.23096
74.23096
99.23096
49.23096
36.73096
86.73096
61.73096
11.73096
8.60596
58.60596
83.60596
33.60596
46.10596
96.10596
71.10596
21.10596
14.85596
64.85596
89.85596
39.85596
27.35596
77.35596
52.35596
2.35596
1.57471
51.57471
76.57471
26.57471
39.07471
89.07471
64.07471
14.07471
20.32471
70.32471
95.32471
45.32471
32.82471
82.82471
57.82471
7.82471
10.94971
60.94971
85.94971
35.94971
48.44971
98.44971
73.44971
23.44971
17.19971
67.19971
92.19971
42.19971
29.69971
79.69971
54.69971
4.69971
3.13721
53.13721
78.13721
28.13721
40.63721
90.63721
65.63721
15.63721
21.88721
71.88721
96.88721
46.88721
34.38721
84.38721
59.38721
9.38721
6.26221
56.26221
81.26221
31.26221
43.76221
93.76221
68.76221
18.76221
12.51221
62.51221
87.51221
37.51221
25.01221
75.01221
50.01221
0.01221
0.01831
50.01831
75.01831
25.01831
37.51831
87.51831
62.51831
12.51831
18.76831
68.76831
93.76831
43.76831
31.26831
81.26831
56.26831
6.26831
9.39331
59.39331
84.39331
34.39331
46.89331
96.89331
71.89331
21.89331
15.64331
65.64331
90.64331
40.64331
28.14331
78.14331
53.14331
3.14331
4.70581
54.70581
79.70581
29.70581
42.20581
92.20581
67.20581
17.20581
23.45581
73.45581
98.45581
48.45581
35.95581
85.95581
60.95581
10.95581
7.83081
57.83081
82.83081
32.83081
45.33081
95.33081
70.33081
20.33081
14.08081
64.08081
89.08081
39.08081
26.58081
76.58081
51.58081
1.58081
2.36206
52.36206
77.36206
27.36206
39.86206
89.86206
64.86206
14.86206
21.11206
71.11206
96.11206
46.11206
33.61206
83.61206
58.61206
8.61206
11.73706
61.73706
86.73706
36.73706
49.23706
99.23706
74.23706
24.23706
17.98706
67.98706
92.98706
42.98706
30.48706
80.48706
55.48706
5.48706
3.92456
53.92456
78.92456
28.92456
41.42456
91.42456
66.42456
16.42456
22.67456
72.67456
97.67456
47.67456
35.17456
85.17456
60.17456
10.17456
7.04956
57.04956
82.04956
32.04956
44.54956
94.54956
69.54956
19.54956
13.29956
63.29956
88.29956
38.29956
25.79956
75.79956
50.79956
0.79956
1.19019
51.19019
76.19019
26.19019
38.69019
88.69019
63.69019
13.69019
19.94019
69.94019
94.94019
44.94019
32.44019
82.44019
57.44019
7.44019
10.56519
60.56519
85.56519
35.56519
48.06519
98.06519
73.06519
23.06519
16.81519
66.81519
91.81519
41.81519
29.31519
79.31519
54.31519
4.31519
5.87769
55.87769
80.87769
30.87769
43.37769
93.37769
68.37769
18.37769
24.62769
74.62769
99.62769
49.62769
37.12769
87.12769
62.12769
12.12769
9.00269
59.00269
84.00269
34.00269
46.50269
96.50269
71.50269
21.50269
15.25269
65.25269
90.25269
40.25269
27.75269
77.75269
52.75269
2.75269
1.97144
51.97144
76.97144
26.97144
39.47144
89.47144
64.47144
14.47144
20.72144
70.72144
95.72144
45.72144
33.22144
83.22144
58.22144
8.22144
11.34644
61.34644
86.34644
36.34644
48.84644
98.84644
73.84644
23.84644
17.59644
67.59644
92.59644
42.59644
30.09644
80.09644
55.09644
5.09644
3.53394
53.53394
78.53394
28.53394
41.03394
91.03394
66.03394
16.03394
22.28394
72.28394
97.28394
47.28394
34.78394
84.78394
59.78394
9.78394
6.65894
56.65894
81.65894
31.65894
44.15894
94.15894
69.15894
19.15894
12.90894
62.90894
87.90894
37.90894
25.40894
75.40894
50.40894
0.40894
0.60425
50.60425
75.60425
25.60425
38.10425
88.10425
63.10425
13.10425
19.35425
69.35425
94.35425
44.35425
31.85425
81.85425
56.85425
6.85425
9.97925
59.97925
84.97925
34.97925
47.47925
97.47925
72.47925
22.47925
16.22925
66.22925
91.22925
41.22925
28.72925
78.72925
53.72925
3.72925
5.29175
55.29175
80.29175
30.29175
42.79175
92.79175
67.79175
17.79175
24.04175
74.04175
99.04175
49.04175
36.54175
86.54175
61.54175
11.54175
8.41675
58.41675
83.41675
33.41675
45.91675
95.91675
70.91675
20.91675
14.66675
64.66675
89.66675
39.66675
27.16675
77.16675
52.16675
2.16675
2.94800
52.94800
77.94800
27.94800
40.44800
90.44800
65.44800
15.44800
21.69800
71.69800
96.69800
46.69800
34.19800
84.19800
59.19800
9.19800
12.32300
62.32300
87.32300
37.32300
49.82300
99.82300
74.82300
24.82300
18.57300
68.57300
93.57300
43.57300
31.07300
81.07300
56.07300
6.07300
4.51050
54.51050
79.51050
29.51050
42.01050
92.01050
67.01050
17.01050
23.26050
73.26050
98.26050
48.26050
35.76050
85.76050
60.76050
10.76050
7.63550
57.63550
82.63550
32.63550
45.13550
95.13550
70.13550
20.13550
13.88550
63.88550
88.88550
38.88550
26.38550
76.38550
51.38550
1.38550
0.99487
50.99487
75.99487
25.99487
38.49487
88.49487
63.49487
13.49487
19.74487
69.74487
94.74487
44.74487
32.24487
82.24487
57.24487
7.24487
10.36987
60.36987
85.36987
35.36987
47.86987
97.86987
72.86987
22.86987
16.61987
66.61987
91.61987
41.61987
29.11987
79.11987
54.11987
4.11987
5.68237
55.68237
80.68237
30.68237
43.18237
93.18237
68.18237
18.18237
24.43237
74.43237
99.43237
49.43237
36.93237
86.93237
61.93237
11.93237
8.80737
58.80737
83.80737
33.80737
46.30737
96.30737
71.30737
21.30737
15.05737
65.05737
90.05737
40.05737
27.55737
77.55737
52.55737
2.55737
1.77612
51.77612
76.77612
26.77612
39.27612
89.27612
64.27612
14.27612
20.52612
70.52612
95.52612
45.52612
33.02612
83.02612
58.02612
8.02612
11.15112
61.15112
86.15112
36.15112
48.65112
98.65112
73.65112
23.65112
17.40112
67.40112
92.40112
42.40112
29.90112
79.90112
54.90112
4.90112
3.33862
53.33862
78.33862
28.33862
40.83862
90.83862
65.83862
15.83862
22.08862
72.08862
97.08862
47.08862
34.58862
84.58862
59.58862
9.58862
6.46362
56.46362
81.46362
31.46362
43.96362
93.96362
68.96362
18.96362
12.71362
62.71362
87.71362
37.71362
25.21362
75.21362
50.21362
0.21362
0.31128
50.31128
75.31128
25.31128
37.81128
87.81128
62.81128
12.81128
19.06128
69.06128
94.06128
44.06128
31.56128
81.56128
56.56128
6.56128
9.68628
59.68628
84.68628
34.68628
47.18628
97.18628
72.18628
22.18628
15.93628
65.93628
90.93628
40.93628
28.43628
78.43628
53.43628
3.43628
4.99878
54.99878
79.99878
29.99878
42.49878
92.49878
67.49878
17.49878
23.74878
73.74878
98.74878
48.74878
36.24878
86.24878
61.24878
11.24878
8.12378
58.12378
83.12378
33.12378
45.62378
95.62378
70.62378
20.62378
14.37378
64.37378
89.37378
39.37378
26.87378
76.87378
51.87378
1.87378
2.65503
52.65503
77.65503
27.65503
40.15503
90.15503
65.15503
15.15503
21.40503
71.40503
96.40503
46.40503
33.90503
83.90503
58.90503
8.90503
12.03003
62.03003
87.03003
37.03003
49.53003
99.53003
74.53003
24.53003
18.28003
68.28003
93.28003
43.28003
30.78003
80.78003
55.78003
5.78003
4.21753
54.21753
79.21753
29.21753
41.71753
91.71753
66.71753
16.71753
22.96753
72.96753
97.96753
47.96753
35.46753
85.46753
60.46753
10.46753
7.34253
57.34253
82.34253
32.34253
44.84253
94.84253
69.84253
19.84253
13.59253
63.59253
88.59253
38.59253
26.09253
76.09253
51.09253
1.09253
1.48315
51.48315
76.48315
26.48315
38.98315
88.98315
63.98315
13.98315
20.23315
70.23315
95.23315
45.23315
32.73315
82.73315
57.73315
7.73315
10.85815
60.85815
85.85815
35.85815
48.35815
98.35815
73.35815
23.35815
17.10815
67.10815
92.10815
42.10815
29.60815
79.60815
54.60815
4.60815
6.17065
56.17065
81.17065
31.17065
43.67065
93.67065
68.67065
18.67065
24.92065
74.92065
99.92065
49.92065
37.42065
87.42065
62.42065
12.42065
9.29565
59.29565
84.29565
34.29565
46.79565
96.79565
71.79565
21.79565
15.54565
65.54565
90.54565
40.54565
28.04565
78.04565
53.04565
3.04565
2.26440
52.26440
77.26440
27.26440
39.76440
89.76440
64.76440
14.76440
21.01440
71.01440
96.01440
46.01440
33.51440
83.51440
58.51440
8.51440
11.63940
61.63940
86.63940
36.63940
49.13940
99.13940
74.13940
24.13940
17.88940
67.88940
92.88940
42.88940
30.38940
80.38940
55.38940
5.38940
3.82690
53.82690
78.82690
28.82690
41.32690
91.32690
66.32690
16.32690
22.57690
72.57690
97.57690
47.57690
35.07690
85.07690
60.07690
10.07690
6.95190
56.95190
81.95190
31.95190
44.45190
94.45190
69.45190
19.45190
13.20190
63.20190
88.20190
38.20190
25.70190
75.70190
50.70190
0.70190
0.50659
50.50659
75.50659
25.50659
38.00659
88.00659
63.00659
13.00659
19.25659
69.25659
94.25659
44.25659
31.75659
81.75659
56.75659
6.75659
9.88159
59.88159
84.88159
34.88159
47.38159
97.38159
72.38159
22.38159
16.13159
66.13159
91.13159
41.13159
28.63159
78.63159
53.63159
3.63159
5.19409
55.19409
80.19409
30.19409
42.69409
92.69409
67.69409
17.69409
23.94409
73.94409
98.94409
48.94409
36.44409
86.44409
61.44409
11.44409
8.31909
58.31909
83.31909
33.31909
45.81909
95.81909
70.81909
20.81909
14.56909
64.56909
89.56909
39.56909
27.06909
77.06909
52.06909
2.06909
2.85034
52.85034
77.85034
27.85034
40.35034
90.35034
65.35034
15.35034
21.60034
71.60034
96.60034
46.60034
34.10034
84.10034
59.10034
9.10034
12.22534
62.22534
87.22534
37.22534
49.72534
99.72534
74.72534
24.72534
18.47534
68.47534
93.47534
43.47534
30.97534
80.97534
55.97534
5.97534
4.41284
54.41284
79.41284
29.41284
41.91284
91.91284
66.91284
16.91284
23.16284
73.16284
98.16284
48.16284
35.66284
85.66284
60.66284
10.66284
7.53784
57.53784
82.53784
32.53784
45.03784
95.03784
70.03784
20.03784
13.78784
63.78784
88.78784
38.78784
26.28784
76.28784
51.28784
1.28784
0.89722
50.89722
75.89722
25.89722
38.39722
88.39722
63.39722
13.39722
19.64722
69.64722
94.64722
44.64722
32.14722
82.14722
57.14722
7.14722
10.27222
60.27222
85.27222
35.27222
47.77222
97.77222
72.77222
22.77222
16.52222
66.52222
91.52222
41.52222
29.02222
79.02222
54.02222
4.02222
5.58472
55.58472
80.58472
30.58472
43.08472
93.08472
68.08472
18.08472
24.33472
74.33472
99.33472
49.33472
36.83472
86.83472
61.83472
11.83472
8.70972
58.70972
83.70972
33.70972
46.20972
96.20972
71.20972
21.20972
14.95972
64.95972
89.95972
39.95972
27.45972
77.45972
52.45972
2.45972
1.67847
51.67847
76.67847
26.67847
39.17847
89.17847
64.17847
14.17847
20.42847
70.42847
95.42847
45.42847
32.92847
82.92847
57.92847
7.92847
11.05347
61.05347
86.05347
36.05347
48.55347
98.55347
73.55347
23.55347
17.30347
67.30347
92.30347
42.30347
29.80347
79.80347
54.80347
4.80347
3.24097
53.24097
78.24097
28.24097
40.74097
90.74097
65.74097
15.74097
21.99097
71.99097
96.99097
46.99097
34.49097
84.49097
59.49097
9.49097
6.36597
56.36597
81.36597
31.36597
43.86597
93.86597
68.86597
18.86597
12.61597
62.61597
87.61597
37.61597
25.11597
75.11597
50.11597
0.11597
0.16479
50.16479
75.16479
25.16479
37.66479
87.66479
62.66479
12.66479
18.91479
68.91479
93.91479
43.91479
31.41479
81.41479
56.41479
6.41479
9.53979
59.53979
84.53979
34.53979
47.03979
97.03979
72.03979
22.03979
15.78979
65.78979
90.78979
40.78979
28.28979
78.28979
53.28979
3.28979
4.85229
54.85229
79.85229
29.85229
42.35229
92.35229
67.35229
17.35229
23.60229
73.60229
98.60229
48.60229
36.10229
86.10229
61.10229
11.10229
7.97729
57.97729
82.97729
32.97729
45.47729
95.47729
70.47729
20.47729
14.22729
64.22729
89.22729
39.22729
26.72729
76.72729
51.72729
1.72729
2.50854
52.50854
77.50854
27.50854
40.00854
90.00854
65.00854
15.00854
21.25854
71.25854
96.25854
46.25854
33.75854
83.75854
58.75854
8.75854
11.88354
61.88354
86.88354
36.88354
49.38354
99.38354
74.38354
24.38354
18.13354
68.13354
93.13354
43.13354
30.63354
80.63354
55.63354
5.63354
4.07104
54.07104
79.07104
29.07104
41.57104
91.57104
66.57104
16.57104
22.82104
72.82104
97.82104
47.82104
35.32104
85.32104
60.32104
10.32104
7.19604
57.19604
82.19604
32.19604
44.69604
94.69604
69.69604
19.69604
13.44604
63.44604
88.44604
38.44604
25.94604
75.94604
50.94604
0.94604
1.33667
51.33667
76.33667
26.33667
38.83667
88.83667
63.83667
13.83667
20.08667
70.08667
95.08667
45.08667
32.58667
82.58667
57.58667
7.58667
10.71167
60.71167
85.71167
35.71167
48.21167
98.21167
73.21167
23.21167
16.96167
66.96167
91.96167
41.96167
29.46167
79.46167
54.46167
4.46167
6.02417
56.02417
81.02417
31.02417
43.52417
93.52417
68.52417
18.52417
24.77417
74.77417
99.77417
49.77417
37.27417
87.27417
62.27417
12.27417
9.14917
59.14917
84.14917
34.14917
46.64917
96.64917
71.64917
21.64917
15.39917
65.39917
90.39917
40.39917
27.89917
77.89917
52.89917
2.89917
2.11792
52.11792
77.11792
27.11792
39.61792
89.61792
64.61792
14.61792
20.86792
70.86792
95.86792
45.86792
33.36792
83.36792
58.36792
8.36792
11.49292
61.49292
86.49292
36.49292
48.99292
98.99292
73.99292
23.99292
17.74292
67.74292
92.74292
42.74292
30.24292
80.24292
55.24292
5.24292
3.68042
53.68042
78.68042
28.68042
41.18042
91.18042
66.18042
16.18042
22.43042
72.43042
97.43042
47.43042
34.93042
84.93042
59.93042
9.93042
6.80542
56.80542
81.80542
31.80542
44.30542
94.30542
69.30542
19.30542
13.05542
63.05542
88.05542
38.05542
25.55542
75.55542
50.55542
0.55542
0.75073
50.75073
75.75073
25.75073
38.25073
88.25073
63.25073
13.25073
19.50073
69.50073
94.50073
44.50073
32.00073
82.00073
57.00073
7.00073
10.12573
60.12573
85.12573
35.12573
47.62573
97.62573
72.62573
22.62573
16.37573
66.37573
91.37573
41.37573
28.87573
78.87573
53.87573
3.87573
5.43823
55.43823
80.43823
30.43823
42.93823
92.93823
67.93823
17.93823
24.18823
74.18823
99.18823
49.18823
36.68823
86.68823
61.68823
11.68823
8.56323
58.56323
83.56323
33.56323
46.06323
96.06323
71.06323
21.06323
14.81323
64.81323
89.81323
39.81323
27.31323
77.31323
52.31323
2.31323
3.09448
53.09448
78.09448
28.09448
40.59448
90.59448
65.59448
15.59448
21.84448
71.84448
96.84448
46.84448
34.34448
84.34448
59.34448
9.34448
12.46948
62.46948
87.46948
37.46948
49.96948
99.96948
74.96948
24.96948
18.71948
68.71948
93.71948
43.71948
31.21948
81.21948
56.21948
6.21948
4.65698
54.65698
79.65698
29.65698
42.15698
92.15698
67.15698
17.15698
23.40698
73.40698
98.40698
48.40698
35.90698
85.90698
60.90698
10.90698
7.78198
57.78198
82.78198
32.78198
45.28198
95.28198
70.28198
20.28198
14.03198
64.03198
89.03198
39.03198
26.53198
76.53198
51.53198
1.53198
1.14136
51.14136
76.14136
26.14136
38.64136
88.64136
63.64136
13.64136
19.89136
69.89136
94.89136
44.89136
32.39136
82.39136
57.39136
7.39136
10.51636
60.51636
85.51636
35.51636
48.01636
98.01636
73.01636
23.01636
16.76636
66.76636
91.76636
41.76636
29.26636
79.26636
54.26636
4.26636
5.82886
55.82886
80.82886
30.82886
43.32886
93.32886
68.32886
18.32886
24.57886
74.57886
99.57886
49.57886
37.07886
87.07886
62.07886
12.07886
8.95386
58.95386
83.95386
33.95386
46.45386
96.45386
71.45386
21.45386
15.20386
65.20386
90.20386
40.20386
27.70386
77.70386
52.70386
2.70386
1.92261
51.92261
76.92261
26.92261
39.42261
89.42261
64.42261
14.42261
20.67261
70.67261
95.67261
45.67261
33.17261
83.17261
58.17261
8.17261
11.29761
61.29761
86.29761
36.29761
48.79761
98.79761
73.79761
23.79761
17.54761
67.54761
92.54761
42.54761
30.04761
80.04761
55.04761
5.04761
3.48511
53.48511
78.48511
28.48511
40.98511
90.98511
65.98511
15.98511
22.23511
72.23511
97.23511
47.23511
34.73511
84.73511
59.73511
9.73511
6.61011
56.61011
81.61011
31.61011
44.11011
94.11011
69.11011
19.11011
12.86011
62.86011
87.86011
37.86011
25.36011
75.36011
50.36011
0.36011
0.26245
50.26245
75.26245
25.26245
37.76245
87.76245
62.76245
12.76245
19.01245
69.01245
94.01245
44.01245
31.51245
81.51245
56.51245
6.51245
9.63745
59.63745
84.63745
34.63745
47.13745
97.13745
72.13745
22.13745
15.88745
65.88745
90.88745
40.88745
28.38745
78.38745
53.38745
3.38745
4.94995
54.94995
79.94995
29.94995
42.44995
92.44995
67.44995
17.44995
23.69995
73.69995
98.69995
48.69995
36.19995
86.19995
61.19995
11.19995
8.07495
58.07495
83.07495
33.07495
45.57495
95.57495
70.57495
20.57495
14.32495
64.32495
89.32495
39.32495
26.82495
76.82495
51.82495
1.82495
2.60620
52.60620
77.60620
27.60620
40.10620
90.10620
65.10620
15.10620
21.35620
71.35620
96.35620
46.35620
33.85620
83.85620
58.85620
8.85620
11.98120
61.98120
86.98120
36.98120
49.48120
99.48120
74.48120
24.48120
18.23120
68.23120
93.23120
43.23120
30.73120
80.73120
55.73120
5.73120
4.16870
54.16870
79.16870
29.16870
41.66870
91.66870
66.66870
16.66870
22.91870
72.91870
97.91870
47.91870
35.41870
85.41870
60.41870
10.41870
7.29370
57.29370
82.29370
32.29370
44.79370
94.79370
69.79370
19.79370
13.54370
63.54370
88.54370
38.54370
26.04370
76.04370
51.04370
1.04370
1.43433
51.43433
76.43433
26.43433
38.93433
88.93433
63.93433
13.93433
20.18433
70.18433
95.18433
45.18433
32.68433
82.68433
57.68433
7.68433
10.80933
60.80933
85.80933
35.80933
48.30933
98.30933
73.30933
23.30933
17.05933
67.05933
92.05933
42.05933
29.55933
79.55933
54.55933
4.55933
6.12183
56.12183
81.12183
31.12183
43.62183
93.62183
68.62183
18.62183
24.87183
74.87183
99.87183
49.87183
37.37183
87.37183
62.37183
12.37183
9.24683
59.24683
84.24683
34.24683
46.74683
96.74683
71.74683
21.74683
15.49683
65.49683
90.49683
40.49683
27.99683
77.99683
52.99683
2.99683
2.21558
52.21558
77.21558
27.21558
39.71558
89.71558
64.71558
14.71558
20.96558
70.96558
95.96558
45.96558
33.46558
83.46558
58.46558
8.46558
11.59058
61.59058
86.59058
36.59058
49.09058
99.09058
74.09058
24.09058
17.84058
67.84058
92.84058
42.84058
30.34058
80.34058
55.34058
5.34058
3.77808
53.77808
78.77808
28.77808
41.27808
91.27808
66.27808
16.27808
22.52808
72.52808
97.52808
47.52808
35.02808
85.02808
60.02808
10.02808
6.90308
56.90308
81.90308
31.90308
44.40308
94.40308
69.40308
19.40308
13.15308
63.15308
88.15308
38.15308
25.65308
75.65308
50.65308
0.65308
0.45776
50.45776
75.45776
25.45776
37.95776
87.95776
62.95776
12.95776
19.20776
69.20776
94.20776
44.20776
31.70776
81.70776
56.70776
6.70776
