Sample size N: 100
0.00000
50.00000
75.00000
25.00000
37.50000
87.50000
62.50000
12.50000
18.75000
68.75000
93.75000
43.75000
31.25000
81.25000
56.25000
6.25000
9.37500
59.37500
84.37500
34.37500
46.87500
96.87500
71.87500
21.87500
15.62500
65.62500
90.62500
40.62500
28.12500
78.12500
53.12500
3.12500
4.68750
54.68750
79.68750
29.68750
42.18750
92.18750
67.18750
17.18750
23.43750
73.43750
98.43750
48.43750
35.93750
85.93750
60.93750
10.93750
7.81250
57.81250
82.81250
32.81250
45.31250
95.31250
70.31250
20.31250
14.06250
64.06250
89.06250
39.06250
26.56250
76.56250
51.56250
1.56250
2.34375
52.34375
77.34375
27.34375
39.84375
89.84375
64.84375
14.84375
21.09375
71.09375
96.09375
46.09375
33.59375
83.59375
58.59375
8.59375
11.71875
61.71875
86.71875
36.71875
49.21875
99.21875
74.21875
24.21875
17.96875
67.96875
92.96875
42.96875
30.46875
80.46875
55.46875
5.46875
3.90625
53.90625
78.90625
28.90625
