Sample size N: 1000
27.69259
6.97398
51.12665
93.56843
38.47640
83.88729
99.48941
65.76078
10.93264
6.83480
27.21691
47.59278
2.56604
17.42350
74.92260
55.86901
86.74080
5.55445
59.01487
53.44246
3.40631
62.10172
70.79277
42.56960
63.08753
9.48972
13.02319
15.60013
85.17431
25.89888
14.17123
76.28367
80.08465
47.51634
61.09458
11.21710
0.12745
26.23323
31.70168
21.47952
1.82156
27.44621
42.21004
64.29318
90.55062
55.50689
30.21304
33.35376
92.48886
27.38157
60.74324
74.93244
77.24684
43.49067
57.03906
32.98680
26.03868
35.31621
5.12489
58.64699
20.35655
41.65181
84.64935
90.92807
33.31886
50.55535
28.60988
71.10395
38.27139
93.05452
59.92317
74.64496
24.00823
19.51168
80.10644
99.80174
16.07922
59.95640
22.53737
0.87830
38.33546
69.64132
59.02439
59.21917
83.71536
15.88273
61.25151
8.83508
13.41725
56.66538
73.45772
41.30150
4.73926
17.83985
34.64338
93.80174
70.28904
89.01718
3.60478
79.64704
90.85262
34.43487
73.91896
22.30793
41.12746
95.59282
35.17597
51.09129
35.84478
97.32289
33.95606
4.68127
12.32795
83.34747
24.66406
13.07710
32.43217
72.38898
48.92183
33.32194
73.87192
84.42525
36.36242
93.60202
19.83489
97.28761
86.84611
12.27870
78.72724
43.99050
98.88535
32.94954
5.29244
84.52079
83.38801
26.91068
12.16342
11.60430
99.59322
23.09613
17.16666
65.38687
29.71116
38.88403
62.66632
83.45121
15.94088
86.29936
97.12633
96.04632
76.53014
98.62750
61.13193
69.08324
8.80972
23.46108
27.82000
56.12101
21.40955
96.77314
19.02942
53.39111
78.62215
7.59169
17.99280
54.10322
18.50432
24.69558
51.05638
10.61627
54.07492
96.91736
16.81471
12.08057
70.22673
7.88696
67.14099
46.33375
35.20082
5.35341
92.28537
55.91060
44.62101
48.95071
82.21723
41.28117
56.03562
82.77176
30.95727
65.98021
11.46524
13.05889
71.17743
18.96392
95.55890
55.61634
35.62786
20.30122
74.80741
54.75861
88.72683
0.50245
23.51550
36.48591
18.85528
97.62505
7.25775
27.32615
66.32466
4.59696
43.89782
74.17481
94.37653
5.86335
55.58606
21.70668
15.19872
90.58782
94.13857
24.69851
2.42758
56.76154
58.19583
33.34784
6.93694
59.92709
82.92220
75.88671
8.64058
58.02006
88.52303
21.93361
20.11357
31.76957
80.11332
63.43606
80.71313
62.22025
94.99482
82.68384
87.89998
87.97314
53.06456
79.12812
77.11769
54.58740
44.54965
18.26521
97.06985
58.57526
90.91291
95.47269
26.20257
86.74683
45.83576
8.27555
15.36715
8.05010
35.37392
41.14431
49.86243
64.07077
44.55414
63.39648
25.91883
24.68192
2.72890
66.18695
2.96692
56.66752
40.42525
50.35230
32.54376
94.74834
51.60587
31.88465
28.88076
59.00435
37.74729
99.09220
4.99183
20.98919
80.11656
70.58416
56.37278
45.92456
5.52543
93.92053
83.42249
33.52314
50.98514
97.56577
95.87471
69.43725
32.39493
23.35310
55.22706
87.01355
87.84849
9.24657
8.85924
5.38206
38.88117
97.78904
56.28147
5.07585
3.35983
33.57040
92.20978
56.14261
83.18962
63.14426
18.88569
24.70987
3.38490
79.93730
24.51352
36.54159
96.08845
62.55164
80.29150
3.24712
17.32308
85.79105
66.44307
17.97580
85.71950
43.56079
83.70837
34.96090
79.09743
59.80350
89.61746
81.77971
0.30551
59.64645
19.31312
53.33737
68.69895
41.71571
11.11611
4.03097
89.98578
83.45867
73.17204
76.61569
41.48620
46.12741
16.85555
82.03623
95.63008
47.07147
3.29858
30.15462
59.89779
62.30646
12.52245
21.39068
5.05715
18.20518
44.65785
91.16470
8.40304
47.57921
89.66702
70.37450
80.13591
31.75168
50.07623
27.06608
29.15945
30.18722
89.81808
47.54863
3.95891
99.08791
80.64849
6.95817
91.97146
43.20314
54.00743
48.83585
53.14925
45.62139
28.46810
43.69966
32.10080
84.31239
52.94258
36.23426
41.16941
27.11491
68.17604
24.70638
71.25349
73.30790
14.73767
49.76224
30.25112
98.93086
72.90227
14.22980
23.02898
71.01667
34.22459
38.23621
98.98251
88.82027
5.97825
41.99983
11.67546
78.55923
34.99556
99.03704
52.56305
59.94573
10.77704
57.11871
97.01338
98.97737
58.82538
73.75025
68.36967
54.80361
27.34598
3.10653
87.60865
3.45150
65.36897
85.10000
90.18079
32.38119
77.34052
0.50199
2.25752
16.52904
69.47560
66.81553
31.62144
73.70330
43.44112
91.52158
54.65079
51.63386
18.43158
16.00957
3.13211
9.49792
51.80659
77.93868
68.45219
62.57710
22.63662
21.16662
5.79835
2.86382
22.10266
87.56801
37.97226
95.31532
2.85524
17.57764
79.18969
52.57589
89.25357
15.87029
85.35966
56.92350
75.28700
3.37161
40.91014
0.21060
7.77116
12.30805
52.91239
84.59523
52.01015
66.83514
61.97996
4.68868
64.66874
38.65801
3.99781
12.62327
75.52288
35.04041
49.05180
76.60179
33.42145
8.60138
23.76324
49.05976
15.51812
36.21818
91.13587
75.68128
79.75285
69.71633
49.18552
58.29843
91.74135
11.51729
46.34096
89.52951
24.54184
6.02062
54.09311
39.21866
95.24089
46.11925
87.82737
86.68144
95.79134
71.97623
68.94856
32.37168
99.06649
70.98140
9.89046
24.52950
77.74486
32.53459
0.05537
25.18665
65.85228
40.24774
27.68040
8.82236
12.28659
37.61396
47.03927
79.50520
93.56741
91.55555
78.28012
13.52410
78.62756
90.11857
18.60747
38.33958
48.63749
45.77815
91.62858
98.23386
61.85203
59.97739
88.42617
35.46338
6.25133
53.47257
9.02870
8.15754
5.03382
16.66887
36.08022
79.79156
88.66848
15.57934
82.24217
42.51040
10.60373
46.53100
64.69398
92.28124
67.06723
17.62658
86.86075
9.00898
39.72864
61.13751
40.81749
33.58683
68.98960
88.70880
86.58784
80.67278
43.36568
33.06888
67.25806
89.42836
11.29583
12.13837
28.44450
35.22899
99.15667
10.17987
24.64269
14.81068
76.22629
84.43510
94.74265
31.95403
53.95593
99.04791
84.06884
90.24228
4.68646
24.13590
49.08686
65.61992
6.60539
96.26672
20.08969
17.10551
28.28513
66.58102
1.12245
3.08984
29.40421
14.00218
56.11831
78.40867
99.33082
34.62088
41.52165
40.62348
6.46891
99.00036
25.45965
21.46118
54.25689
1.55943
88.07405
27.31018
88.67597
45.51732
71.31167
64.55227
95.92604
95.61135
24.61294
9.98536
61.13574
53.56266
37.31198
51.36030
93.64711
28.89195
95.56907
85.39000
44.10851
38.11131
12.82722
99.83238
61.77505
41.08261
56.12024
70.23189
24.21227
55.43135
97.24455
10.41659
40.57717
0.16147
59.57177
73.94722
41.99393
38.96016
76.30303
93.61560
27.26608
66.76156
92.54506
63.73359
8.99602
12.87369
5.63388
48.29064
38.26725
51.50023
37.45545
79.57148
63.74546
85.12821
42.67380
95.66422
92.57718
94.91623
16.80708
5.07687
3.33908
44.07787
19.61667
59.69093
42.32610
60.07346
64.98300
44.74776
51.32498
45.63268
68.09375
5.95627
53.61146
24.05714
33.09006
96.79849
94.06404
60.47622
8.76935
24.04542
10.20530
37.83968
8.06364
7.23867
53.35257
29.87794
3.73298
12.89624
75.43145
28.61864
83.18679
0.21394
88.39258
95.23115
0.94866
27.12846
44.07267
90.15325
83.40374
69.63685
26.77573
82.19693
77.17050
29.89490
14.07593
74.67678
63.70953
80.65732
97.68067
15.95396
6.62354
63.17327
97.60362
52.03903
72.86672
74.15657
72.99609
82.71331
98.76555
3.78082
26.98084
50.92838
73.29424
49.05621
17.58367
32.74709
49.71876
42.31884
74.25621
28.39595
60.58454
96.56992
73.53824
9.89117
80.96549
78.33916
46.12445
95.16395
16.49831
49.91297
82.37042
2.12783
44.43312
30.51307
87.23250
46.77972
82.80691
50.28352
68.39641
74.82222
82.21601
78.04376
71.53300
5.67913
42.52318
7.47254
79.20154
43.37415
4.64386
30.87350
0.83063
5.30247
38.57269
65.13004
13.66513
6.87013
0.34760
79.81891
17.50699
40.69060
71.80231
38.30380
51.86240
14.23461
91.22214
37.18661
91.62960
85.28451
33.90432
4.70178
67.59294
30.32725
36.03837
80.61652
54.83421
45.28362
97.27420
97.56092
42.09210
52.68740
37.74613
15.23543
88.01162
52.01576
22.81487
86.25744
76.74941
67.73800
20.18649
42.24407
81.22822
0.07100
8.75807
49.36433
63.02319
15.07890
21.03381
13.21177
70.13036
68.04645
80.83364
4.96124
18.66808
26.56316
64.73756
79.89156
85.34270
0.28794
50.63231
50.33056
65.45431
94.28816
8.53157
42.63014
40.30392
80.78341
99.22730
25.94914
13.34887
76.51811
55.71626
76.43824
21.66572
87.47826
71.79220
40.96918
15.80446
45.98531
0.74984
4.61620
79.92358
93.42250
3.57679
98.52194
94.67041
56.27415
76.27737
35.25541
53.24968
72.49631
4.97861
35.13795
36.99866
76.10986
25.60113
76.42957
62.01784
1.23829
70.71341
1.39540
77.92815
38.18296
45.92973
86.79530
97.28539
33.08317
61.45382
72.32949
82.78388
90.59902
9.22543
58.09646
22.67170
27.14525
70.67609
5.34641
99.47740
63.58233
38.28114
88.85110
59.53339
99.48881
40.53739
7.96624
24.94867
97.36056
89.37436
83.20111
43.94722
95.29558
0.45935
3.66527
50.58311
89.43253
21.78056
16.29074
31.28189
6.32004
22.62276
20.81815
65.32254
65.58292
73.09910
89.35649
1.75106
76.55503
98.34926
1.70732
6.15565
88.51049
25.97434
75.26585
79.20702
40.59261
93.87653
86.69584
41.63508
38.46904
71.53831
50.73861
75.82400
7.75986
15.59211
32.51687
89.50824
39.18356
4.66929
72.31414
50.35449
37.76566
63.22389
26.51697
58.36365
70.23388
34.20197
63.20078
74.22173
70.41653
77.36905
88.33652
9.09115
11.95111
63.33592
39.59621
18.63002
26.88109
54.42272
70.92600
66.74684
25.33088
20.42637
34.27757
7.52394
51.39228
78.69560
17.31485
68.87899
14.40475
91.04888
39.69101
60.67857
77.24612
1.67474
55.40649
21.24909
3.56113
95.00062
94.50694
11.92092
39.24556
87.85387
42.88491
17.69759
49.67370
4.92614
46.44693
82.15984
75.91422
29.46637
82.70973
