Sample size N: 10000
68.41773
69.19475
45.06864
3.22502
64.70560
85.55286
15.64777
44.85148
25.98879
36.58814
26.42873
77.92590
78.74268
67.98815
52.21386
29.71592
35.11134
35.56552
3.21107
85.02249
64.18310
93.36839
63.26891
94.33024
72.26273
14.91064
47.87624
70.97269
84.04604
45.39240
13.44603
18.46375
76.29434
48.98126
36.04329
99.11370
53.51628
23.07876
65.33985
47.22732
31.75137
15.08220
92.94248
57.43211
60.10171
37.07843
15.25522
79.68134
60.31965
12.34192
37.77635
14.72053
40.66621
26.86603
5.01742
62.22538
99.52598
34.05692
27.74391
23.99586
21.95800
67.43628
44.41647
5.83613
85.11534
35.58478
10.29820
29.14528
55.01641
71.57210
65.11867
23.64347
38.84448
12.20540
21.95003
41.14706
57.27640
20.64678
26.77165
4.40674
81.61091
38.83496
22.78619
87.73769
31.50857
86.25158
32.83475
80.72135
27.81135
89.26784
10.45954
64.31624
59.99033
81.66162
30.37795
54.48105
17.50275
75.33849
25.95837
82.00063
79.51312
63.90079
22.09462
61.50877
83.97445
25.72951
37.27849
90.06922
73.18294
55.96755
35.27809
54.60734
59.87920
90.05996
78.46446
26.52051
22.63261
26.48745
8.20124
66.72044
87.80487
53.74828
37.18011
40.33100
52.36307
83.85928
55.85218
20.49306
93.22855
62.00232
92.48416
45.54434
53.66349
41.42118
88.02933
12.93338
11.55919
67.45886
23.32028
20.92234
19.67858
85.71370
65.10168
84.10639
65.76895
43.34372
23.20266
65.39497
19.18701
10.36299
27.80759
88.64041
85.40219
31.37045
8.42972
13.72692
44.49803
94.09947
52.33036
82.85209
42.70709
0.81043
90.49934
3.29157
14.57082
88.87366
43.60353
69.35154
78.85101
99.95040
21.39040
20.29563
26.93745
23.58681
4.05629
9.32006
70.11286
63.57519
37.42988
73.64624
65.43163
85.12224
50.84155
55.49596
15.89772
27.89327
29.00022
34.17961
20.30795
18.51229
86.34174
45.92051
82.39311
90.51087
6.73237
9.79121
7.62408
31.29504
37.65140
33.47609
70.28475
24.19655
13.70166
24.28478
42.07747
52.52823
69.10321
36.62840
51.02711
37.19762
21.98045
30.44253
79.69051
27.46394
1.34421
19.27405
6.34097
56.72149
15.20606
77.47306
62.03443
80.84907
84.75122
65.68442
9.31500
47.30278
72.45660
18.67023
77.17318
27.69164
63.55354
42.81728
38.79697
84.43579
38.34201
67.35003
31.10471
66.88172
92.57574
56.23302
25.33657
35.65284
62.91222
73.64327
41.74710
36.27924
0.61742
11.73823
63.24595
94.23997
26.87592
0.70154
4.97806
1.62082
94.41278
14.35070
89.64435
27.14960
79.17293
45.62089
67.91329
36.03704
10.24030
15.85063
36.44119
46.99471
66.31391
24.04417
78.33895
94.45095
8.54446
38.78349
70.51983
66.03984
93.80224
58.39253
34.09672
9.99994
45.12138
22.62268
64.25932
63.12444
92.94749
23.59138
75.76529
36.96124
65.11379
22.36228
68.02631
11.44416
67.18647
23.47286
72.25413
18.98086
1.91596
50.78672
14.89191
14.22655
86.33926
74.63503
61.47861
51.63634
20.99613
4.78106
73.33868
18.10630
51.02382
31.57746
43.91415
49.93264
82.26236
60.39494
44.09938
50.09216
55.17724
64.23722
69.03321
75.18466
3.32541
91.71851
21.94874
76.44818
45.40951
39.98803
82.85501
62.84522
65.72718
86.40893
15.40330
51.21989
41.90290
92.76618
92.27428
7.13778
80.40492
84.78116
22.92422
16.50750
95.92689
66.55494
67.31142
2.67837
72.70206
94.02262
15.62166
96.51238
99.87250
24.27525
30.92491
67.90103
72.47587
70.61401
59.83368
26.33493
49.17870
73.39576
62.40431
23.57719
44.84816
11.65589
19.81907
87.85392
6.99650
54.03272
62.14531
3.25975
99.38279
53.55886
80.68273
83.07349
35.61992
90.88461
2.82436
93.44660
66.13797
19.90111
99.32218
90.84502
32.06604
5.86701
61.30831
11.88426
82.16106
45.96343
42.62358
59.60169
87.02534
29.50271
96.69044
21.70107
24.51103
90.81183
29.28578
3.70475
12.51116
62.02463
75.69077
14.21270
88.98021
59.11683
30.95824
71.21780
50.00613
90.45758
13.68777
1.20649
9.53425
26.00499
35.58173
59.29496
76.02763
35.86116
23.56872
0.86785
72.08582
16.07217
89.41325
36.56478
82.46818
96.79954
18.76606
46.35617
29.92561
91.16833
99.94471
21.47897
9.47670
79.58642
64.58418
8.45168
31.79490
12.72370
97.97244
62.25686
76.77656
96.91895
35.29756
70.15676
25.96185
46.84706
78.33596
61.96168
47.74179
84.25302
56.15407
74.27927
62.47872
79.01522
10.14734
16.57326
56.26810
64.63320
38.32109
24.35457
51.50021
4.18344
28.40942
27.90640
83.19939
96.98570
28.37903
57.56438
35.78416
9.49280
13.91144
2.14664
46.52779
27.51879
26.58723
16.50105
6.00597
81.18111
85.19411
15.83116
75.34013
23.52035
84.80068
58.03007
3.18611
42.71299
88.14579
91.71727
46.52369
58.97282
25.67123
84.44694
11.79161
20.31015
65.90292
91.19593
7.21842
78.51573
98.12875
95.95761
44.99130
43.65888
71.15938
20.41035
57.16035
4.38512
79.74704
92.64718
87.29154
22.93876
73.42994
96.88236
86.78782
7.08372
14.40332
66.59226
51.12678
61.52792
81.53633
36.01081
60.27621
99.45689
4.58695
60.86130
30.67942
66.13442
98.14837
88.87425
11.69064
27.55057
64.04009
58.17153
56.85653
86.02286
0.23378
54.02110
80.11085
32.62786
35.67073
90.56288
30.65271
57.21498
61.34163
8.08774
8.23819
80.67031
74.11914
82.08791
56.01125
81.30219
98.50062
50.32088
86.73575
62.65647
91.35950
43.74291
61.63978
66.96986
66.17617
16.04182
45.13795
15.60156
99.43624
64.79545
75.18324
83.94313
84.67388
80.30705
25.48686
39.91596
63.75948
90.39258
21.18322
44.58436
31.60253
10.71644
68.20016
62.05931
47.94781
6.39010
60.71321
47.25472
74.37697
60.41582
98.07650
71.47522
19.17171
72.28179
50.88535
61.06830
86.94672
97.73091
43.76875
59.18434
71.83447
10.17322
85.08721
12.75090
44.02189
95.80482
73.26508
25.59409
8.57434
78.20431
4.25134
66.95532
12.98411
45.52642
71.70245
1.68881
66.64969
49.67375
66.00232
71.19600
64.75021
7.10942
14.44678
7.67494
53.95863
93.71725
48.70347
82.26013
15.52872
78.49107
94.24217
61.68543
76.52754
92.05154
2.72246
43.24952
2.60112
0.92781
83.90303
31.32590
11.85143
26.47049
37.64060
61.95802
49.82781
64.38257
91.24455
99.98335
77.36200
67.81637
16.43278
5.10135
71.07670
59.08792
68.22986
96.95773
39.70117
27.24512
17.78726
63.02532
87.51426
7.65966
30.10401
19.70128
91.40473
28.52173
86.65984
96.56939
41.31908
31.75637
6.79720
62.71791
37.34255
27.91618
43.54704
15.61496
20.39398
98.89449
64.13390
40.97360
8.75628
35.30180
34.81389
52.95179
86.23408
91.96409
1.31254
84.53464
69.85739
73.90721
87.62902
45.25136
98.52555
42.74537
29.34419
22.10936
54.48818
30.93514
19.57155
94.28455
91.38818
27.99009
17.34589
55.06220
10.25744
32.05995
91.27942
26.04483
99.34933
91.13333
58.68065
38.53346
90.14044
62.15966
71.02082
62.80427
35.62029
88.25278
26.14811
35.35519
87.75421
98.11922
72.17793
44.70745
49.68640
11.57064
29.70186
20.78674
8.92634
87.76794
43.13532
85.25046
27.20997
31.47752
75.60110
97.77967
8.17756
44.90215
17.32228
18.74136
17.09785
88.05541
35.15976
24.59502
52.19009
37.80721
78.37837
74.56595
47.62517
25.36799
31.78535
11.11685
30.78735
9.97271
38.64474
96.55120
78.97588
63.42186
4.93934
98.37719
41.89013
40.75403
98.14145
36.26759
75.46375
49.70362
34.01429
70.62542
75.57457
11.38560
33.32378
84.36757
45.10767
67.66739
37.68923
4.69995
55.35985
22.50983
62.44303
89.72644
42.51176
56.37470
86.42682
72.64158
15.57978
69.53317
92.45122
7.22822
16.69055
83.65924
46.28422
64.86449
81.66789
22.58825
26.53131
19.35892
91.62923
39.58478
77.77287
70.40249
44.94950
68.46564
7.21514
3.82715
78.49243
38.32169
41.07472
65.30548
67.10059
18.46494
11.77358
46.52533
89.50532
56.83479
13.46558
22.19855
21.85906
18.19390
37.65522
47.84462
28.93600
49.59551
84.95860
69.29690
70.92102
23.27139
15.10624
86.66521
70.38352
3.23098
57.92780
63.42911
26.15952
29.31674
35.76156
72.15474
89.60678
83.29548
4.42811
9.46495
2.39129
22.90244
16.53953
40.36010
19.22037
4.04206
14.63882
17.89937
14.26695
33.94848
65.17205
2.78851
70.34929
71.97232
52.81706
23.55762
84.76404
13.43471
17.06695
70.43468
27.96409
6.38219
23.00286
35.65217
33.19194
31.72653
26.41362
83.80193
91.38971
62.31944
49.17861
30.50652
4.14385
73.66112
76.99652
14.05418
79.04219
84.17990
50.79486
21.88524
36.36793
13.85180
23.93351
27.68967
42.97566
89.32473
92.10238
8.47156
94.25002
26.13196
30.40828
8.00056
33.10955
17.37627
55.03783
51.65158
54.83594
78.92305
29.68011
26.19461
57.67770
83.27970
55.42162
22.13886
32.94024
77.34794
90.54015
58.02418
95.41536
55.53129
45.51571
72.66123
46.84278
68.91417
69.69093
46.78621
60.31022
69.54233
92.26453
1.79549
63.35258
15.59412
78.51250
37.22726
96.54366
2.92927
57.99202
10.61733
83.85129
64.31692
95.47994
23.95195
20.13653
10.42798
97.88381
75.99369
59.42893
92.94827
61.44694
13.81552
86.29802
68.96484
80.06984
77.19523
16.54501
36.88359
89.59905
42.94825
96.72213
40.08298
14.89789
29.48359
37.42892
57.47298
71.74062
29.54806
63.00635
60.46180
82.71201
11.29085
13.21808
33.95903
23.94044
11.87688
69.85808
83.84109
75.80751
54.98230
36.51658
59.33877
37.34630
13.96954
56.27111
69.82930
97.87694
56.56704
1.10719
4.69896
36.24317
90.48966
23.22904
31.85960
60.99001
25.82739
9.45541
24.90422
85.49275
87.33002
4.18849
19.94045
51.16801
70.62701
70.58662
71.91194
59.77969
81.53522
25.46384
87.64625
78.84018
44.14086
14.80464
10.82873
63.74649
7.48980
35.82168
3.85539
51.28284
27.68314
86.34722
38.71360
22.33172
82.61969
62.95611
53.03641
29.48654
78.90691
76.74914
23.06027
8.73540
56.81141
87.59998
34.30390
48.31533
62.79872
21.27783
44.41313
39.53328
78.35542
4.06330
9.58881
23.32127
63.50981
49.24860
54.20689
64.76097
96.46694
91.96533
91.70514
10.39873
99.90590
31.43992
15.17997
27.39651
88.78315
26.24582
42.44452
28.20216
72.21151
74.74498
5.32141
99.77611
6.60757
77.71632
68.21685
77.40005
82.16449
12.33780
39.03977
60.85699
25.77498
96.41464
7.14773
46.61893
96.46812
5.71121
38.83435
76.87191
62.63742
88.00781
49.48738
87.70936
95.04605
43.23889
29.79014
35.44697
6.60370
68.95361
47.02601
10.45095
79.23014
95.92325
93.40972
9.44190
54.63893
60.53412
80.24275
15.66900
56.85396
96.36140
46.88967
19.88392
56.39715
77.32923
54.75953
30.20032
12.13520
96.90065
10.02322
53.65347
6.36872
67.91463
68.62390
75.51084
78.89907
3.10438
61.16441
56.90126
27.90234
28.13903
93.49351
26.56144
50.79255
27.96698
16.07012
2.08185
31.20647
24.99954
83.27726
0.00817
78.00871
60.38803
86.02488
36.29021
88.24255
61.54898
75.09131
84.29753
5.58126
16.89437
71.68179
93.87136
67.68261
51.18564
66.13507
58.54472
53.05088
87.68142
41.28564
37.95978
43.68124
40.60442
71.88416
23.51630
43.31791
25.21862
77.84645
20.49047
14.85025
73.23531
44.98053
96.51609
16.64793
45.88767
68.91727
5.19514
35.57432
68.21433
91.97998
31.60062
49.43130
5.69324
32.54402
57.82251
79.08720
89.08755
19.55298
95.43986
74.93736
27.71806
28.88372
83.08238
82.64574
80.89512
76.66353
19.86637
4.47330
66.48559
40.45280
28.87137
60.96944
57.51627
47.73572
37.99288
56.97815
98.83352
20.66489
51.29996
96.00039
91.06167
80.07251
80.80729
53.02468
2.56990
66.70949
58.61400
13.15598
9.62266
42.24421
36.90808
36.90128
71.99452
45.93735
2.69573
49.38962
47.44001
76.69294
79.54896
22.40104
10.61276
38.30101
36.38467
51.18138
44.73514
82.84286
48.54560
30.33203
25.40789
38.23268
51.67404
24.26050
46.79623
19.52846
6.06088
82.76936
38.35744
93.73412
63.79375
99.73390
29.36528
4.98418
83.79489
60.28137
23.93796
72.61144
22.28301
16.33544
70.21795
95.89612
78.45535
97.23711
96.99962
60.51756
38.23735
28.83040
45.87610
54.37730
91.91146
22.67318
0.05093
68.33274
89.74228
32.80803
14.71162
32.86570
34.90500
33.92524
35.41761
40.96779
4.13846
35.99090
14.91957
37.62779
56.33047
91.82605
4.51677
6.82730
37.80221
21.02384
70.86204
52.04871
46.11745
28.21320
1.08042
8.93811
71.03390
7.98920
36.92508
52.92157
60.89175
62.39911
61.09726
53.56900
65.34423
16.84633
83.40338
89.22917
95.14578
55.10559
36.60255
59.64536
28.76206
83.98729
92.78072
29.45631
40.98346
18.15598
8.62057
82.74879
93.51712
29.56428
6.16162
13.01176
71.70758
17.10964
86.54442
44.57246
48.79652
12.14710
47.73262
21.88158
25.87283
64.95316
84.79957
58.37278
99.07781
77.15105
74.47118
17.71827
21.34725
4.05827
95.18998
48.10690
17.47773
95.46960
9.35030
50.15906
71.91854
15.13569
70.72308
54.25674
32.64946
89.99003
96.05386
36.91422
76.81463
28.22757
22.89637
18.91243
96.79043
21.50269
94.06262
35.32462
1.35112
7.97863
55.77436
61.19279
80.59868
95.37301
64.47638
49.53337
26.05226
71.98752
72.52229
68.05024
17.07351
73.91272
0.41802
88.46984
35.33285
47.15581
48.51341
77.94752
23.12277
59.98156
82.55339
93.51904
64.94620
5.12971
54.04133
14.51640
75.13340
99.34965
35.62708
23.61792
31.48329
89.55513
64.99106
33.31913
54.40830
54.76186
80.86138
81.14492
73.78886
46.47152
32.87050
29.00138
63.63401
81.30833
35.33256
8.33941
10.69283
13.18138
30.07093
46.83566
22.41927
23.83745
81.71692
82.69427
58.66697
64.09325
32.63064
83.47000
49.75408
33.84597
22.51259
15.10715
80.89561
64.11803
32.72036
17.07303
71.79216
1.97384
50.89725
58.84185
93.90479
28.50868
85.93809
37.74687
52.88148
76.52021
62.25660
92.96551
60.67529
93.35932
74.02331
61.88545
18.81051
39.87353
2.56816
21.53141
25.46089
35.67207
87.09782
69.34521
16.75978
91.19140
32.63752
2.20166
89.22183
5.17914
88.99520
27.45005
11.62992
11.14981
61.89820
22.23561
65.02858
18.83099
93.19158
52.87131
51.51941
12.49701
47.32702
36.59677
43.69838
78.24559
54.33871
4.21790
40.53571
30.93163
81.36931
64.48300
21.84986
6.93393
15.59766
98.57379
87.16866
56.52839
59.19524
13.09547
7.45353
62.43577
41.35106
70.21075
9.54740
85.92749
12.13297
18.67044
19.99595
15.72301
13.84131
53.04900
75.28482
70.55505
48.38921
17.64413
85.72619
14.95233
12.59377
46.05136
53.66084
64.26933
74.05713
83.28680
44.82622
9.85343
24.43320
81.88205
19.39714
57.09386
63.14066
41.87210
76.51493
39.18596
46.24965
9.59347
84.21211
12.28561
58.92857
4.26276
84.38767
58.54132
48.84115
30.92375
71.11564
17.04046
18.95807
78.15045
77.73561
2.41317
76.25584
2.83298
61.08674
69.19889
15.51556
14.18920
55.02532
61.71713
46.53191
63.00226
25.88282
51.81206
31.99193
79.65368
29.75912
4.26912
12.32793
50.77044
92.35600
94.15419
89.22450
37.68383
13.97132
88.38259
4.64186
23.31622
59.05018
87.53180
84.09678
66.77850
88.66143
22.60786
27.00072
20.19530
15.35709
81.29138
54.87872
76.70786
19.91450
66.57253
87.81822
85.77967
86.31462
76.81927
50.37857
42.93505
3.66560
72.25504
89.04549
79.24662
34.08075
73.52353
80.76785
34.16984
34.75207
55.19819
22.75722
15.99507
95.74719
32.54432
65.31386
62.42234
99.40095
91.17930
73.64475
91.18198
36.38604
55.73409
3.27641
83.53645
93.17547
1.53980
35.63469
36.48295
72.00144
74.03074
13.09178
72.58315
47.59164
16.92582
66.67984
40.53809
53.21106
34.22276
70.55829
6.90427
37.69755
91.70243
93.64855
75.42941
43.97516
79.98756
64.16845
12.64813
38.93723
12.86767
20.40393
87.23534
22.29117
42.32821
53.98667
65.85363
86.41219
63.63167
48.34874
63.49909
86.30529
12.56736
93.64980
51.85093
3.10306
1.97935
9.23789
59.45204
55.43820
99.06172
44.81898
20.21380
84.14918
4.68003
41.67576
24.59317
77.09738
71.47729
56.78160
7.12441
82.13101
56.12107
0.09521
45.44155
10.23247
25.80237
41.82016
27.89734
19.41753
45.39584
8.71304
3.37640
72.79588
3.63240
99.45588
90.28912
74.19064
86.75773
20.76225
52.77338
60.13355
66.49305
53.47629
12.87552
91.31477
60.34368
29.58144
34.90607
10.24972
1.86142
46.61264
71.68078
1.35288
18.05527
17.37351
14.30586
57.28506
13.65866
37.43059
87.56600
20.22028
3.86721
46.94594
75.05139
19.76344
65.23263
47.59138
72.24810
55.22876
55.10543
59.58282
68.45566
10.11555
20.33866
95.95218
21.03666
12.14802
40.57306
77.90810
21.52992
6.65608
71.19670
69.51775
40.51140
20.42734
3.81072
28.91379
33.74541
13.75309
15.42897
52.39780
84.52348
67.21367
9.65210
72.24720
74.22846
22.62466
98.11330
64.49917
30.78266
53.29773
89.62137
11.48880
79.80031
50.42683
61.40912
80.68251
97.73450
1.78291
45.75195
93.58844
85.20252
99.82375
5.07058
93.17181
38.68127
0.68975
72.82356
44.99061
2.79343
24.55090
87.80544
25.65776
99.07612
18.55889
33.55052
79.73166
49.42012
39.19342
68.12386
92.18575
41.98450
84.27443
20.61701
23.38228
13.65263
7.69147
97.39998
4.89229
16.63432
40.23992
33.20677
64.90726
29.47570
6.13687
78.46958
98.77613
64.49616
32.74584
31.82348
65.66629
82.79375
72.40405
58.49883
98.37599
67.67106
14.47284
19.75262
3.95525
63.43056
73.69346
19.37537
32.61263
81.74303
39.88411
83.37139
3.83319
97.29588
73.33759
78.22722
7.21351
61.01502
41.09922
20.41598
66.45399
69.73299
55.46602
44.38535
31.16605
86.98202
96.81081
26.16217
85.73171
40.97143
17.06599
50.87852
13.26002
12.46871
38.66867
67.17109
87.40508
62.23760
72.42336
41.58369
89.00811
28.28426
27.30998
22.33641
73.30765
68.62399
13.97471
87.86546
89.30693
44.43533
64.58161
57.57606
93.81635
26.63402
47.40338
99.77605
97.29183
93.41647
39.47720
42.28442
95.00844
80.47733
66.67489
3.08747
79.53011
37.10336
42.38767
97.78829
12.56460
93.39511
33.35652
29.14295
81.88102
46.66507
61.20476
34.93106
4.52917
67.88958
41.21043
18.20598
17.82435
50.31052
21.20661
30.96914
85.27762
19.29653
91.72955
74.63593
17.61815
48.85927
19.35415
49.50279
99.86687
24.82882
5.81770
21.86261
79.42746
82.32272
91.96265
65.31726
95.22321
21.85653
71.25818
79.65838
47.64826
37.92692
49.34281
76.80138
12.53321
36.25794
50.05909
59.14232
20.50046
20.40709
59.25647
23.36904
55.04857
79.19195
2.12297
40.32603
97.65046
95.68598
58.57817
80.46696
11.38645
7.69626
34.70757
99.26070
74.28608
92.33004
20.14689
52.13883
22.59429
44.33829
12.72229
26.52822
91.96447
95.94680
19.07086
67.22211
59.19224
62.64923
13.30452
90.83454
56.40867
94.74111
16.71610
57.00746
12.28998
45.94756
30.29247
28.05137
68.26025
41.44253
10.20602
49.37302
83.49176
89.89785
42.48632
51.72695
68.96345
83.71888
85.01654
49.48304
1.24737
27.98497
47.12921
83.13219
31.62678
86.04777
84.54851
3.52387
52.17354
83.86967
94.73712
83.15910
70.78786
81.85769
41.39836
22.18707
76.76053
58.93506
56.95130
55.01709
42.41865
15.13305
99.98954
72.88369
71.22342
86.89444
79.85081
97.06212
48.51062
9.41137
55.16925
72.05297
11.79455
12.11263
1.29185
39.41330
66.48964
7.44531
29.16620
43.21602
99.14131
44.08500
24.59181
1.39131
14.80402
28.21355
79.84264
66.68998
2.07629
98.86105
61.18509
56.47097
73.87838
69.87481
85.81373
88.88510
23.54801
63.99425
21.70910
6.36259
38.49747
84.85706
22.02781
81.53989
81.53584
91.07253
93.22785
81.70205
98.28456
71.09649
88.84850
73.04533
17.61613
5.64356
47.05111
59.80727
36.49150
83.08276
74.89357
36.07081
37.94245
98.18075
81.78710
95.90350
66.24507
33.52860
9.16227
35.26278
41.43288
4.84326
48.72004
37.79712
86.41960
42.82616
22.22219
10.45135
24.14289
59.94379
64.55145
76.25742
24.04974
7.95045
69.47787
90.80688
28.58206
75.45584
35.81155
29.38858
67.17766
18.03831
76.05299
7.46689
23.01230
69.55503
93.48718
94.10382
36.01245
74.49719
71.15220
12.58378
50.38772
94.50880
38.68209
72.76779
17.05994
9.29925
99.54825
62.95314
13.68935
53.40082
1.45641
72.27864
2.93800
3.13736
74.18030
75.93246
67.85330
84.18203
1.79837
80.89478
51.60870
99.24034
8.66793
52.19660
24.76424
41.82240
96.53585
5.37423
15.86240
74.80449
86.68242
87.05784
43.78094
38.29053
62.41875
0.56201
19.31258
76.21555
65.39798
36.61674
89.52002
25.78642
3.90779
39.20736
74.01169
99.89289
38.08695
43.98067
86.31226
88.15934
58.11418
81.15689
49.90059
92.67100
46.39325
14.22140
99.90306
16.49366
8.06755
81.85041
58.01354
51.58900
51.80381
9.70403
23.29721
59.98588
82.68497
4.51776
83.77524
33.44374
73.85102
59.08526
67.30572
62.63714
95.43802
87.91251
64.58549
26.85795
80.78762
28.61947
18.47194
12.38982
9.16074
97.89801
98.01409
99.51770
87.69523
28.24050
54.26868
96.96703
99.27221
98.50974
82.94120
46.75335
43.84496
59.26898
14.34596
91.63360
20.48695
94.00199
31.18301
21.83824
84.42219
69.09367
67.64457
2.77854
26.95709
25.60968
5.51385
82.85545
64.40879
5.20272
76.42750
28.83331
15.68974
3.18127
90.92333
54.70103
1.57548
17.46270
43.23840
38.60525
92.15291
47.20659
37.78748
6.56657
9.65657
33.43449
26.37562
47.53647
98.55602
48.90934
70.19520
97.50235
13.00226
72.30317
82.77127
77.86324
19.19772
83.19949
96.31624
12.55286
87.26135
16.54987
18.86385
75.99135
15.92715
62.02014
92.81612
98.27914
0.20026
62.23793
83.90060
91.52899
8.33554
58.02394
8.47691
34.44465
27.45481
12.28259
33.34308
45.37159
75.89793
32.83368
26.17621
98.41086
93.73254
36.46018
43.06959
46.20312
96.86266
92.75720
22.44712
35.40359
47.58957
35.80324
44.37905
12.19404
69.62575
73.57754
68.68678
49.28742
86.02119
99.38089
3.46489
9.49601
93.95034
23.07328
0.39692
67.50417
9.51457
86.67822
29.72351
17.78577
23.13615
4.84958
96.88619
66.44839
90.23647
47.01023
19.92470
87.75095
33.88083
38.37937
87.42681
66.07395
18.31557
5.07776
73.79719
17.46399
34.48948
46.23651
55.09280
98.60748
18.87717
89.06930
90.06278
79.18414
30.72666
97.90533
12.54000
78.08739
74.62186
4.68351
59.92808
37.74330
25.05792
42.90014
23.33974
54.17323
82.93747
97.35490
3.29602
79.23300
35.29079
53.09607
63.40000
18.17595
1.03631
15.96232
93.18654
18.77807
95.82371
7.10381
76.16851
80.57371
36.75200
28.97081
26.86044
88.42652
98.91056
46.18748
65.74667
68.54836
70.43852
2.80581
44.18542
60.31746
76.48994
33.66935
2.27283
51.48283
61.55485
18.26499
65.83173
57.91955
12.59606
90.73359
72.75533
27.63649
73.33540
8.06078
23.66346
87.35405
61.90530
92.94227
13.91436
53.21634
69.87452
46.30234
32.21052
41.86572
12.22126
97.58025
13.89380
78.74241
11.72577
53.38712
72.31234
35.99047
86.75780
15.75942
60.91004
72.35841
59.78483
54.39382
12.92448
64.57937
64.07680
72.60181
93.05597
22.07717
63.66532
22.71146
1.73100
81.37984
73.32038
10.88092
41.12378
75.29651
32.66512
5.39750
6.39153
38.57573
50.14626
23.42728
1.90129
7.55433
41.47471
93.22061
87.28957
99.27948
21.72287
97.18583
45.13180
54.30235
2.21533
9.30566
93.33755
38.65240
11.96616
61.76775
99.95852
95.15773
77.90340
41.73164
69.50986
65.31318
57.91030
2.16905
47.41539
9.76277
40.25046
13.45300
88.24041
53.75667
80.74141
80.81780
77.91807
14.89913
59.70450
6.93957
60.94322
90.49970
66.39127
45.07997
92.68968
73.76262
26.14104
10.45566
32.43023
50.67664
93.89139
15.01172
12.71919
42.39097
47.57012
10.31462
64.79883
79.48496
13.95772
1.08530
98.33315
31.67788
51.44215
55.38882
22.79760
77.27387
30.22186
96.57358
65.68290
29.38802
71.44989
49.16545
60.08783
55.12641
90.80965
14.17069
8.36007
84.79880
78.30249
38.02049
18.30675
2.42312
53.01204
73.61459
90.47043
8.93664
63.02677
38.77859
28.15837
73.75247
55.14912
20.62046
7.36612
33.98817
17.55945
77.36567
50.02182
22.43206
19.66378
86.10647
36.00021
82.94786
11.42509
17.33268
16.80153
94.46479
89.93950
4.26042
88.47646
54.93843
32.56418
59.14003
16.94449
9.41025
56.90191
5.65267
80.06491
15.88033
49.25876
78.90620
91.72201
56.76807
85.23666
76.60852
64.54521
11.15631
6.73248
35.92945
23.73237
5.48981
58.15516
6.39893
16.07877
63.51318
51.20989
91.48940
68.20730
6.07579
41.18385
89.13218
34.25175
78.95581
14.84078
65.58317
57.65112
31.08259
83.72616
29.96302
14.14254
86.61465
33.43193
93.45696
42.90427
29.53709
68.91691
91.42346
79.52540
59.04252
52.37643
34.19512
47.76003
82.51015
91.18125
10.27864
67.97270
41.88579
20.32505
61.06431
87.40271
68.15583
89.21236
13.83850
61.13405
83.03835
99.58867
32.94470
86.86678
75.49500
75.32670
96.88528
23.58495
40.89572
39.79279
28.94509
30.98685
60.46781
97.57557
66.32506
64.47726
16.30709
55.62676
63.18366
31.76170
42.61247
1.37515
78.62404
67.23138
6.62164
87.56956
58.93352
6.00895
40.91757
60.61515
69.55892
55.91129
65.79204
15.07786
55.46102
55.40426
50.17816
51.61545
65.32755
22.89146
90.17456
61.81224
82.44822
39.39325
83.84958
24.81617
89.44352
74.65174
3.97453
27.21449
79.89970
52.20624
55.98422
19.38576
7.59549
57.61557
44.06777
38.59356
83.10125
95.09860
90.48168
70.13213
12.78505
31.30285
27.74566
14.72557
12.50282
69.64631
33.08392
18.44680
31.89242
43.92776
48.76859
89.31827
0.88349
58.64665
24.54184
18.94923
92.54830
21.90116
19.62244
10.39185
54.96952
5.63480
70.02372
82.79022
42.40356
95.05986
62.46929
55.60855
22.31831
77.67197
65.52679
99.77020
62.52940
27.78649
59.86648
89.27678
68.84003
8.56014
90.19689
20.80708
48.08428
5.39391
2.47824
85.18942
95.20810
52.89481
41.96159
22.43853
34.65496
56.27977
20.32496
62.73024
44.88142
40.71237
97.97499
80.20796
73.02004
55.62764
13.29837
92.44095
4.32872
10.37346
9.97525
5.62237
44.45636
46.99142
1.17103
21.84998
65.04622
18.41693
21.01674
89.26570
34.64127
56.67732
4.75878
35.59172
33.57274
94.19181
82.91764
59.22906
69.20478
8.96774
25.20772
81.14061
38.94933
59.97430
21.24941
82.76284
35.43639
80.24883
29.26012
50.46490
6.64282
48.38906
31.42618
86.52137
60.42069
50.42316
63.88862
56.86752
64.40377
55.40095
6.86063
73.09303
85.26508
38.95379
87.49609
26.17905
40.25681
6.03632
72.74549
10.68403
65.87958
20.28970
34.27224
4.67919
41.09856
87.91579
49.12128
86.73493
68.10410
91.22581
52.40857
12.62084
73.46934
18.60910
3.27854
32.50101
82.25147
89.15284
43.41316
29.00243
24.04046
84.33933
51.53439
82.91516
84.56068
27.27721
31.75390
42.97250
2.68354
92.06278
93.89905
96.41370
38.86655
3.05171
78.58516
92.43585
40.48436
84.41413
76.44443
24.69419
38.39391
58.96932
65.99114
40.40061
17.48110
36.51822
84.79692
86.99026
85.47921
21.92958
11.20783
31.26619
73.69657
84.42120
42.12273
78.68882
38.39101
89.45718
39.98571
26.72611
16.26044
99.75122
77.29819
29.79048
18.98205
23.07663
72.16761
51.83914
30.12379
60.05004
41.94331
18.89754
68.56653
23.67549
36.38210
56.39958
23.24297
68.07601
81.53005
74.12909
1.05884
49.79996
20.19340
6.43538
4.83076
49.88887
44.27651
19.95105
71.31407
27.26299
38.02314
45.78309
32.50809
79.55633
20.43145
83.20037
11.72300
97.73359
56.18555
7.62368
41.82712
57.89169
39.86175
26.85497
90.81457
13.62244
58.78635
97.02825
89.15640
46.76945
23.42012
31.42460
91.81082
22.69290
9.30461
97.52816
41.26890
86.05613
10.54633
6.71977
92.23657
72.24685
61.10577
98.80128
82.73693
85.06340
3.62619
59.42503
57.77135
4.37709
33.94740
71.53959
35.22390
41.42912
94.02114
73.99504
66.71270
46.80866
13.81675
74.00270
92.66985
88.69519
96.95011
81.63199
38.76225
17.04360
78.14258
14.03004
54.01488
0.34368
29.72043
38.67687
73.63295
53.60565
88.80923
98.14772
39.36757
16.03567
6.61456
97.07650
56.30950
66.02106
49.74835
74.54980
47.45112
4.33541
38.94728
70.25647
36.53057
89.20839
14.94347
63.78451
22.27741
14.41060
92.49331
67.53048
81.32953
29.77155
41.42113
35.50239
63.97389
71.05851
74.61788
53.42504
76.53224
52.45691
82.18590
75.10929
27.63625
92.86125
6.20174
96.94381
89.16619
30.54190
52.97077
29.59805
76.38000
41.14751
11.89837
65.02262
58.23181
34.25185
84.40318
8.81520
78.16331
71.24703
17.09846
63.20981
58.18348
71.80008
34.21636
84.92475
10.93914
49.93164
93.77577
64.00621
42.42199
54.92969
97.61354
45.24472
63.00195
93.92420
29.27453
90.14583
76.70658
44.97493
18.40952
45.90014
55.25931
42.94447
74.05986
41.81223
9.62590
52.12622
1.35526
65.14945
18.85635
60.37193
3.02083
56.49306
49.31767
35.43730
72.09280
43.63410
43.86848
58.81740
59.04569
68.60524
41.58517
74.49492
54.96911
85.93029
50.68802
83.21807
64.18337
83.94524
41.53870
12.94709
61.39414
25.88090
1.11510
15.20813
19.85581
55.59811
84.26633
93.74528
74.24574
34.29615
46.79993
57.08676
23.06407
28.61776
79.66618
25.20740
76.77666
40.45716
25.78355
13.86827
53.98124
14.69780
26.91141
56.96876
38.19448
18.09146
14.15870
84.70377
97.90253
35.54660
7.60119
90.84500
92.67721
44.90435
42.58607
77.12524
59.82814
61.27449
93.17083
58.30443
97.40669
58.53637
61.71502
73.35557
70.89396
68.95372
44.96660
56.91678
75.09482
59.24666
80.81486
6.85247
88.27252
96.22246
53.12958
59.65453
50.30872
28.96942
26.43160
56.38077
76.59314
55.33112
19.70270
27.79349
13.88861
66.23949
27.13239
95.51511
20.06291
61.17297
6.72242
57.50228
76.04485
33.44406
29.23444
92.54418
15.31033
8.82331
70.32708
44.88506
3.66289
6.17684
90.10877
97.13765
8.33280
50.91146
74.69945
37.56451
17.25175
21.34807
60.82128
21.61064
93.64724
82.88036
71.89282
29.45679
92.43204
91.06039
40.83737
49.79533
6.15216
79.50238
7.46779
86.31113
4.85955
0.10260
59.73748
55.65989
97.12546
25.49622
29.88712
37.51327
77.47957
74.84869
21.20348
72.08612
72.19657
28.35462
24.60623
85.92889
23.40549
32.60940
74.24744
54.79746
91.20901
63.94201
80.56772
11.64775
37.64049
14.34192
19.47475
65.41561
8.00503
47.70273
83.85072
29.84931
97.86996
83.06000
93.20480
26.14143
65.60911
32.74688
83.07771
47.31062
86.23116
47.01120
87.76641
48.63427
97.06430
25.18737
98.81747
43.29218
11.99105
62.13849
72.75945
26.02557
17.77194
14.49393
24.75427
79.73226
11.34441
0.96340
47.30906
19.02328
60.07187
8.06181
80.73300
56.00043
62.88852
69.57244
55.06920
79.24713
17.41138
59.88201
14.99141
85.70290
71.10929
7.75214
78.92928
68.62250
43.80294
78.99633
49.45492
47.43592
16.65022
67.79408
9.31590
56.19924
51.78129
73.13247
7.50282
27.78469
37.34670
58.53480
10.86465
32.51295
35.33188
20.48637
82.35619
98.89735
16.43005
39.11514
45.39688
23.22037
39.58869
55.81351
82.70498
28.12058
11.58884
18.20378
88.83017
61.48657
31.67894
31.89050
48.32815
6.81862
98.58971
20.74765
69.18121
87.12898
71.12449
69.62610
59.80054
87.31878
73.92458
28.61215
81.51771
64.55127
18.32912
67.74428
77.99033
61.59437
75.62970
29.24441
78.75410
30.27715
36.30877
40.84063
1.75409
33.72107
47.89595
26.86646
85.54262
70.14006
19.47185
11.21850
99.81531
52.79653
13.98225
55.06134
96.14865
11.33030
9.94609
55.30655
16.88412
24.83012
17.41218
42.20074
95.52390
11.27088
54.46783
47.96302
91.68886
52.50587
72.10950
47.73767
0.13651
1.25225
61.24020
4.65837
32.14160
67.98363
8.91202
21.25884
57.53646
67.65919
41.42205
88.16704
66.92685
84.83581
25.73386
25.03845
21.58139
56.88350
22.96102
79.59635
90.76039
26.95043
2.06421
40.12377
86.33550
65.85184
56.68714
8.17965
58.99525
67.98659
97.58710
71.80479
29.63118
62.68523
20.92833
23.69846
58.85470
84.42680
18.23635
66.13153
24.51235
36.37330
19.63997
72.55639
2.10929
81.20086
57.95639
35.76462
68.66362
13.48768
4.05615
20.02070
72.69352
56.04161
9.56747
82.79412
97.66838
28.66650
33.27731
15.66046
13.45111
99.36060
67.20438
43.57075
95.12653
94.61257
78.15247
18.91238
4.78267
38.32364
88.59828
10.61785
27.65511
29.82738
41.61914
45.06584
11.95905
4.68467
8.38192
60.37102
84.32316
23.55616
88.29557
44.97129
57.15045
98.20482
64.52816
67.07635
8.07816
10.49972
3.81065
37.99450
65.47580
56.78368
77.35732
35.91015
29.41035
36.90904
34.02911
17.42974
35.94584
33.31920
3.50634
96.07982
59.90205
78.93353
29.50324
53.72437
48.46526
38.67010
67.11445
50.13847
6.73483
38.25897
59.93440
89.98732
93.57626
1.97246
82.74395
36.30562
5.17291
50.05280
9.84172
90.31128
44.97459
69.88390
27.72426
30.17473
86.86303
27.53250
59.11420
73.80230
60.52548
65.05803
71.91129
32.00636
36.29511
91.51668
15.67223
80.35956
18.11777
74.73649
49.84844
46.08730
77.13116
70.88979
96.21236
27.89880
76.75268
89.06668
12.12396
73.10104
37.92252
75.34443
62.48376
97.79343
48.02732
3.19817
96.07442
58.67723
39.49007
88.15927
95.74003
91.95674
79.71934
41.14027
20.91478
73.65906
70.31820
37.64155
70.67050
82.63868
26.36198
27.36065
37.14070
53.01072
88.57231
65.89667
75.12134
41.56286
15.80158
12.13160
5.26700
62.86655
87.60238
0.05003
1.99851
42.85169
96.31138
81.93955
45.26281
65.84291
21.73144
74.85715
34.94720
72.08020
69.98564
92.00488
17.30531
36.64206
11.58822
1.22813
38.85481
36.35277
9.36963
23.99970
67.90709
16.74306
86.48484
30.77241
89.09209
25.41294
39.61091
15.17631
41.36867
79.08690
18.64459
4.44842
90.88361
29.65280
14.87360
83.22888
56.09083
3.73750
77.62994
11.50485
7.84500
15.27551
0.62681
8.42919
92.39743
34.88488
74.98596
83.48059
46.12785
70.13356
75.33254
16.37866
58.02767
24.85885
60.00162
33.86839
21.66274
50.21613
52.26847
14.26710
87.49742
58.81190
92.15581
92.20547
37.96207
65.58766
81.00305
22.88825
39.72327
48.23604
40.74147
74.03052
8.40586
67.69181
51.55594
19.67097
52.76077
48.04675
8.69088
72.37476
46.68783
46.97141
84.72750
32.11797
88.54357
24.34970
11.73468
40.79824
64.93805
30.80539
37.46492
52.16819
66.14936
49.31159
28.31049
97.70946
24.69393
4.55986
29.41144
12.49254
94.99047
83.03774
46.21362
46.96430
49.77126
87.01169
72.32449
53.67299
43.16602
15.09977
34.57965
45.35118
90.02838
53.25028
23.87842
7.65393
67.72644
46.42530
27.63105
20.88160
84.10891
29.40967
56.86427
75.99960
5.19854
3.38464
88.96697
50.18827
86.34595
79.04307
5.35598
36.34920
65.23455
30.91136
7.96842
57.07026
71.02749
55.02468
46.52493
30.31999
3.27952
48.92977
12.11257
6.94367
63.50217
48.06022
74.32130
98.49770
50.96563
17.20978
74.60293
83.26239
75.46867
23.99312
26.38418
34.40601
96.38654
2.57231
36.48751
65.53578
25.34369
41.32296
23.46659
63.03733
68.60834
62.12184
54.89431
52.56300
6.37632
33.53657
91.24381
16.09068
12.60770
15.93326
21.41839
79.98887
95.50334
0.09605
37.51550
57.74872
34.80949
86.76167
42.22360
79.27713
94.16161
1.04201
30.49381
2.96719
67.98125
27.45737
53.70449
27.13641
33.35949
95.69120
85.95666
0.19216
33.32727
64.83053
84.54477
69.83394
25.49577
54.18078
74.94811
52.82601
10.18177
85.27885
45.09206
11.94614
14.39264
51.79652
95.78112
90.32461
43.73397
67.85634
28.37347
26.26142
0.25070
8.06073
75.86338
10.48717
70.45550
15.48920
98.69804
61.56063
36.94588
5.13573
32.11200
37.49011
82.85209
87.60975
25.97660
21.43003
9.26641
84.03347
7.70388
14.90357
34.21388
93.59736
0.11631
43.23792
61.29945
42.33812
49.62479
21.97785
65.38632
25.43415
94.22160
4.61147
92.75650
68.65306
50.33992
32.30216
79.91910
74.79744
83.86373
91.57573
91.78528
84.35414
41.59590
94.57451
41.37601
53.73851
66.93926
94.83262
7.54686
85.28602
31.18528
68.30391
37.28012
97.87190
12.27911
95.74383
61.16712
77.03434
73.39190
53.94309
25.18490
63.23642
39.52872
68.16208
83.85510
51.87775
22.19673
4.85312
51.65543
91.88830
43.01325
21.20072
83.41609
41.07780
26.36543
10.00054
6.39669
52.16712
49.64909
29.79422
40.78584
39.58020
44.54822
35.32834
12.65872
52.01599
4.67898
25.82447
37.30134
83.36816
73.51579
46.88492
45.69145
56.71135
29.89558
11.47468
20.45554
22.33675
22.18077
96.22687
47.51736
73.30747
41.32576
93.30070
95.44194
44.12781
53.21621
76.79878
31.81448
54.75886
89.59037
1.69681
26.51240
10.77443
72.36810
62.27569
6.37390
44.71312
36.06624
38.33729
23.69566
93.79344
10.74325
14.88849
88.97845
98.02072
34.39232
4.29086
34.51472
26.06445
4.49960
77.43387
8.33870
97.07456
81.19127
96.66332
81.53846
67.62139
61.60296
40.67390
3.40317
99.18681
4.47311
19.49295
39.29746
77.08673
98.41081
55.13068
67.60842
87.50492
67.27203
66.98054
89.47515
60.54861
35.31024
93.20475
41.94195
52.73719
29.33538
39.45063
36.98290
31.78423
23.73919
32.90870
33.29784
89.18391
16.57577
13.14303
36.12762
14.43942
71.16019
88.80400
57.58512
45.01709
49.19569
92.84494
58.94306
1.49898
98.30206
30.01612
74.86055
79.63421
4.70998
7.37281
34.31834
21.56976
6.82308
39.04012
64.13248
9.35769
82.11046
27.89376
18.19217
94.16859
75.19804
70.62175
75.32016
98.78308
55.44918
1.65440
3.01845
42.36939
76.19835
39.87292
97.47866
81.73025
57.63537
49.66257
27.00519
57.56430
60.52740
68.46592
84.16840
24.78775
97.51064
44.35040
76.78941
19.06751
2.30921
90.14031
64.96004
30.03744
6.97644
29.57142
52.56452
85.60833
90.53546
97.61881
15.95193
23.67152
20.48058
80.72779
24.54407
3.29626
92.37617
42.71480
44.98004
1.90230
65.71234
25.03055
42.69877
50.55485
97.64268
70.79178
28.57327
99.21541
50.90540
98.45821
34.98269
98.06484
76.99763
79.39700
3.70743
88.52856
74.45893
33.72171
95.75718
48.64335
10.42968
87.40755
75.34433
20.28950
58.38696
15.02739
94.06768
9.45567
50.23502
25.88950
21.85964
9.79780
80.03256
85.43362
27.50296
56.63436
70.87101
12.72364
96.46497
48.26414
50.08974
42.88300
11.50979
62.00061
44.48017
50.34680
85.39429
85.45835
30.46459
38.91028
6.81508
12.84289
50.24931
70.40976
20.87354
78.18357
38.57710
1.33906
54.26971
75.81592
4.96191
9.60252
53.11432
32.02353
59.22423
1.75259
48.28026
7.83956
91.36686
55.74440
0.96357
48.44857
39.98837
1.79303
73.67065
78.64937
67.86772
54.44704
20.86511
91.89654
2.74303
41.84323
90.52526
16.91767
45.76142
38.28898
40.76251
71.01439
64.33411
74.45689
64.04579
0.94667
22.90809
36.67684
87.60118
26.87342
3.99831
89.83708
52.08077
86.38080
67.75466
36.31419
68.57166
50.33348
34.22548
14.81114
82.16922
86.57626
25.35403
31.41136
67.61322
46.89334
21.48229
20.07921
65.91542
56.36161
53.52152
77.56644
39.79806
99.00331
59.43087
93.22875
88.86107
30.47426
83.26838
72.37526
45.68099
60.57260
46.17744
44.36379
92.37130
48.84840
48.41354
71.61512
64.11451
24.49923
90.67737
45.99501
83.45429
2.85805
6.10969
50.42309
85.20296
8.19911
73.20072
82.98970
43.66263
52.78738
83.84035
47.66117
97.28738
47.49823
18.51731
13.02020
27.36453
17.31227
8.50365
45.61254
83.73672
59.79278
48.10601
67.75649
30.84581
79.21282
69.07471
86.79274
67.44814
26.66549
45.43684
58.02886
12.70152
43.59200
11.85586
37.07778
37.50489
27.75546
37.93284
89.64459
9.66269
50.96550
99.96826
43.71122
59.61538
22.67971
71.64693
27.33260
69.82317
60.65152
2.49307
45.57133
26.26009
51.30634
96.69347
68.67242
24.39006
77.83234
20.62242
24.25961
43.66910
40.57737
26.02374
55.90934
9.41774
71.17737
67.47945
74.88040
40.48987
30.86862
66.88042
28.91932
72.64713
70.05204
79.81793
37.82513
56.26154
74.43126
13.74936
33.40749
92.91234
62.44388
46.39745
95.67551
55.67363
54.72268
67.59694
86.61406
14.32536
0.29116
43.90132
32.51094
87.34331
89.46227
20.48907
21.58070
79.27115
30.92050
26.57166
63.72323
21.03855
11.91750
95.64701
70.13353
53.99267
62.01925
2.61761
57.78324
2.84562
59.75946
19.23350
36.11439
30.97460
7.40282
30.41549
33.78410
73.22852
44.32334
66.67942
55.24005
86.57532
42.10529
79.45541
39.42003
31.62638
66.64476
88.01136
89.28907
4.76054
37.51260
15.43777
36.79398
49.16375
8.65495
52.28734
61.08044
63.15548
36.61448
73.63843
21.93148
89.54545
58.72382
64.27053
52.70157
58.86205
86.92857
26.74648
26.38776
68.99537
72.03275
18.16778
68.27774
90.16746
46.55041
17.82327
82.53528
30.55238
67.41397
56.08952
69.01972
69.16895
74.58727
66.46496
27.42301
88.49932
35.61025
17.24039
52.71227
33.78349
11.99921
1.40736
4.41036
87.12366
79.47090
50.65258
9.41288
96.70388
28.59574
18.61698
25.46436
76.74621
65.57226
52.78953
69.80732
18.33930
67.53685
83.06508
35.66330
11.11290
20.60916
48.04607
91.25023
36.68768
20.24142
58.70788
69.52337
42.04277
2.09653
0.59758
98.12565
54.98556
78.62814
46.66702
76.05931
74.67846
99.91936
38.93758
54.88300
32.72376
97.85795
17.62844
65.98534
28.57751
93.46015
85.24580
50.00761
23.23347
44.89932
26.84328
50.83134
3.08447
88.60658
67.08225
3.56928
91.45177
57.55367
92.83676
71.13314
87.49874
5.71732
33.58954
71.76870
46.44911
65.99588
3.40191
25.84670
43.55974
50.50310
59.91982
38.97219
52.87975
25.52681
42.10143
17.93579
36.12744
8.57305
78.10249
98.03195
76.58838
92.42181
84.59401
66.99339
45.28921
74.77777
22.71163
62.04573
17.04583
39.36630
25.73506
54.00738
13.26941
95.88357
19.93796
16.67542
81.77299
75.25257
80.26366
96.10634
0.74449
96.39560
65.31171
59.79637
59.82756
91.44994
87.83680
30.82498
92.38269
95.61285
65.15110
24.87558
65.70465
77.38604
37.02583
3.55336
93.57721
62.05189
59.94859
20.55697
9.45461
38.80910
87.89174
91.84395
96.41701
60.05724
35.10382
40.08000
53.46999
93.55602
64.53150
28.65234
42.74547
92.97030
89.13214
89.13959
4.24801
44.81415
25.90792
4.89877
19.69336
13.61057
37.10252
9.83643
74.39993
36.34031
27.05947
39.48898
61.55630
99.81191
12.53488
30.64653
81.38770
38.41590
96.98720
50.86824
65.85135
77.04090
65.63278
48.44836
43.75970
99.43436
73.48322
22.64197
87.56597
93.45858
58.56120
25.56884
33.86674
96.94557
6.05462
20.79565
5.88317
97.83577
82.29343
63.84014
54.44441
91.25784
18.62113
2.32959
20.30953
24.11252
92.59118
42.09383
95.52505
78.16716
79.75424
2.11921
67.94225
28.86403
64.19100
62.75129
38.78389
98.42609
51.73812
27.00601
45.60637
54.80504
45.33829
72.44317
95.41805
36.97052
48.89660
96.65920
2.49630
94.23918
6.07284
27.60202
16.69994
75.92483
26.14163
41.79587
45.19722
15.44595
56.57794
49.87497
49.48786
30.30720
69.36233
48.02864
27.67526
68.23929
34.33547
94.26638
74.20313
20.99184
8.63537
28.95012
8.29130
80.82314
14.72981
95.20890
3.23950
35.78311
99.75833
36.42021
91.30061
81.39649
94.26693
82.55802
5.52135
21.94567
74.86496
40.00901
61.71841
22.51395
39.44626
93.17512
70.41415
91.83652
80.91511
23.43565
22.43128
33.17518
92.45000
8.93536
47.26242
5.31648
10.56505
92.47740
26.74621
43.96666
70.45971
63.92680
39.47663
26.16726
26.80026
88.23491
38.23376
48.73540
99.46663
37.17642
92.53201
99.06376
76.75154
27.93973
87.21115
93.36996
65.13875
70.13962
21.63867
2.18303
56.59412
65.22607
28.45081
72.55145
45.91473
82.06267
80.60867
81.18945
83.38776
45.44006
68.65185
82.63115
11.87702
15.99223
3.22925
94.70077
23.67275
85.36344
39.10849
97.68564
41.42645
96.87338
56.74297
92.36764
31.88899
80.28731
41.13993
32.60684
98.46507
94.93262
18.88713
55.58481
24.54828
47.30849
83.86070
43.60790
50.25371
95.08012
60.73093
98.27914
36.25218
88.81598
87.40423
28.34241
97.95547
54.64782
3.78355
53.18474
19.59009
58.86077
15.02440
90.16955
14.35091
5.61342
96.61805
61.84218
17.56118
0.11543
13.90608
96.01098
88.47790
44.64110
59.00146
42.37792
96.17639
25.95233
71.00545
14.80435
28.80112
61.26628
30.96263
85.04449
7.97031
78.61908
63.14475
57.35966
72.53064
29.79849
24.04891
32.14202
94.80143
79.70086
5.96768
58.11519
31.15915
53.72229
31.63825
99.21826
43.72483
59.10031
61.96116
5.93092
2.04764
14.52188
32.22207
22.13721
32.69033
72.38882
90.60004
80.96104
12.33302
48.62779
74.95984
3.56093
29.35604
41.15127
26.14939
47.38915
90.77625
68.91516
27.59344
94.17196
47.57171
0.55381
66.60410
33.76927
97.18408
86.02863
41.04151
39.79541
72.87093
80.42544
77.39604
60.93312
18.97631
20.61526
19.07496
52.42708
29.00350
24.18323
57.75999
94.91652
21.61051
86.25293
92.22931
77.92636
35.35759
95.66907
88.18103
38.61771
89.38462
53.47758
31.32779
26.93595
99.36016
48.63433
25.77295
67.17001
1.58088
64.98013
45.55602
44.71219
73.55438
95.14367
80.23780
83.98771
83.54661
73.66711
22.18867
81.92128
82.50060
98.42514
41.68168
43.11560
72.91537
99.80003
26.94896
56.66121
93.25558
63.35357
30.98040
80.09260
29.64387
28.55094
5.51262
9.77084
39.66550
98.42953
29.30366
14.74240
87.25381
71.13334
49.06544
19.20594
64.10563
8.40498
59.09685
95.02980
50.54609
53.23832
12.71125
76.52895
52.95357
13.92020
77.48258
63.03830
2.43707
66.36064
42.20187
80.16765
20.36200
86.59883
61.09263
68.46639
13.53614
37.85030
34.28052
87.04680
80.55156
38.02590
12.37228
3.78499
86.09861
10.68700
53.85969
51.98165
89.45081
40.98408
9.62189
91.11254
50.97566
96.42392
14.40135
18.46570
60.21732
30.29868
8.55951
76.65014
78.47324
84.41048
78.13696
8.76829
41.90562
56.75944
34.64901
38.49831
29.98941
74.44436
31.98860
42.89245
43.72120
61.78932
87.68780
11.69613
89.36610
58.92026
4.28567
21.01532
99.81853
44.37409
35.65609
57.78069
43.07327
36.56433
82.59607
17.83053
47.91715
81.17565
52.17923
36.19053
78.23081
78.15628
86.03782
45.53568
19.82683
45.46314
29.19483
23.56930
61.49418
69.40472
7.66650
95.91526
14.15409
90.65843
74.24940
82.88211
92.21015
27.35206
6.80445
54.35048
60.93165
9.62522
0.32510
99.59667
54.36906
42.02889
42.27134
22.62232
51.18263
25.92952
0.69183
42.70899
89.34275
67.62464
32.00416
70.90152
66.68769
14.18285
15.10693
86.05690
99.46736
66.36522
78.50793
13.45633
5.65472
68.74026
72.31817
17.43899
11.31740
91.71190
65.24878
36.18078
5.90503
76.09591
90.47318
70.79898
62.21107
96.26998
3.02602
89.73287
42.67337
78.04464
29.80347
46.09250
14.75034
26.91111
79.41252
71.63679
28.39852
46.51560
19.47397
60.87805
7.74531
57.32571
80.48187
58.56378
80.52234
11.71235
38.29070
11.84381
67.70634
30.30373
44.29821
6.22392
79.91539
5.26509
80.14955
97.47914
68.88326
47.69082
76.92493
1.50458
54.32778
40.92205
70.04200
81.25686
26.97238
70.15518
1.66368
1.76882
25.05503
20.97857
24.65955
92.85258
25.46948
92.51452
94.89399
56.14631
81.96209
64.78188
16.68659
92.87397
42.04036
91.49374
8.37669
10.26271
72.53056
12.37299
46.64339
16.01217
47.79892
64.41896
8.77167
98.57077
72.82033
75.58588
14.21836
63.51989
62.33774
90.76446
6.47807
44.75879
73.47408
24.42812
80.24833
19.72478
77.76904
98.59618
18.73233
61.03226
33.51577
71.30519
54.37995
71.10225
6.57891
57.32524
12.67579
39.56265
4.16302
25.23189
47.20220
57.62628
95.81991
88.91290
13.82028
62.13595
42.52872
23.55244
70.17618
72.27933
8.44651
42.02179
20.19772
29.34278
94.52534
81.08097
55.66184
59.61657
79.19732
0.75186
50.86732
63.81269
12.99926
34.09057
8.22345
72.02836
99.91573
61.01950
38.29242
12.51272
71.74873
8.43573
88.76218
55.88566
71.93692
73.45205
5.24616
94.08538
20.74377
41.72057
27.10935
47.06778
38.84058
7.96004
23.31016
84.15291
36.02953
75.62145
41.31698
88.46914
44.83789
3.28856
35.92693
25.08219
93.67221
27.22880
17.86366
58.73564
86.78732
18.63275
59.89678
51.73902
56.29186
24.26638
85.54454
51.76860
94.68564
93.89035
67.48788
61.51492
85.75094
98.82253
59.98545
93.30905
98.01496
36.40232
87.12074
21.93689
8.07826
99.28808
28.88982
21.09477
28.83061
99.58854
10.93032
97.25401
79.67638
8.59646
49.12624
47.26287
43.27945
86.04563
94.45768
6.35022
3.54791
94.52931
52.42733
15.59447
35.84286
67.36281
25.93458
29.61873
43.62818
90.98558
96.92789
46.38897
9.87395
89.15192
73.04704
28.87322
55.40907
94.90053
20.23553
93.45336
28.14730
94.25757
82.04468
72.67289
88.26197
3.78859
96.82369
92.72791
8.59717
14.06547
37.01828
75.83829
20.95505
60.12058
46.44989
26.62725
20.14800
87.54655
30.48209
28.06650
32.40313
25.38959
72.13357
49.87165
28.99214
17.10909
24.78363
45.71566
85.58656
20.45659
72.20102
66.11711
65.83199
4.68221
80.60914
26.91469
42.54702
26.35246
30.78216
64.84676
35.11483
96.63557
84.96539
13.16529
65.41733
96.44030
32.14393
96.21636
8.65289
94.24206
40.27404
32.51186
66.90766
97.60660
25.00559
9.54149
95.90421
8.75598
54.01516
37.81612
16.46147
92.73143
47.79588
85.51957
8.81011
86.42279
98.44379
90.57490
55.90847
31.36087
77.02576
89.64975
40.95555
47.64458
61.18929
20.91859
51.32669
70.16588
65.74144
44.94626
67.78184
50.78308
11.46410
30.15259
9.22130
29.12329
29.23216
6.29620
5.43428
29.74406
63.01957
83.36144
94.06049
11.52230
70.33150
68.81445
38.03783
86.23556
30.50930
32.89769
84.59654
14.62410
22.14004
91.89027
72.44186
73.28139
57.53773
86.20345
50.30014
73.42494
83.08652
57.17054
31.72636
22.23870
51.25077
19.78732
29.57219
83.30680
72.20542
54.73555
79.11133
21.27415
41.47079
24.77168
79.05766
83.57230
5.03562
17.75679
39.20589
36.11545
0.53328
31.82049
59.38173
8.32846
91.69665
22.25674
40.65212
36.79919
68.03900
39.21902
55.25918
78.41387
38.64145
51.14873
43.89147
32.61096
44.83821
62.74986
9.25292
28.34225
95.07851
86.54775
19.77204
40.77302
94.21634
16.15680
48.28224
64.12187
62.01045
97.48455
84.38065
76.66901
11.66299
2.75937
56.34089
7.14821
96.37606
8.86599
18.75835
57.63140
2.78348
6.27495
12.87073
3.68269
49.86250
75.03196
2.73207
88.18508
10.73057
57.82752
16.35384
16.25469
24.18955
29.39693
21.11764
54.70658
32.22946
20.77061
50.87503
16.48554
13.56335
15.48031
58.48401
0.20472
62.90603
70.26731
81.40445
40.64404
46.23488
81.65060
25.58282
63.43486
51.74420
70.53223
55.99475
85.70691
50.82091
96.96053
4.76242
0.92867
21.13513
40.17841
14.00589
9.64064
45.45312
57.74296
67.44956
5.22299
67.18237
23.99531
12.90814
64.05278
14.19003
1.20015
42.41467
22.35484
12.44060
95.00592
18.87555
23.08787
77.91826
17.33660
45.12067
36.25160
46.88759
28.91412
93.85569
19.30462
12.48446
13.97187
14.09146
76.92062
83.02254
13.92727
73.44348
43.23737
31.51270
30.19230
34.66301
11.88063
95.04476
21.35773
86.52743
34.97048
92.49844
63.90588
52.96847
59.10458
67.00358
35.53606
62.41040
52.43736
69.64636
17.58490
54.11726
20.64128
18.36202
23.85387
85.39643
20.45184
52.80441
18.46659
2.13028
24.61534
36.64416
76.65480
0.23076
8.39371
31.31135
56.31894
63.22301
51.24000
39.62802
60.06877
35.16172
14.28732
33.88110
84.74854
59.38443
70.67626
60.19331
57.56833
40.54051
80.47285
95.33891
87.90111
39.60037
47.16371
37.63672
20.57228
9.70045
55.38985
46.54915
8.12974
72.24532
72.72154
20.41572
63.59751
85.23355
47.96210
91.04015
26.17222
74.39958
24.95506
50.37108
66.40296
28.92340
0.11283
49.49886
73.98016
49.03099
8.07612
2.73294
12.48857
81.12788
77.29948
75.14244
59.79461
52.83233
28.06532
87.72567
19.83040
82.78642
93.62857
83.70864
29.61563
97.23429
33.67581
33.96900
77.17985
98.48019
46.84186
83.23301
51.74600
59.38652
39.51922
76.26445
97.02531
59.91204
47.09449
37.86682
17.89766
51.29541
30.36221
86.59263
44.83406
56.29701
58.33915
57.63961
80.65421
6.77762
29.53348
44.31274
15.90328
62.97262
81.60220
5.52977
82.76896
29.84410
65.71862
4.61374
99.09238
55.06588
20.35906
84.90314
98.83458
67.44775
97.02178
12.60357
82.53472
78.68480
95.42629
45.68083
34.57234
89.95451
39.53114
67.52771
98.12733
76.22784
28.51967
93.55912
90.83749
9.42532
14.76446
16.88596
43.13404
48.40174
75.55854
20.69080
59.50423
36.24439
74.50995
3.12244
16.80828
53.43872
52.70989
57.10169
3.16592
43.17891
84.05194
36.80564
54.53102
16.95132
75.91647
70.20871
21.82252
84.51374
23.08555
77.23419
55.01265
56.67210
50.52660
97.30360
44.01341
98.76611
28.79471
80.40560
93.71856
69.45018
23.98493
44.38958
7.40783
1.34762
8.16874
45.28293
8.12320
4.77320
40.21720
18.71099
89.52755
22.61590
4.72841
41.38542
92.55221
45.84092
98.74363
26.74713
93.59590
61.82660
47.82286
23.45420
29.82521
25.41559
34.81172
35.75176
34.32742
13.50328
41.42694
13.91550
76.94742
17.12975
11.81821
49.29196
76.21862
16.30922
16.47747
62.43386
76.68302
86.69076
41.69280
99.30321
11.38314
34.44363
39.40770
98.57777
86.36518
76.67647
5.29355
29.08074
12.66247
23.40329
31.81287
55.06595
43.59988
49.31072
12.51024
16.47327
24.19095
85.57209
60.22276
39.88876
77.27874
67.60096
80.59825
93.06847
19.51839
19.47795
55.34771
55.80079
54.37313
81.07924
9.09381
88.75547
67.88112
60.78472
56.00242
78.99504
87.14246
14.92956
72.07727
30.84808
65.46080
78.95075
65.87198
74.75565
88.18911
55.03925
52.68340
32.47878
71.91520
82.15084
1.75368
81.69503
32.42228
70.58805
96.36856
48.34392
80.68586
21.17364
53.31019
73.97047
65.93305
13.77882
44.96805
27.57402
53.27631
76.91887
2.83501
82.47711
17.83015
71.98083
85.46822
11.92212
78.75668
38.63655
28.48168
32.08542
53.31896
24.44566
47.18572
25.58561
25.50670
0.47013
67.11957
64.56282
84.97702
30.90418
53.20026
55.19792
2.59276
30.37483
64.96795
68.79026
46.85999
96.13067
69.33554
73.74564
76.71076
10.51101
10.76728
94.68613
21.82213
56.21399
41.33181
12.45164
39.88484
89.73838
24.48480
76.20468
20.61609
58.43799
4.47003
5.02711
82.07022
39.25531
12.24159
8.19303
52.45031
51.29717
25.12381
30.37606
79.17883
1.63119
14.64578
24.81641
33.21676
17.70719
33.39510
28.42116
51.39414
87.75529
53.66083
43.23096
42.49626
13.21410
8.55780
17.45498
91.95550
75.74915
44.59545
14.38833
31.57704
8.24562
80.55568
70.12647
90.65480
0.75670
15.58560
35.71264
85.82355
87.53310
88.23048
26.23650
11.16312
99.83690
31.62908
45.30408
15.97627
45.62247
25.52946
18.90579
22.48099
57.31594
45.94545
30.21644
30.75169
20.59194
97.75225
90.11122
12.02782
89.96239
33.12581
46.07499
71.53924
54.77023
23.17072
43.80909
34.87370
55.72923
36.95868
24.38686
47.42295
96.95455
50.37205
25.04645
81.79159
27.41118
37.78487
0.03661
37.87556
30.72147
18.72040
65.73713
79.17515
22.85463
16.28802
71.71399
13.23936
54.97575
55.81436
65.58070
67.62170
84.71084
64.62331
17.82222
32.97251
9.41459
83.14621
29.73186
26.47561
25.21125
21.63729
74.85450
19.35700
52.16943
0.74963
81.48784
72.37354
2.49585
10.72457
73.20055
0.89562
70.95333
76.63190
75.44326
90.66224
69.96599
89.33303
83.62221
69.31123
57.12453
89.35157
92.05862
89.83263
24.86046
4.24970
95.59805
96.52144
40.83255
10.54080
15.10713
40.46432
74.87438
88.62391
94.23228
32.98480
18.78289
16.33430
72.69159
34.97826
86.76256
58.27934
96.68341
56.88125
52.28358
23.70612
92.66610
83.24891
26.54325
53.39390
74.70697
12.96213
90.45605
21.87464
15.17941
28.93482
31.12277
65.73679
53.77282
92.80161
12.02458
28.06443
92.05932
1.75945
96.34404
18.48766
12.64576
64.59586
96.76646
75.14056
75.29417
28.94565
31.48748
88.06173
85.71233
32.60682
92.09275
48.96193
73.78730
90.50081
23.87982
12.80963
71.86480
17.79361
33.87529
21.60448
77.59818
20.25261
55.79178
82.94651
22.09543
3.35022
88.63483
84.08033
99.24290
50.73881
78.21547
6.54758
21.78343
19.90786
87.18874
42.11187
80.15354
36.45797
46.04945
44.09015
55.58318
75.27185
90.68769
74.61374
6.79640
72.54491
99.87447
77.17466
80.55543
71.30187
59.39397
25.38752
18.90714
74.41477
93.64082
59.89694
84.89857
50.59638
37.35642
31.30006
95.60892
82.77709
36.53594
65.06146
46.78891
17.58368
56.51938
70.06715
56.93541
46.85585
23.99230
97.86483
64.25627
52.29700
92.90341
86.31593
18.34885
87.49415
79.65195
36.59698
47.73531
50.91139
56.57897
41.30498
84.20575
15.62441
34.55642
92.07995
44.02936
34.63954
47.55116
98.18372
61.61145
47.86132
10.91274
59.39323
8.82583
48.58787
57.36734
58.31199
18.61146
25.30247
49.18437
26.11010
41.95345
50.15315
88.01208
21.55929
88.95099
4.90712
10.03274
86.28389
5.24070
89.31415
97.37406
46.06205
37.47901
74.55655
99.26576
29.02421
83.53115
64.03402
31.65179
24.79040
93.05894
74.35285
78.20623
82.84446
30.58304
65.77472
46.06058
12.46539
27.02368
52.56110
70.25343
29.08603
10.17738
16.00732
2.86705
46.25724
41.54992
59.61451
85.44761
62.79442
25.17813
86.65302
52.83899
6.70813
27.94958
85.41967
75.36853
72.68151
33.12628
28.15365
80.07509
24.52363
52.92163
80.40218
96.36663
27.97555
76.73496
13.57500
11.04637
13.16818
17.27400
11.89794
14.08504
57.66758
26.46836
81.86423
44.22742
62.41545
65.05275
11.09729
98.20592
62.53999
97.30656
77.59115
74.47822
31.82011
81.40647
42.68749
23.81182
87.21282
8.84291
14.65668
42.60661
32.94723
65.77655
20.20282
23.77123
69.48765
29.02769
0.74101
48.90316
54.23812
8.13152
43.14264
22.89967
93.90251
39.22529
64.47598
28.78639
78.43557
47.04114
6.22037
40.46119
97.64091
46.14107
54.64084
67.37089
0.14138
69.91041
13.12185
63.37598
45.14411
10.21876
34.44766
79.24501
57.51114
15.65589
49.20289
32.59956
65.79822
36.50277
22.40691
14.35163
72.24410
46.88001
13.57068
0.72009
52.50179
60.30633
95.53358
33.20065
50.75915
76.89612
48.30143
13.90920
98.45269
75.64558
55.80211
13.21070
19.31562
69.08603
32.09572
56.82144
76.35983
91.54443
27.86184
75.42993
18.40906
81.12946
47.84426
96.46639
54.71780
18.67918
1.84219
38.08957
3.22155
53.56657
23.85587
52.82391
95.78717
11.81599
80.90895
26.43201
8.05932
82.63982
3.15146
79.51618
44.09815
86.50726
61.24762
78.68651
51.23855
11.18551
4.89437
26.99703
60.46417
65.25513
93.75464
92.11306
54.89385
26.87966
37.12538
20.44336
75.85358
50.53301
47.88169
55.05303
85.28189
79.43629
96.16853
4.06801
49.55880
16.82093
95.97162
99.62968
83.25699
37.84444
48.54462
73.07850
10.24769
44.76662
80.83033
20.16995
22.62101
77.03002
69.87742
21.93130
68.01655
38.42341
46.27211
10.99207
38.79627
50.38214
20.38812
34.54445
91.15347
49.20050
81.12600
1.64977
49.84389
90.64382
22.32979
73.78997
59.75240
94.28798
94.16196
60.41132
30.56290
59.98584
72.28077
5.30846
6.54066
11.69300
29.48660
4.18667
11.09025
64.36366
35.37098
76.19552
33.03642
83.47192
23.57435
38.75263
3.13160
1.70003
26.24572
12.18240
85.59835
19.64058
0.46771
7.23476
84.51016
25.59057
56.44702
68.29503
49.77701
31.98928
71.22277
47.92994
43.29050
22.72281
98.95793
74.11554
92.84068
88.21511
51.33689
99.15257
82.11118
99.59879
49.97373
3.40605
3.10542
83.17851
40.62214
27.63544
57.48411
20.76895
29.93424
89.39255
52.00861
31.50932
88.49470
26.99085
81.25399
21.31633
44.31480
38.24412
66.62797
17.20026
67.78374
74.67234
96.31344
45.45266
43.64426
85.57428
64.10070
57.28477
41.47826
75.19105
40.71939
28.13285
63.56536
70.45442
72.87620
66.10020
46.45432
97.79973
72.42117
11.50104
85.27472
90.26167
41.59623
28.17859
37.79162
91.63356
19.58247
25.60636
75.17092
29.41667
90.14953
44.19998
78.75557
84.87838
91.19209
99.70768
35.14752
95.64981
14.80540
28.34090
89.08985
3.67003
62.12546
80.14746
60.30873
16.72454
71.14465
8.33951
75.31542
21.85669
66.97585
9.67687
23.40239
29.42671
81.59731
3.59960
79.72524
35.28743
50.78730
16.69050
6.27155
62.06689
61.25231
29.59216
99.88831
21.82279
0.60032
68.83872
52.75798
63.54658
90.69609
71.88243
84.40904
33.33694
7.49718
89.59842
83.50238
87.56958
43.22499
92.13777
90.57049
1.34900
61.35449
59.43043
86.54484
81.23746
59.82603
26.53651
7.00110
40.96477
34.34530
70.78756
92.41529
64.66647
75.18585
72.81762
45.90709
51.28667
93.37263
2.76379
63.26380
63.20089
38.49683
69.66485
5.81589
21.81715
4.58279
51.37304
68.17958
65.55054
16.58566
41.14867
75.01827
73.24052
42.46991
86.09230
41.08900
97.59210
46.51330
21.08435
4.65772
9.14113
81.46458
47.13645
63.22610
54.46868
18.90660
34.38733
45.19888
83.67582
88.19763
78.44619
46.40433
67.46558
0.04167
67.49744
50.49465
37.27938
53.76153
4.54292
94.16174
28.82571
20.48018
73.21091
38.18111
46.36975
81.26298
44.15591
34.32083
89.38035
33.46761
93.33393
56.26296
59.45307
54.72248
90.71520
55.30973
65.04097
32.30270
69.27455
97.69960
54.72906
78.83221
23.31948
5.23961
14.72712
78.06524
82.70756
16.73957
36.65196
26.96675
24.46214
0.31077
14.08813
7.14287
81.99265
97.82507
79.12834
82.49859
78.33273
57.50150
74.24121
21.97188
83.40128
25.50655
47.22269
96.27827
60.53288
93.92803
29.67198
82.06090
94.04882
3.76860
82.67460
9.09952
21.93891
29.86211
43.97480
16.93386
20.28775
31.95282
7.33153
96.81209
13.33538
53.49591
48.65588
13.24674
47.53832
50.82691
49.91495
56.30820
83.31921
17.90667
53.69960
34.40446
38.33089
37.01965
69.54732
97.60312
28.88010
42.86167
66.51129
60.23666
37.06383
46.28312
5.63849
66.80324
1.12277
35.69744
84.16728
49.64373
19.23319
33.44189
92.98898
92.38174
71.28384
91.72597
58.79051
67.42918
13.49212
13.96846
1.03100
21.57481
85.42549
23.84653
68.87759
58.57707
61.37075
62.96691
44.98986
35.90725
38.11886
73.86029
10.24505
22.66612
55.06351
36.47198
51.35981
9.22802
27.62402
12.85058
47.22183
50.54293
62.51924
72.80459
6.70099
99.89712
42.22489
5.19018
90.66292
33.65325
1.26582
51.71089
82.43851
23.02330
38.39023
31.21223
2.60015
1.11206
36.30873
19.89425
43.45013
9.88979
8.73431
15.93586
2.13713
61.48795
55.97206
57.54155
31.50355
67.38138
21.69787
47.85503
90.89826
13.75596
60.21835
3.03075
4.44862
4.85974
15.81617
93.03584
76.11249
36.81195
33.67473
90.66103
25.72801
66.45774
48.97455
39.53550
98.80036
17.09767
57.02680
84.04568
85.37411
81.15141
67.64968
11.82705
0.88113
75.40856
23.22405
23.13811
12.89233
7.97899
62.03926
69.73312
73.05502
84.70405
63.27114
69.13156
54.64848
91.38109
45.35128
71.65746
40.24785
98.72129
50.09682
17.41205
64.09255
89.42476
44.12944
4.18409
93.92612
60.23109
39.81985
54.02263
3.20304
86.51193
47.60221
8.31723
94.70474
82.09050
6.84088
32.65228
61.46959
2.33655
8.48263
17.60510
96.12158
83.91232
44.99783
16.29734
58.44023
25.86545
73.08556
8.64101
90.95468
69.11247
89.52564
53.52250
71.91436
9.81729
21.34722
55.16973
3.41366
8.16218
53.38953
23.04492
94.65647
33.37984
90.24797
1.21500
13.94176
58.09858
28.12357
28.76307
61.19073
24.59234
44.50015
61.46048
57.43661
42.23537
47.52954
63.99831
19.28570
55.66042
35.15995
90.63308
1.60122
55.15753
98.14875
17.86898
12.29837
9.24927
37.88905
36.08820
15.23300
97.19523
13.53311
40.55446
18.28872
3.12857
9.13105
82.34652
77.31507
29.56573
18.64011
18.14489
67.30852
79.41284
22.94233
21.99038
39.26476
10.44001
51.33723
19.78204
53.44315
31.69063
79.68200
29.17325
79.05122
9.61540
69.70306
48.20322
43.87863
70.98158
43.60699
77.80265
38.38893
41.35110
32.67688
72.00446
2.35015
60.77048
25.61676
9.63050
42.78866
3.99532
79.47464
37.74841
50.41794
76.29244
94.16043
92.76396
60.93966
25.58175
77.91216
77.28527
29.00226
89.93044
35.01073
59.31154
46.18469
5.71377
89.75596
1.47891
71.84781
37.13026
52.70211
91.73020
97.28891
94.71020
2.17677
48.02631
47.07910
82.45212
36.82681
53.83486
82.01101
19.13904
32.04929
39.69079
38.63867
84.60553
59.24302
49.18939
53.13605
32.82446
93.53038
35.36543
65.93093
29.06383
52.11254
21.79471
39.49160
59.53702
95.80334
73.15821
99.94751
48.10187
77.22167
43.34485
97.95320
47.61697
98.51674
66.24945
8.26796
28.96234
90.03941
86.93804
3.42106
68.65872
88.43420
12.88957
4.64290
45.33032
42.77106
87.26490
13.44186
94.05394
92.03424
61.20786
51.04235
35.63449
1.76994
77.07575
11.13317
14.74693
64.22113
26.80794
94.05816
16.95505
17.80815
63.24906
85.14303
13.29640
63.01233
52.24806
36.25182
64.84960
81.68765
81.03196
70.30159
96.16762
39.77271
72.60173
7.95200
40.80962
4.24173
86.66282
97.13062
2.03922
61.15937
38.12306
90.02236
41.51412
53.68720
32.51741
49.62357
64.16228
71.83030
14.30855
79.89655
11.76566
45.56187
23.33480
36.06954
80.31086
51.13855
63.14433
75.79200
36.33497
84.47840
58.80560
43.59619
67.49875
2.56642
33.48962
37.07514
54.88520
36.20820
19.19852
50.24918
45.66147
42.47325
37.82108
35.51564
50.38213
73.14504
16.64621
47.25769
34.80841
54.69086
68.72042
10.76753
72.42636
34.89364
38.38976
3.18845
40.61714
75.05376
12.50125
97.36408
64.62498
81.23324
19.24268
42.69350
67.56801
30.74347
55.34833
12.90623
70.79360
64.97213
23.43667
70.69609
89.86189
89.12689
14.95750
49.30847
33.67704
80.84891
15.58576
31.43031
15.84203
63.28722
79.73028
58.49100
37.96134
67.02893
30.65857
46.03229
73.52445
31.39356
67.18926
20.90164
28.70411
2.15569
88.57630
28.69379
59.26439
75.69946
65.61284
22.22914
3.44330
62.98498
58.76649
18.86461
61.87696
63.98653
18.41026
66.88719
74.87264
23.70543
93.96939
73.01907
80.32516
91.53492
35.66271
65.80161
41.10599
75.22004
16.10041
21.07739
17.82858
66.72809
88.64577
24.20687
94.98531
56.47174
21.62714
34.79415
87.95178
49.97929
77.57272
93.87151
87.91354
7.03497
96.54261
79.91869
32.61860
8.63072
64.97787
61.30098
18.14123
98.98215
66.89284
70.19520
22.31711
61.63165
12.29396
43.45263
89.93402
54.98003
35.99603
59.92800
64.87297
63.39157
49.24290
52.95150
2.86251
38.40434
14.07379
14.86854
92.74032
61.11022
41.68411
92.11074
84.44638
4.13170
54.63464
69.50877
4.00225
86.48367
29.95514
80.41807
41.62226
1.26093
22.88103
74.20342
37.72741
86.61408
98.26934
76.99299
85.09616
43.88421
73.64741
26.81408
46.20514
92.78929
60.53353
45.12616
85.83349
22.16656
9.26191
92.35409
79.81064
21.81728
66.72695
7.43092
22.75728
24.31433
38.39450
59.03047
10.90115
73.83788
57.29551
77.17438
2.21221
12.63327
6.54347
1.91650
61.22654
55.98340
78.28528
8.41755
39.30160
39.37790
29.64085
34.93949
33.33243
49.52929
95.55115
80.95463
48.47883
89.70598
97.30348
99.17723
43.82902
97.49233
32.05067
85.36977
5.27759
46.31171
85.43478
70.18748
78.88847
55.71114
89.91005
90.26745
87.82579
4.89950
96.51874
13.54019
26.96965
81.04567
87.86101
45.08014
83.98198
54.48704
38.18164
17.37475
74.76336
66.37170
23.08672
90.98008
2.14186
23.14529
13.25812
53.87149
78.32082
59.07896
35.05761
97.39867
81.06418
76.69499
58.37711
38.59821
49.11243
12.02245
80.79132
63.48985
33.31606
36.81506
12.69164
66.90732
30.73052
77.42792
35.80738
41.33218
32.29414
19.10591
58.67267
98.36516
9.52108
15.15500
97.32064
32.34704
90.36106
91.35970
46.13439
60.42749
73.16118
53.56715
13.72232
48.06626
91.08581
63.58007
60.49041
81.50773
76.30242
33.42876
12.63109
29.86672
12.51040
73.10361
16.04532
27.94134
47.77073
14.56788
61.01926
81.63656
17.63053
82.76637
81.40090
93.72906
77.73056
54.04735
31.02541
4.04569
46.65778
67.67124
1.29378
64.55453
29.16161
87.21555
85.37130
99.43115
25.07087
78.99931
73.48695
5.70591
75.33242
40.91239
67.45915
56.01987
48.94232
1.56154
45.93534
1.60276
26.83677
21.01059
84.40780
63.33373
80.96842
35.82717
2.07033
82.16805
85.75899
16.68001
47.62067
29.26324
54.59806
54.31704
78.71972
33.88491
50.18254
39.63091
33.00980
68.80867
89.42184
30.15412
35.69639
4.02042
79.50294
20.54954
42.93324
67.22074
61.40533
46.13410
89.28955
39.20263
32.09476
9.71661
24.23884
13.09630
46.51507
91.68017
32.03731
97.29055
26.28517
61.62133
2.41916
45.56777
0.47547
87.61980
85.40434
7.49021
38.86719
54.29584
21.37512
55.66222
54.25083
13.73354
98.11658
36.15235
38.83290
81.05242
26.39955
21.88675
37.42528
94.52246
63.53877
19.64726
38.88873
7.75665
45.09892
29.03235
79.98230
27.08074
12.56763
56.67797
92.70381
37.18526
94.09819
4.93946
72.10601
85.32367
67.30265
62.39787
41.11705
20.35446
23.13334
84.69098
48.36880
94.03121
19.05822
89.98125
36.77394
43.70188
60.70150
77.08089
10.89146
7.39894
31.89347
48.88938
67.53876
27.99271
52.07351
96.48567
91.30055
96.89551
58.59647
93.80915
31.08708
46.86039
78.78680
20.44066
67.56066
28.58919
56.26520
61.10808
55.67115
34.80416
91.07620
70.01146
96.75473
46.87996
12.01721
0.09892
2.69427
7.71700
31.01189
0.50840
70.53708
24.74491
10.84548
55.77994
7.06981
28.46541
75.53653
76.60209
51.45499
51.03118
80.67334
38.09698
60.28920
80.96971
52.24050
67.75797
93.55680
27.20181
15.33196
32.07304
57.50272
58.91048
34.09082
62.14540
78.12303
44.35422
51.72312
30.12765
85.86524
28.08486
46.90531
49.65595
29.52645
18.62625
68.46839
52.37248
47.48773
83.38323
64.39485
73.11018
82.38298
58.90778
77.85983
3.44934
25.69462
77.29603
84.69429
20.23148
51.62309
85.90885
60.45984
30.46159
93.88587
3.61268
7.20870
39.41596
60.60199
13.11131
73.63002
90.99729
64.71530
30.51395
26.80504
48.36430
97.92647
41.87092
33.18143
84.70631
67.61408
72.23930
20.16060
64.92539
12.78575
16.37597
80.66631
61.34502
91.25910
33.43500
80.76761
58.77004
14.41263
85.98751
69.31783
44.80206
74.67742
77.55777
45.78970
46.69183
74.01810
65.09104
48.08830
32.34861
9.58487
54.91833
41.90636
56.66213
36.07303
26.06586
15.07714
72.51883
45.67405
77.42786
47.57601
75.22165
96.74790
18.81209
4.64899
23.51850
42.02950
87.83812
38.29559
86.22531
33.33314
40.32574
62.21695
78.87848
32.15134
83.91409
71.68747
60.16330
17.91248
54.23954
93.84830
2.96976
97.12352
15.02105
52.80533
82.71590
92.45889
10.36355
93.25277
31.30882
72.28883
50.36713
22.16580
23.72378
53.72171
31.87859
77.10679
95.62493
50.09309
86.06255
30.14686
72.70096
32.75768
30.82349
47.41917
31.42857
96.86866
16.47149
76.06945
14.08982
99.09904
47.33228
17.89215
50.09106
74.51939
21.75625
45.91625
20.16841
29.50991
26.55186
1.68711
6.71356
57.67355
17.30413
80.37995
18.65338
39.91006
77.11910
8.02865
94.86725
58.90351
5.78792
2.20771
15.83355
10.50218
28.20054
50.43776
68.91264
57.48841
61.42381
3.43352
98.55946
0.27016
71.59421
65.32672
51.20690
41.99363
29.08238
13.60736
47.21641
48.66912
90.85024
37.66518
88.54889
73.13957
75.47557
87.88294
27.18818
98.88652
1.09779
8.40149
3.14715
81.42354
3.03297
95.30595
10.54365
51.09177
79.13760
90.49317
55.66195
61.28755
56.10322
43.41392
40.05029
30.15623
89.17832
15.64739
77.07092
10.01549
6.84194
79.43514
7.19141
18.93973
99.95569
16.21738
10.74058
76.56847
77.00027
39.54236
39.35737
80.23718
61.59023
42.62465
82.56627
25.77031
8.36861
17.01047
83.98309
77.31363
17.04124
26.87853
99.42323
6.45194
2.28100
20.98830
32.78175
85.32090
62.32111
71.81085
18.10605
84.86824
5.88160
33.70930
93.56863
37.13749
52.23494
58.88334
27.29221
29.67473
30.99462
54.77793
78.57749
33.16071
60.80732
42.32101
68.33293
92.17976
18.22420
44.02364
18.81007
73.31942
61.38966
9.64226
60.76257
44.34771
23.94132
81.38452
88.22011
19.58110
71.37814
32.74242
25.62081
25.60354
8.11673
72.42805
82.29465
87.99022
0.78292
34.96560
3.10339
3.26190
9.51552
40.64084
97.12755
19.15394
94.58765
16.96104
57.53246
53.54111
99.51370
54.87921
47.50336
63.87324
49.69237
42.88369
4.08969
62.42985
7.81508
79.37557
47.79373
15.21513
65.37470
43.39969
23.58971
40.89942
29.76052
18.62304
24.48141
58.02388
97.12223
80.21127
71.08743
99.55690
53.97209
41.04321
32.05307
61.00910
85.82989
79.16595
17.71148
4.03106
5.32634
4.30221
38.55345
47.45474
23.81923
46.31941
6.17959
70.66904
35.15074
22.93180
53.63029
26.10580
43.46732
13.03251
65.23198
42.94136
15.13084
42.10273
95.56329
86.44951
71.91430
46.40068
3.86608
59.61427
63.80120
66.20928
14.32519
8.34988
30.95135
26.67491
20.25646
76.88011
96.99545
1.05230
69.05174
39.80688
13.59008
77.01868
17.50714
67.73332
56.30623
68.51066
64.78772
81.43011
61.90985
65.39225
47.03799
88.25412
85.93615
28.61565
26.87923
32.43442
96.12483
9.71236
72.85782
33.98854
98.26862
31.79417
62.45053
93.80720
54.67088
13.05157
22.98604
93.17672
41.21443
49.33055
38.05496
21.53631
20.23178
0.63420
73.39709
63.36461
11.56376
68.10648
26.08636
34.29021
92.92056
53.54471
8.15385
80.35813
51.49241
49.79361
64.31098
80.73389
45.20248
61.73188
64.67356
68.01934
68.17371
98.86007
50.87315
36.41047
38.97073
82.61599
43.40077
56.00801
23.82960
6.72820
69.71886
96.12125
16.29527
91.93771
2.52638
46.59367
97.68673
81.30553
40.68370
27.30541
95.18258
61.40564
96.09568
31.80188
21.24020
4.17188
18.94380
96.14233
27.80721
73.57077
64.90219
34.60777
48.49065
75.82336
27.22962
88.25025
42.46548
31.92631
67.13808
11.57556
71.32235
7.59166
7.54261
68.26547
18.14903
4.39145
65.95804
31.18158
99.11906
42.99294
12.23338
18.73766
64.57199
62.66349
79.00113
81.29467
64.22926
85.21423
47.22177
89.86023
33.82563
21.79300
3.41975
61.14212
7.96313
52.04858
30.91487
67.25503
5.06113
33.75922
10.90264
81.40553
43.82222
31.24161
54.91396
31.41657
33.08257
63.13012
74.55447
91.63697
97.58749
96.02666
71.51785
72.21233
80.83601
6.20230
39.96066
62.56574
13.52354
18.25673
28.96976
89.22980
64.09137
95.07180
54.68302
11.73466
17.76692
50.07210
56.22567
22.13982
8.28872
85.73985
70.43909
95.10469
5.41676
14.82261
33.77806
51.69115
20.51991
84.98304
77.00080
89.46299
14.66843
9.25956
15.53431
11.09200
94.22671
50.70837
34.91113
24.20908
94.39188
37.94524
98.99243
59.25015
17.41763
49.40439
84.88260
66.13590
49.62220
58.91459
94.43504
96.69882
76.54553
29.57494
3.00039
35.01107
25.84013
84.33536
70.98981
14.96742
72.44927
40.58973
21.23699
75.84742
51.83792
73.00320
85.34802
47.73386
63.29365
86.70368
8.81553
81.13731
32.03120
17.45691
53.14865
64.99916
27.86933
7.40686
77.41209
30.79906
10.77663
37.76169
87.10468
7.86328
9.96576
68.12711
13.60642
7.17888
61.37281
74.41808
80.12356
16.45054
53.60136
93.70601
82.04015
54.92679
33.91672
6.24134
46.87326
94.72655
4.39481
58.41961
37.65042
81.34290
23.27261
11.36016
86.15980
21.09856
61.34009
38.09995
45.88288
33.30113
71.33327
97.09222
64.37371
91.76331
50.66963
32.75596
86.59588
69.29014
33.07746
65.31877
78.57908
5.35094
56.00934
33.29315
83.87589
11.94617
50.35257
5.11765
53.04334
30.03126
51.88604
15.40802
26.19932
33.69960
3.35740
91.38705
9.33336
51.61026
47.05530
37.92448
57.87744
6.09318
36.47736
8.12146
6.18922
92.73680
91.32742
21.22703
5.90302
9.71090
43.41883
37.16161
87.85043
88.44268
18.08405
28.84740
1.02971
68.06710
64.87881
83.57993
2.53961
53.83077
81.79249
54.31060
37.08435
94.69032
37.33522
55.25752
78.55745
29.73778
82.78740
94.74228
95.75402
28.63816
85.97111
90.75457
78.47243
5.86814
14.67299
53.11839
82.96002
36.22090
25.19403
1.27857
90.49293
15.31760
25.87362
88.14266
37.25962
82.73670
31.74444
43.12862
85.66126
28.68211
42.05697
43.85734
7.79613
75.35443
37.71202
70.98169
74.21660
29.83346
99.41794
44.98895
36.25501
53.43775
78.40387
76.99078
48.64120
94.18013
90.52498
76.01633
51.37886
22.77440
71.54721
24.91962
7.19597
34.55491
11.11050
39.89548
85.97417
0.88704
59.66251
26.22744
13.36828
91.60253
36.08718
31.91274
55.58302
15.60610
87.24724
2.36326
52.11003
29.91034
69.70014
5.28927
0.26603
62.70894
48.42396
21.29775
22.04530
10.87190
60.19744
85.49903
5.69905
75.94768
72.49898
47.02902
77.55619
42.27441
97.00436
28.59321
28.12256
93.38088
56.33075
87.47725
64.30617
82.95311
71.68210
92.16449
43.00262
25.61392
39.23940
51.41541
80.92184
25.31928
27.06276
12.44012
34.05762
15.15747
69.64859
81.54254
54.60981
65.17766
67.61897
93.21490
71.46011
25.04774
84.92882
45.21664
58.03305
87.73732
66.76342
81.86435
32.96979
0.86616
25.03231
75.89871
0.27685
71.57689
59.91003
72.20624
1.65135
65.29132
37.13393
48.18367
45.61167
2.99192
63.48209
48.85315
96.05381
75.53655
29.26701
60.29983
60.89398
69.17447
30.19399
78.28763
44.41256
22.72114
91.29324
94.90473
22.42652
57.98624
51.11166
59.24819
14.44923
19.83119
46.80070
31.38772
83.74780
13.03696
48.24461
18.76028
73.27291
34.64179
64.82271
39.74665
9.80607
45.78717
42.61981
71.25389
68.19765
85.44398
9.34361
47.78995
97.97470
58.05055
4.09473
20.34138
70.48763
22.50606
90.10526
7.56846
34.13748
59.10121
85.47768
84.21733
58.36204
17.48256
83.31118
69.37311
43.80448
37.79296
20.49003
54.41295
41.85742
15.97456
64.64797
1.96839
0.13491
95.39652
18.82066
46.26839
86.75586
56.30371
18.79502
31.37490
13.56918
36.01616
21.20772
9.54206
71.19659
91.66505
70.58235
15.50256
85.78078
98.90052
19.38276
98.62301
80.99120
41.93721
64.57364
62.91340
83.96025
81.23478
41.29241
68.29657
54.12527
60.41610
2.92593
39.27974
31.18265
4.68366
7.36020
21.58255
31.54205
31.92612
12.68466
49.54008
25.94295
93.31392
47.28021
30.60119
71.81460
48.36708
3.90448
74.11049
58.44595
9.72087
60.60632
97.18688
61.33057
51.02118
4.40261
36.62773
8.72571
66.25269
32.42255
82.94425
11.68167
77.07033
63.36024
76.25922
95.89753
13.15267
22.09746
57.40961
42.83107
5.70992
10.83636
23.80861
79.27775
41.07236
67.79482
76.24808
29.25973
88.84715
87.09857
24.64674
15.81617
33.16563
42.55760
95.57104
25.70828
64.71084
67.28773
4.72435
95.82476
19.87369
65.24582
21.30098
69.02170
30.17812
17.32347
57.25600
26.22799
71.39867
60.01926
52.49976
97.74370
52.17621
92.60208
99.36485
29.47508
91.20017
98.42775
1.27005
19.79691
17.06998
23.87034
47.07072
84.74395
76.53026
38.34334
47.92095
19.75595
13.86279
30.90556
48.55475
5.72407
67.40122
76.48271
50.84152
90.64340
74.08013
75.38482
73.39208
29.52687
92.03815
24.92993
87.18166
2.29078
3.06930
1.82588
64.32468
98.64079
3.54200
14.39923
75.91945
3.74046
10.90618
64.41843
25.53303
85.46920
84.83818
21.15960
59.32898
60.03816
3.64647
49.43892
47.45090
61.55863
37.54436
43.08941
24.85224
93.45446
53.36032
52.47770
27.63426
4.30341
26.04863
21.61812
93.34863
32.37387
87.97687
79.98869
63.77975
30.12797
81.37845
27.98889
53.66900
87.87567
78.46532
17.15851
45.81241
78.54158
37.14707
18.34686
58.45902
23.62674
94.05412
30.52363
73.20208
83.85802
58.39229
29.80429
1.16406
80.66446
53.28180
96.56566
61.33654
42.20444
12.34533
19.51175
15.58090
83.81052
95.52124
74.64231
2.99619
8.65431
44.90340
15.17566
5.48558
40.74112
97.30723
20.58753
64.27714
38.29416
87.62591
21.67929
6.54010
15.27025
41.75975
71.30537
0.02862
21.17805
47.65197
0.99495
33.82939
79.55671
73.24446
90.78495
31.15898
42.73557
70.43249
27.81655
19.42624
5.60072
53.92164
52.00921
75.43065
30.28988
65.98458
38.96151
14.96071
82.05829
50.07699
67.70156
42.62566
47.18858
28.55374
49.18801
42.46652
64.48259
9.95362
57.90536
18.07834
1.43328
39.42232
59.30212
7.41699
13.44056
8.96566
80.83203
4.27186
31.02505
71.92356
61.20706
9.84989
63.19965
37.21456
75.27911
20.71261
17.51296
4.97417
74.55365
30.44860
21.87277
86.77279
21.53451
5.86775
49.62634
25.93262
97.75769
25.55852
57.65743
46.27822
84.01391
83.27820
47.20498
3.38661
85.07758
64.47843
1.50782
23.68652
42.86867
7.95230
8.17117
21.13176
38.21712
76.72338
6.19431
35.84428
8.52443
70.02252
81.36997
88.13246
40.59445
62.50494
33.79816
71.89060
43.71981
54.89618
36.41445
98.03746
36.31897
30.73999
79.95972
54.98873
26.13601
21.91406
34.12624
70.00956
88.87548
98.70034
32.40159
55.74930
19.20525
10.96055
55.56685
37.60488
99.31343
51.21351
32.70657
25.99429
28.98775
70.31189
38.45593
7.05246
65.00795
83.37287
83.55067
23.60713
57.53280
3.10921
45.97058
5.33800
91.66652
26.87503
30.89241
63.81749
80.54344
68.03496
71.83303
58.90889
64.58850
69.10244
8.57405
66.58909
94.42068
78.26577
87.58428
42.15772
85.98588
51.32046
56.03824
96.76250
63.61841
62.28799
70.83956
52.73504
48.09528
40.86511
15.78432
11.60528
61.27212
87.55040
74.34624
20.81129
23.72306
74.16242
43.16145
42.69580
88.08447
33.43411
72.52014
11.67090
53.74582
15.82563
39.47382
78.80747
50.29296
39.74114
99.40350
81.92922
41.89831
73.81409
46.73485
68.24108
7.22574
27.74959
52.19694
75.67630
39.35881
57.70622
68.42631
60.09617
96.13777
89.02273
87.66466
97.28225
48.38892
58.09084
39.14329
65.45085
14.08070
5.26456
2.68025
84.75117
55.32621
96.73416
93.18891
49.25925
15.03974
46.81070
70.21657
20.93102
27.26453
8.70591
26.99240
96.79341
41.06335
16.41010
7.17259
91.33534
35.46659
19.95572
21.61673
30.31567
77.98570
79.87466
44.83467
88.58769
26.13023
1.54171
34.31571
76.64745
15.73195
19.85838
11.24659
80.96593
52.00656
38.75608
92.18979
3.55516
93.62266
36.89656
90.89827
44.34004
9.22133
17.44665
68.59960
88.08386
2.83488
65.23559
86.93844
48.33381
32.67927
59.57593
79.70509
74.05370
92.74666
32.00618
62.40278
85.16996
73.14837
80.95611
70.71253
61.82287
76.34357
23.06340
54.34232
22.01027
87.40131
47.68509
67.25829
23.70189
23.53762
20.33645
0.32200
56.63168
4.70082
40.53001
68.11458
25.40942
46.00983
87.74239
17.42367
33.19839
21.60146
25.15899
42.79853
79.68353
18.94744
95.14477
62.58711
86.97521
25.83322
76.93285
82.72763
53.38851
79.20548
87.26382
0.41648
68.80654
89.09031
96.68436
25.81142
28.07634
35.38451
66.10922
51.84793
26.79960
30.91996
72.27165
25.74656
51.42335
71.94610
77.99222
71.90604
89.79831
68.06655
28.62776
52.20651
96.23658
81.54278
29.31463
66.66310
19.91351
87.93314
31.67016
13.78284
49.84191
74.83880
27.55831
99.26698
97.72945
45.60883
30.21439
92.74832
89.69387
34.92781
67.14448
52.65393
51.54831
72.88496
28.85501
33.93664
98.49358
17.17361
78.42073
58.46157
5.52592
63.71956
85.72869
14.38947
16.52228
40.13528
98.02404
14.06327
32.18988
3.41819
77.62274
61.55554
51.32217
42.13308
88.47162
63.01897
32.67431
10.23916
95.84995
19.62602
28.27622
75.09203
68.62968
53.01947
23.47696
93.16353
5.94317
58.49552
2.69503
3.10233
9.88493
78.12100
73.93733
51.43016
64.35554
54.83786
76.56160
41.56361
44.55090
15.42361
64.96008
65.30239
41.44358
69.91749
33.55002
82.77744
5.75245
5.37121
33.48811
80.57296
89.95371
19.07555
3.85519
18.30728
79.89243
65.74001
87.17163
41.42709
92.67267
15.27210
78.06663
22.26972
73.57789
15.47496
20.32831
68.81540
8.65945
22.53486
61.35735
54.59030
39.91902
21.18102
76.10936
8.55901
56.22512
37.25573
21.30907
1.70875
66.31671
94.22577
20.17055
78.42849
28.99940
66.17944
15.93864
9.45910
44.80705
91.94815
1.44503
5.72778
32.46220
44.27437
58.10387
30.41133
80.08816
4.41651
29.72493
37.86302
49.03477
63.40741
6.56866
82.92490
98.79970
29.54613
51.48870
55.09902
2.54042
38.18844
32.25851
7.50631
98.05296
27.11614
22.56272
10.62087
20.91907
92.58057
93.40262
59.81961
23.94247
19.34217
38.38162
55.37034
33.17665
71.86599
12.44807
46.12026
99.39127
84.56457
95.16915
81.01718
11.12566
56.30980
82.71063
41.09861
20.74832
17.59943
67.87450
43.56557
49.95458
4.45421
55.11613
26.34850
13.79217
74.26552
87.92100
45.22070
38.60315
58.71289
25.48794
8.03869
63.84070
62.40582
79.73189
0.35265
20.33047
5.80183
14.30435
6.59820
35.72923
17.84375
74.24568
0.16565
13.87069
88.35632
27.26708
29.39093
12.02341
0.04598
55.39539
41.89218
90.34206
16.41517
71.06295
3.92312
92.11813
99.43729
68.41311
42.87388
11.90599
16.97498
36.91408
52.11233
36.45572
5.65460
14.40436
86.56742
64.91412
33.63330
33.27134
71.07130
91.18110
66.57691
14.57352
82.19904
57.15863
50.65780
70.80435
73.07359
26.41247
34.95460
72.70654
71.47542
40.60862
19.32529
22.64235
5.67102
25.54465
85.20512
52.64632
39.72575
60.64780
69.75362
73.91765
75.70399
22.49228
1.36696
57.49612
15.44062
55.07715
90.66078
69.41964
81.00255
68.45026
41.86124
9.25872
5.10991
34.17396
36.57005
7.27626
90.65040
12.13825
2.30626
19.12070
24.96189
89.67611
51.71985
69.01666
36.90965
46.92687
27.53803
5.82419
0.40838
26.96727
31.56506
7.01764
62.92827
31.27557
13.94622
87.65931
2.98674
13.88478
9.40073
9.30395
98.39197
48.35515
85.13855
22.22001
80.71619
29.83649
30.37927
8.19827
87.59107
54.70105
25.99676
70.03663
51.65040
71.37265
57.99829
92.28545
96.80689
19.57638
94.35977
71.01218
87.40186
48.88070
13.70620
28.75479
48.54053
58.93490
65.31151
64.86567
21.91998
78.85338
52.16493
91.02130
46.99136
15.97508
67.32552
59.38121
85.26152
34.94851
60.85287
24.99947
72.61756
64.62878
38.55748
6.38348
17.63684
64.29650
34.47114
79.62640
80.95023
78.90581
24.68243
46.27722
95.52731
86.88947
45.52760
8.22415
27.51387
45.48593
95.47656
42.42605
68.81780
6.37962
62.92901
89.65851
11.21714
82.63549
78.59861
15.94353
16.85711
25.42582
75.59256
89.03879
0.04682
34.88821
60.38024
25.12475
66.33572
26.60808
62.80790
16.96727
12.48488
7.81915
56.51678
11.12777
12.47964
96.49668
60.08975
47.99210
43.97210
60.35538
52.16470
71.06634
10.91276
24.29178
37.27187
24.21704
11.52887
3.69865
71.41737
17.62523
3.99540
14.25412
2.90319
12.94382
32.25720
63.63629
68.20530
77.43414
81.21408
78.16810
44.95402
47.47190
32.82327
76.44759
53.85161
84.23915
68.38672
62.83165
99.42226
25.03263
70.71695
81.32689
61.42444
39.40860
10.16215
67.84894
52.56188
73.40103
91.63775
66.72211
1.93387
52.18667
98.93552
32.75065
34.72460
7.33473
32.99081
37.37685
1.80857
70.74815
43.18587
97.38729
88.35460
6.51027
48.81175
42.95150
10.28854
48.34177
66.82274
3.65159
90.06799
12.03047
28.02691
8.93389
42.33670
34.32039
54.80028
79.00009
29.69296
73.15793
73.31874
43.25404
55.10118
17.40002
97.36303
97.75423
58.97465
11.69961
5.92697
11.56386
33.07656
44.18868
79.65320
85.12234
60.01930
79.91045
75.27525
67.34874
93.95450
92.43175
96.45165
9.32896
99.04373
60.35400
24.83617
33.82921
97.85612
96.59061
46.20826
50.67584
31.96205
33.81455
63.42847
35.13309
29.50867
22.23417
95.71530
91.72904
86.23095
49.74007
57.12675
23.07262
52.97518
28.41119
39.32700
95.87808
60.81035
23.95432
57.08201
48.87161
28.93196
32.23252
81.92254
67.03188
50.65871
51.06367
0.07192
47.84513
81.63655
0.32255
81.64557
58.12558
83.32019
64.27052
0.33814
72.81575
62.40312
69.05253
99.04830
92.62818
4.88624
86.98719
23.33081
64.12019
74.78115
4.23753
13.36446
21.09419
74.32110
12.07024
2.21918
23.58219
78.73190
17.80995
86.11633
25.31201
79.72985
68.42009
12.60454
2.73986
25.61442
83.13521
90.18278
73.30246
43.53994
0.35313
55.76903
42.03652
10.83670
83.57140
75.40228
29.66978
0.00831
0.32458
72.79934
67.18086
33.82764
0.75913
79.50229
69.00392
77.34474
18.65700
16.83167
52.05713
25.98617
31.44813
92.35571
9.04518
88.52977
8.15472
97.50234
83.80814
61.00818
2.18766
31.15455
57.93951
60.85013
4.26340
81.53091
68.14998
45.25171
40.19339
45.63821
31.50873
88.08606
72.65384
39.35865
52.14134
98.16716
54.66150
45.94822
1.18501
64.69420
67.72703
74.03512
9.95797
38.85353
20.93591
85.33452
14.86445
15.99260
93.83163
75.99838
88.90273
13.98172
70.43275
45.33908
89.51586
38.07750
78.45126
48.73303
85.99194
96.28264
90.76307
84.61738
85.09672
49.50518
69.38938
95.58051
55.78876
21.30910
36.62622
91.35685
26.11377
71.79547
70.10612
78.04906
78.89511
38.52382
43.25792
57.35359
32.73481
49.85017
39.94442
52.51896
49.22247
49.12498
89.93277
19.03579
52.74023
5.15337
41.19766
96.12894
40.46897
0.06079
20.24866
8.86669
75.58782
54.28114
47.95213
29.29750
50.40779
78.44682
85.76231
0.08135
5.95975
44.96409
32.01590
90.31138
31.37652
15.60253
74.73872
86.55890
31.96147
22.47025
53.94135
15.06227
15.00881
63.29494
92.92232
24.83552
54.38743
85.42370
55.03415
75.26144
35.83872
61.90643
16.67335
61.16959
18.73221
86.95595
80.65524
36.29849
60.76295
60.76131
95.52086
88.85879
67.04809
38.71664
28.77979
19.99816
59.63875
24.42553
29.76619
77.80169
23.25814
75.94109
2.47693
72.25097
23.79042
26.08678
94.12452
78.70137
11.87596
78.40759
65.52256
13.98271
30.72169
72.08536
12.86315
76.05962
50.49726
19.34207
86.34015
75.72322
70.49616
4.04575
70.24608
41.50582
23.42752
42.94062
61.82226
26.35141
58.09607
55.58611
30.02594
57.84603
17.07396
39.72586
36.11406
60.32214
42.75663
86.76329
54.79913
77.09436
6.10949
40.87233
48.33366
93.75039
64.89781
92.18994
24.82856
77.75298
92.67832
0.35397
40.38220
28.67264
26.24906
76.79380
31.85173
31.99240
52.92760
26.33530
69.71618
71.47082
48.25473
56.17870
89.14751
38.52947
48.77518
5.63294
38.53570
77.17539
64.14660
13.25763
25.93971
89.59472
79.26208
8.35690
56.33635
51.31124
45.51924
80.18739
54.38444
77.79518
29.48932
83.84246
80.70771
22.95057
45.66824
33.32922
14.04555
90.36368
49.55811
85.10771
70.74981
79.78919
51.72300
77.13571
51.19403
86.27157
88.11012
72.44739
75.48221
55.03309
53.29334
38.74629
85.29404
85.88165
74.62809
39.89551
47.09634
12.26456
65.37359
55.97603
39.08261
41.10384
81.74630
97.91369
34.11245
31.98923
50.97137
8.47998
36.37537
42.28231
99.01029
23.04472
74.26203
14.61733
43.86519
44.69400
91.81826
69.12638
4.35619
33.07467
41.68528
35.79173
48.35304
91.22534
21.34938
39.05176
17.52980
27.66322
12.79292
7.24205
95.74515
56.40410
51.27576
45.34583
63.45733
9.23662
41.60276
65.41411
30.71997
87.38047
58.86202
10.49135
97.55324
1.90838
7.89460
84.33940
62.88906
37.14855
40.92806
40.00290
11.12490
47.30088
46.52840
63.88735
34.24538
15.65861
14.88761
35.48083
16.32841
34.33676
98.79357
29.71658
75.07231
13.77837
79.80389
24.10352
75.21944
29.66285
33.47656
83.98996
10.01638
23.24517
6.26842
78.36912
99.54188
98.65947
72.08363
21.04497
70.60535
99.79231
44.03951
16.52113
5.90802
78.30260
25.07140
96.25092
43.23303
69.56397
88.96206
93.20675
95.09685
38.53780
94.95288
58.62253
15.78004
7.95281
69.37497
61.01993
53.87306
5.35291
92.94473
32.88241
74.71300
7.34432
72.89802
50.61514
24.32003
57.00387
8.67819
15.35978
60.69167
88.32608
73.07811
97.95796
99.68260
51.73222
95.11549
28.64927
89.10031
24.32204
71.67444
1.91177
18.26714
37.52612
39.06295
89.45145
83.02998
44.39672
18.45379
66.22014
40.40913
47.69983
58.89374
19.58305
6.66807
58.45360
20.40897
71.30558
84.67264
36.16107
75.86848
51.50972
31.09052
13.53626
98.00153
7.03332
37.11748
60.25868
8.35372
82.32228
66.92829
28.29186
75.92543
66.63407
75.94953
22.73094
78.10110
36.04146
50.48120
9.69382
37.52172
8.27577
39.79347
80.05122
13.89145
54.33205
15.68188
73.44269
12.54109
31.54406
89.11291
51.72388
47.29233
1.78160
15.80702
43.84851
20.45654
72.38500
12.63092
58.31482
98.89576
43.54484
25.05912
37.50860
48.95625
8.83932
91.35048
31.53751
3.98531
8.67175
13.85421
87.94219
34.23785
80.73827
17.55541
2.17141
83.36440
6.55386
69.04509
80.16350
34.99352
53.87438
83.58339
88.86389
66.89838
4.62556
42.69354
39.18638
14.58720
84.53540
61.51233
22.34019
18.44424
22.79205
46.27240
17.48695
80.47887
58.44203
2.48610
37.00884
33.43219
71.49869
78.77432
97.05023
61.58074
84.34651
56.32555
78.10173
64.55576
1.20376
83.67784
66.77028
58.47327
22.68734
8.93323
20.42469
62.71079
41.51964
7.60247
83.83353
47.44346
50.13461
40.78984
85.67232
73.16755
16.86435
13.67549
78.16860
32.40853
60.32590
45.42300
81.75417
15.37264
6.26504
66.25913
99.22016
80.19522
72.97784
51.48567
35.37485
17.27976
50.36523
7.12727
37.46257
65.84869
66.61705
0.49852
82.96273
75.09791
96.14083
7.31095
48.58887
28.15247
57.52447
65.43475
82.14211
47.06263
0.68994
95.99791
39.16910
16.84079
15.95651
53.86076
43.96866
83.13733
73.85530
37.87697
23.94503
26.05611
56.67644
50.56619
35.04541
16.60103
29.97337
67.13655
75.90224
88.41009
21.43576
94.76728
45.43231
92.29869
34.97557
62.11213
90.23881
60.92440
43.50238
44.21938
74.79456
16.99351
81.10091
76.41323
22.35792
26.55895
42.80616
48.24889
79.89652
19.36443
66.32737
86.29169
83.44881
60.38944
82.28385
55.21199
9.06310
0.07842
55.23754
31.04436
21.69042
14.04867
11.50333
75.55458
53.37632
52.81021
92.15284
43.01120
21.63569
58.45659
17.84280
47.18275
37.95299
3.24174
53.74963
60.17526
1.53097
47.94760
24.08652
38.46228
32.00330
32.27946
20.12719
78.19610
14.49447
56.27846
39.01307
68.59655
57.86350
45.10801
53.93639
42.94968
52.45781
96.50420
45.38058
48.06553
97.29994
71.95665
55.80604
29.25020
54.87277
37.14705
92.53564
68.17709
81.38244
43.84442
42.71234
63.45387
44.69168
65.57847
52.69059
35.87998
29.39377
28.31363
58.23793
11.65306
91.55071
46.23086
47.18912
70.96760
76.99048
54.77344
68.15417
79.81023
87.49271
48.42953
6.00661
71.90605
62.20364
44.02118
20.97239
56.64054
40.23398
16.42178
16.22425
43.44332
82.77239
56.39016
18.48824
32.44731
76.61566
12.68556
30.88787
67.85072
63.24151
80.59727
15.42556
5.02286
49.73463
8.40334
29.56082
5.51877
23.78096
32.35971
86.90284
98.20388
92.86407
2.49606
51.85589
0.72538
32.01374
32.93556
26.39630
55.26193
24.26619
1.15603
72.95568
28.68578
75.62938
94.25038
44.63050
58.54981
66.22326
88.10098
69.46068
9.44350
9.12770
58.55989
16.36079
92.88913
16.93492
84.07711
55.99689
61.87266
67.88683
60.65015
80.19290
3.22535
47.59170
69.80025
25.06633
89.49685
75.41261
9.60947
81.11573
69.16267
36.17635
4.79745
7.04529
45.89822
12.02313
87.04080
7.85674
19.37033
47.49992
91.08056
20.67704
73.40785
1.70267
54.11554
38.32282
43.72142
94.37140
39.42305
0.72456
12.99410
93.59949
3.52924
74.92221
24.18636
83.97399
2.43259
47.38809
13.06181
64.76336
88.11629
9.18733
60.24382
32.74876
6.71147
95.98987
39.31458
49.18036
20.19377
66.40768
50.49693
77.58224
10.19041
27.31726
7.41269
4.41225
12.75036
11.45523
8.24302
90.63872
80.61226
94.30096
44.78920
36.26334
37.70631
27.90505
85.36649
93.84211
81.24336
7.37908
70.73632
99.93220
22.69379
2.58453
36.23858
91.62548
54.22640
83.90280
33.10429
26.18769
21.77604
2.57652
30.17525
40.90754
29.33907
66.51275
81.51989
54.15663
46.19041
38.54972
42.30996
76.21092
3.41867
72.93150
31.34513
89.09544
27.07273
54.09487
33.28528
20.17033
63.54788
74.44040
32.00511
30.63346
34.46533
89.97613
90.02805
69.32172
11.35004
72.86116
34.99935
80.52705
56.10770
81.08442
8.01914
2.66813
49.27519
28.48484
96.29829
84.08970
35.11318
91.31131
98.48666
55.71622
43.60571
53.18757
6.33870
96.33073
82.24040
63.75882
3.49002
47.87067
9.43313
8.93660
38.00251
40.60756
49.07163
79.37069
59.78864
92.27914
55.75404
42.37825
75.67959
89.18664
42.08469
62.95073
4.77801
21.68647
32.76312
38.07313
23.40632
9.41430
90.57642
68.15699
3.35173
57.02316
59.18602
73.68384
2.38197
57.95555
40.95676
32.35984
59.93669
22.78341
2.49655
8.03133
45.72240
13.28142
15.37000
93.71025
57.93443
59.86539
36.81658
96.00153
63.77327
92.36098
32.50929
31.30108
90.81533
34.56350
91.77123
54.66850
10.51255
37.24237
69.58327
72.09291
70.46732
78.83077
49.92832
38.27060
52.51104
19.71387
3.88501
82.37935
99.34015
90.67104
31.88784
98.07599
98.03779
59.68235
90.85949
56.59543
21.02823
55.10111
2.66244
22.11658
3.04754
49.74997
58.88168
88.99744
14.83249
23.04386
61.84469
54.39421
81.70151
22.20521
96.07651
9.12374
39.53097
55.84602
18.06758
87.90999
45.49993
29.07657
50.46329
65.43015
98.24547
86.44871
63.04336
70.10381
96.01694
68.77149
84.06216
86.83071
2.46163
41.67655
