Sample size N: 100
70.59628
6.81632
81.15465
16.27153
5.01135
54.05610
96.86164
89.74253
0.35357
78.11546
76.90284
8.71131
1.01603
8.24695
6.33074
6.74242
53.90391
75.86854
42.12752
76.56158
85.16830
5.26599
58.76342
50.59938
94.26697
44.67667
58.55141
29.91025
94.14188
41.46384
85.18563
54.54286
34.64926
96.49813
75.95114
74.13830
77.91235
19.15756
62.00954
61.08541
54.26750
60.79282
82.87415
28.13157
66.49895
75.82110
12.39049
12.67630
53.47737
39.52449
73.87135
62.88625
77.20764
35.39257
17.28471
77.27367
21.71356
87.98526
76.60840
9.16684
97.12457
28.83340
70.16362
48.81738
12.81032
28.04529
82.21781
85.24850
84.45926
44.88621
87.21818
0.35851
73.74484
23.63215
27.90197
88.90361
56.58967
83.60340
90.33987
48.24167
70.81798
34.76916
91.98088
23.44460
63.80528
99.09682
84.71860
68.47914
16.26626
44.15135
33.62721
99.98581
96.97903
21.53856
47.69802
91.86479
59.73035
49.34079
4.34554
42.30672
